1336573065904402432
1336348358231941120
1336348227004731392
1336294975252930560
1336051656778190848
1336049720268103680
1336049588667633664
1335986262336008192
1335593916322750464
1335593863105437696
1335593818406727680
1335593469641961472
1335593059225104384
1335592892329553920
1335592827305291776
1335592631561314304
1335591883184222208
1335581389660549120
1335581262103388160
1335550666438307840
1335296875101089792
1335295411553247232
1335193604214677504
1335193339650519040
1335193240836960512
1335193155956838400
1335193064688799488
1335192910585794560
1335118973378174976
1334880593595740160
1334880193505357824
1334879834187714560
1334800948699475968
1334800793342500864
1334800610596675584
1334755118344974336
1334755068592189440
1334709849528086528
1334036701115797504
1333844489660674048
1333844179198337024
1333844041990098944
1333712890067611648
1332949820408000512
1332949660529528832
1332949005781839872
1332948694765887488
1332948443187310592
1332947793506426880
1332947636580585472
1332947495756783616
1332947144358162432
1332947014997471232
1332946021689724928
1332945442380931072
1332712571363876864
1332712340232556288
1332711779227619328
1332711687972139008
1332711582745366528
1332710992061603840
1332710499503509504
1332710169227235328
1332583192478556160
1332219397121986560
1332173440384688128
1331899840993914880
1331612560588738560
1331584355626594304
1331582973234307072
1331582861573558272
1331541413692137472
1331541065334218752
1331538805359321088
1331538610726850560
1331538397878509568
1331538350143139840
1331536775378964480
1331500736547524608
1331500567198359552
1331251676607614976
1331221657470590976
1331220774045224960
1331220582961209088
1330914303201964032
1330888242930069504
1330815197393596416
1330813327619067904
1330813215559839488
1330812843684409088
1330630471152246784
1330214498091884288
1330085976673296384
1330044995378827264
1329907092099117056
1329906787466743808
1329906064674988032
1329905960081629184
1329905718091243520
1329905155723177984
1329904012083277824
1329903437090349056
1329726672661262336
1329716239644700672
1329715845707280384
1329715705902747648
1329714208154456064
1329714060229799936
1329642302596395008
1329637051592019968
1329502363267293184
1329501789079691264
1329500277427351552
1329454416638976000
1329367538518646784
1329366903173885952
1329365160717389824
1329364810388156416
1329364086761644032
1329363965382709248
1329360883949166592
1329326882127568896
1329274139883040768
1329077639898832896
1329047079382081536
1329046470100738048
1329046359681458176
1329046144471752704
1329046098032340992
1329045821866848512
1329045537811795968
1329003052968386560
1328999609692196864
1328999544852537088
1328999375155179520
1328642077295570944
1328238041329262592
1328194545595666432
1328186093729181696
1328036234179047424
1328027547335094272
1328026950460452864
1328009589930008576
1328007808793645056
1328005074380009472
1328002872559198208
1328002785841999872
1327913007343661056
1327875741363671040
1327874788178735104
1327731555956101120
1327235879912562688
1327235760546779136
1327190536743235584
1327190142969384960
1327190029714776064
1327186375083319296
1327185585048608768
1327185506468323328
1327177476062240768
1327177137749712896
1327175473445695488
1327175317384028160
1327174586564288512
1327174538623410176
1327173284429967360
1327097728309014528
1326743798307807232
1326738193182494720
1326101587870281728
1326021375354605568
1326019188415139840
1326012292568322048
1325916232479100928
1325915754873704448
1325741417516441600
1325556319722598400
1325499751018733568
1325396760039223296
1325194591650209792
1325194195095740416
1325078024639877120
1325077970004873216
1325047157271965696
1325046190837276672
1325019092265394176
1325016526819381248
1325009474600505088
1325009002875523072
1325008938996297728
1325008881173602304
1324970893144158208
1324935084932263936
1324924742365802496
1324562324842287104
1324058839675797504
1323673418714284032
1323672911807500288
1323672414442737664
1323672357920219136
1323672250894241792
1323672186834616320
1323672144191082496
1323122631231574016
1323122528336969728
1323120950787907584
1323113878306410496
1323113058282147840
1322650015626649600
1322646992498077696
1322482815091564288
1322433226049245184
1322390745546952704
1322187485162676224
1322187452568768512
1322113203648700416
1322110757593583616
1322103525535633408
1322032384305451008
1322032283197603840
1322025020869193728
1321927774249062400
1321922319720263680
1321916385195339776
1321815465874829312
1321815379619045376
1321814895248216064
1321784803478376448
1321784703377117184
1321784658024157184
1321760612012183552
1321758937360850944
1321758472250281984
1321750517136109568
1321750429638819840
1321750249829007360
1321750173094203392
1321750103531626496
1321503901854715904
1321502309852028928
1321502059187851264
1321501299477827584
1321307539812814848
1321306418339864576
1321306365755858944
1321301084137230336
1321105894621483008
1321105830226395136
1321073535650013184
1321073465819078912
1320938451781517312
1320840186234839040
1320839186098827264
1320838587852726272
1320744130868293632
1320743362316718080
1320743261988884480
1320743204111699968
1320743075648573440
1320742974687424512
1320742919591071488
1320742860975648768
1320710787325927424
1320710712482824192
1320710604311744512
1320710542856802304
1320666195612344320
1320666128499286016
1320584572967464960
1320580470493663232
1320576518301585408
1320449375387222016
1320409048441737216
1320408769403256832
1320408722850631680
1320408558589120512
1320408368662650880
1320408318926532608
1320408228094758912
1320408149522776064
1320407970962878464
1320407903052902400
1320407740695629824
1320407681732141056
1320407241460244480
1320406986752724992
1320406913776013312
1320406871212175360
1320406813515317248
1320396858460700672
1320396633587286016
1320115591852818432
1320084821792690176
1320003365292617728
1320003282581000192
1320003233666957312
1320003156584108032
1320003058038865920
1319973612984651776
1319941090905067520
1319938929592774912
1319938868070830080
1319938777574420480
1319731443040387072
1319721606965530624
1319721537453383680
1319719719084216320
1319687603063578624
1319687522629373952
1319687444275617792
1319626004311277568
1319625680448069632
1319625607899156480
1319625568120377088
1319625204579053568
1319625113743089664
1319579239637765888
1319577466307072000
1319577370785972224
1319570409285668864
1319570197544566784
1319570110617735168
1319568820445585408
1319534194532454400
1319498649727008768
1319492437946077184
1319488309874274304
1319387573777817600
1319382274887077888
1319379050322853888
1319347375606010112
1319332058922176512
1319329284088041472
1319329237476790272
1319329147865436160
1319328981552926720
1319307717492789248
1319294999566053376
1319294725917044736
1319293626757726208
1319281064087465984
1319280639342825472
1319279644240007168
1319279413729452032
1319279235253481472
1319279111538290688
1319261819580649472
1319261706896482304
1319261621777276928
1319012491201052672
1318996776234397696
1318996712866877440
1318996190713860096
1318954036033429504
1318900927462592512
1318900666794971136
1318899747948814336
1318899690948218880
1318899627823931392
1318899538321658112
1318855192423649280
1318853198325698560
1318853154381942784
1318764144825434112
1318663448692203520
1318661128940101632
1318660484233633792
1318635047264669696
1318619372143976448
1318591434317061888
1318582231649161216
1318582080062836736
1318581850198212608
1318581776911159296
1318581628223016960
1318495378061262848
1318495196959723520
1318412095168385024
1318402202986217472
1318296049904087040
1318295559610970112
1318294652617981952
1318260823572336640
1318209065118552064
1318207062925606912
1318175520463462400
1318133310548213760
1318133251614167040
1318133095925714944
1318128296350109696
1318039465085095936
1318038510503329792
1317881886413361152
1317881812639715328
1317881761720897536
1317881609308278784
1317877643912617984
1317580207277150208
1317579223561809920
1317549235634606080
1317526037987758080
1317523978093813760
1317523001387196416
1317522840950886400
1317522677616226304
1317522613254692864
1317435960985083904
1317435670651150336
1317434132448841728
1317432818381840384
1317432733971451904
1317362611403542528
1317362458227605504
1317361420028252160
1317360938299908096
1317320389735960576
1317191218959388672
1317189121438343168
1317188896061521920
1317188019380719616
1317154663582531584
1317154305309368320
1317153458403872768
1317152581953769472
1317152500445777920
1317146698586771712
1317146557410648064
1317146448643919872
1317146127859355648
1317137014442033152
1317040850493448192
1317039706484412416
1317029490002939904
1317028564282335232
1316960204181917696
1316959230612701184
1316957523954536448
1316957103601405952
1316956151284682752
1316956068380069888
1316951217281683712
1316841211077029888
1316833554425413632
1316677873764368384
1316591535417421824
1316590026046803968
1316484303061159936
1316484231141392384
1316483425537331200
1316483006278893568
1316321209013940224
1316319947350564864
1316318425447358464
1316318291657400320
1316317821287235584
1316317705214087168
1316317606698258432
1316317452960239616
1316132138899693568
1316132069119012864
1316131842387578880
1316075614219259904
1316075378063048704
1316066879832760320
1316066419776401408
1316065035375071232
1316064893360123904
1316064624626802688
1316035460947472384
1316035107325644800
1316035062731866112
1316034991349006336
1316034920289009664
1316034870884343808
1316034758099505152
1316034680714604288
1316000790553788416
1315876007866511360
1315873878967758848
1315867325099315200
1315867184619454464
1315865438836883712
1315750588605435904
1315749652155768832
1315749522434293760
1315746140218953728
1315739717514784768
1315737582026797056
1315737518361411584
1315737350950080512
1315670236499148800
1315670142261526528
1315591957289283584
1315378714587397888
1315359980556615680
1315336014706225152
1315335491676450816
1315335239808548864
1315332970690031616
1315332821398048768
1315332769321488384
1315332711431667712
1315332369134563328
1315330342136549376
1315329295259258880
1315326877955952640
1315326354808807424
1315326263830155264
1315326167382142976
1315230155858612224
1315218296057344000
1315212142220578816
1315194654804127488
1315191821828591616
1315190401754697728
1315190343529385984
1315190278672744448
1315189874996269056
1315189280071921664
1314917628587266048
1314900711830958080
1314898817934913536
1314813855663624192
1314813800395288576
1314788075659309056
1314777800474271488
1314668115247194112
1314623538763108352
1314623334253056000
1314612647749464064
1314505968089288704
1314504903256158208
1314501015153119232
1314495763767058432
1314461416385060864
1314423277566202112
1314415252109504512
1314314149011259392
1314223539944333312
1314223249845350400
1314220240977485824
1314220150770540288
1314220072706215936
1314219993618354176
1314188402468810752
1314188340485410816
1314188204858277888
1314188098838945792
1314147748862734336
1314147576216682496
1314146921955700736
1314145177561444352
1314143949309857792
1314142581756919808
1314142466795360512
1314142197348958208
1314062698167099392
1314062552725434368
1314062457372127232
1314062324924383232
1314060567582330880
1314060488146325504
1314052545610952704
1313955093943857152
1313951291006169088
1313923655840260096
1313920247095873536
1313784025501306880
1313783923206389760
1313780718816952320
1313780446405238784
1313780290867863552
1313595866901602304
1313585488603815936
1313505938993799168
1313505324389871616
1313505247143383040
1313505209935687680
1313504896210141184
1313504744095313920
1313504690106179584
1313504616768773888
1313504557553590272
1313504509075820288
1313379626564149248
1313332315947503616
1313332252244348928
1313329073549172736
1313163029224267776
1313133653317255168
1313056763231469568
1312966297873977088
1312965992860078080
1312856719375171584
1312753867906519040
1312751202665467904
1312750683750371328
1312749616492879872
1312748437117468672
1312748208066625536
1312748052600557568
1312747882940960768
1312723706570059776
1312648978920505088
1312647813117902848
1312513910201675776
1312513850026065920
1312499755667259392
1312498475246837760
1312498160820912128
1312497955530629120
1312497540722426112
1312459871795642368
1312413652461518848
1312407117803008000
1312407010466504704
1312406962680877056
1312374740233924608
1312364376280760320
1312363968674103296
1312363920062058496
1312363380213272576
1312363328832974848
1312362613997735936
1312362501376552960
1312362429012160512
1312362383201968128
1312362303174606848
1312362211025842176
1312362095720173568
1312352028841177088
1312350651452719104
1312328334483881984
1312319540311851008
1312319226800148480
1312318915142389760
1312262934933000192
1312262702685917184
1312136838702755840
1312096919838171136
1312096243716423680
1312096160870531072
1312092333983305728
1312092217801146368
1312090683185025024
1312090617732722688
1312090133433389056
1312089955498430464
1312089851194466304
1312089708428750848
1312089535426301952
1312089352147808512
1312089214520119296
1312089112325882112
1312089037382053888
1312088750395199488
1312088631503466496
1312088434828337152
1312088332348919808
1312088255379263488
1312088113431404288
1312088027519475712
1312087794806919168
1312087520432320512
1312048133254373376
1312013779333505024
1311885671339094016
1311882124954304512
1311880609728540672
1311788476405297152
1311787657345859584
1311785364886093824
1311726318954917888
1311609775352938496
1311609667144036352
1311609638157275136
1311609606112718848
1311609574529683712
1311609395684552704
1311609327443214336
1311609143225188352
1311606024512692224
1311605957777133568
1311605896900902912
1311605844639969280
1311605787635187712
1311519026494005248
1311518867869569024
1311373114522165248
1311319670759317504
1311163631812435968
1311160095095640064
1311042816471162880
1311032922082811904
1311010287353499648
1310976824562855936
1310976715959816192
1310800724117385216
1310791735551942912
1310657528120963072
1310326906064122112
1310262504510181376
1310261913532731392
1310259498410479616
1310259004279599104
1310258926726926336
1310257855765905408
1310257798811394048
1310254560888455168
1310254482954113024
1310253957806161920
1310253901321580288
1310253839287824384
1310253786674462720
1310253672027258880
1310159565254733824
1310159322459049984
1310159184835510272
1310157814220947712
1310157570053746688
1309963286516043776
1309962049645096960
1309857170037641216
1309784127722467328
1309784045639925760
1309604552379953152
1309604212192534528
1309604164750790912
1309604069405847552
1309604019422269440
1309603962472067072
1309603918444453888
1309603871602376704
1309601951341043712
1309601414566555648
1309234394343899136
1309234338400284672
1309234263620038912
1309233901290782720
1308978926425968640
1308978890350698496
1308888424242466816
1308888378570670080
1308885380427665408
1308884150204739584
1308851635532296192
1308708512017588224
1308507137933541376
1308506726933635072
1308387430404419584
1308370690354151424
1308370454055448576
1308165434181652480
1308143387594371072
1308135468911988736
1307984256593952768
1307983711351320576
1307805410141917184
1307803289170444288
1307803244241059840
1307802889277112320
1307802421364654080
1307765558708969472
1307765090947608576
1307743688618127360
1307743508548268032
1307743230088425472
1307743149847121920
1307669718858379264
1307664029666742272
1307662033152811008
1307657334039228416
1307657144725053440
1307657066442612736
1307655756536258560
1307655443297247232
1307655389601726464
1307632277590024192
1307632077270061056
1307631989332340736
1307631914346582016
1307617245204484096
1307613832270016512
1307569059723083776
1307567347725631488
1307566969470803968
1307448157689831424
1307405216103321600
1307315761308995584
1307314335342112768
1307313094599872512
1307312781448876032
1307312606642933760
1307312401302388736
1307310697278255104
1307310576750788608
1307310498837344512
1307310281014611968
1307310178438713088
1307309936335085568
1307309728918364160
1307309510541930496
1307309045364273152
1307308893383602176
1307308081425117184
1307307997543247872
1307307940580335616
1307307895923539968
1307307767015890944
1307037980297658368
1307037915134988288
1307037732091441152
1306941074406019072
1306885089993920512
1306806307928895488
1306702583055163392
1306699695742504960
1306657423516721152
1306643647824359424
1306642457350868992
1306640008514801664
1306611128332685312
1306611060674265088
1306610099612463104
1306609541249937408
1306536633840422912
1306536561627082752
1306536324657225728
1306536111108390912
1306536070562148352
1306536035615232000
1306535954849595392
1306534860618686464
1306534196505182208
1306534174858383360
1306533990283857920
1306533821689605888
1306533604512628736
1306532579617767424
1306532553428537088
1306532527486758912
1306532491004653568
1306532406938292224
1306532380472225792
1306532345730785280
1306532316194447360
1306532292664406016
1306532260510826496
1306532237714825216
1306357837652799488
1306357134381252608
1306356924024270848
1306356754893209600
1306356714011324416
1306351568887984128
1306351433432936448
1306351249143599104
1306351024752467968
1306344099247775488
1306343540872613888
1306343517040582912
1306343103058632704
1306342620344586240
1306342589319327488
1306341742560542720
1306340934792118272
1306340612329869312
1306340506411167488
1306340467358027776
1306340402723803136
1306340356393504768
1306336593289138176
1306336535810367488
1306333770539245568
1306333043041488896
1306332999689162752
1306332940473901056
1306332839110213632
1306331602440552448
1306331558685663232
1306331490024914944
1306331397125177088
1306331361104588800
1306329659131469824
1306329603561197568
1306327295699947520
1306327187667202048
1306326675077169152
1306326549977759488
1306326318905204736
1306325543491694592
1306325404974809088
1306324465874350080
1306324285233999872
1306324153411293184
1306324059437883392
1306323860950786048
1306323766897766400
1306323637545336832
1306323256035737600
1306322845786660864
1306322546430746624
1306322474347487232
1306322357473218560
1306322319107858432
1306322291144482816
1306322262690332672
1306322222139793408
1306322134545960960
1306322073703387136
1306322039607885824
1306322001628459008
1306321955314958336
1306321908208730112
1306321857075912704
1306321817037139968
1306313649972224000
1306313166889136128
1305978287861231616
1305977511571066880
1305977157139795968
1305977060188475392
1305976999790473216
1305976757896589312
1305931597728841728
1305930024374198272
1305811114933006336
1305810950386323712
1305810893440274432
1305810810191728640
1305810688938594304
1305810632420331520
1305810562501292032
1305806645377806336
1305601134606909440
1305600405037088768
1305599218573344768
1305592727388782592
1305544190818910208
1305535097488146432
1305534607626993664
1305534001466290176
1305533947095527424
1305533869781913600
1305448303123771392
1305266132190981888
1305190695435743232
1305188903922610176
1305099564018544640
1305099440387129088
1305099262557073408
1304867605036048384
1304866044356550912
1304854945536135168
1304854424045719552
1304854305116164096
1304845383592546304
1304842132897902592
1304841374701936640
1304797448917979136
1304796910948151296
1304796761291096064
1304795847629180928
1304795654015852288
1304785469843156992
1304785292847611904
1304536986536075264
1304525383136620288
1304524971457343488
1304470916043333632
1304470688670113792
1304469654585454592
1304469393003417600
1304357592689446912
1304357534292156416
1304267894818312192
1304166787530076160
1304166533564977152
1304165920340881408
1304165773150220288
1304165072705597440
1304146174069403648
1304144355624709888
1304141892897177600
1304140959211544576
1304140883697307648
1304139785708199936
1304112917692940288
1303797637221670912
1303790930474958848
1303790812266934272
1303676815563726848
1303676780746805248
1303586329935183872
1303440272941031424
1303087928009207808
1303083094614970368
1303083048150466560
1303005678169141248
1302953114505482240
1302952748552462336
1302921427646111488
1302719823797981184
1302684366636748800
1302681599826432000
1302679171194408960
1302677969358512128
1302674511653933056
1302671902922637312
1302662356758130688
1302660150969487360
1302659126531682304
1302658987918319616
1302658895261900800
1302658636322353152
1302658512112300032
1302657590816628736
1302641339788599296
1302641045419831296
1302640786706702336
1302640459949506560
1302630763452674048
1302618273360609280
1302617054802071552
1302531495568052224
1302528507323572224
1302528436825710592
1302527321002344448
1302504324841582592
1302501535939809280
1302360191741165568
1302359084533010432
1302348083544690688
1302347641020452864
1302345005575606272
1302344910415294464
1302340846591893504
1302339424341159936
1302339157759537152
1302261893042712576
1302255548604317696
1302224401623142400
1302222504933634048
1302222226616463360
1302219089297907712
1302217285394993152
1302217026782613504
1302215474671955968
1302215301413703680
1302215236993285888
1302215119074713600
1302215060216000512
1302215013864796160
1302207410585702400
1302206619267354624
1302194559921909760
1302144392174632960
1302144115736481792
1302142958871949312
1302142913246363648
1302141597241479168
1302141480254025728
1302135306162970624
1302021332398465024
1302021255068094464
1302021045642235904
1302020984950710272
1302020867472470016
1302020692037296128
1302017334090096640
1302017129840082944
1302016972922785792
1302016705489784832
1302015157644800000
1302014938811072512
1302012308667990016
1301997232342863872
1301941874433961984
1301889048462667776
1301770995217424384
1301624618998992896
1301621903451397888
1301621767161643008
1301621604888215552
1301596296910962688
1301526136346808320
1301523689289273088
1301514978642530304
1301514256211480576
1301512539717734400
1301512167854874624
1301284403830808576
1301279409215885312
1301260888989630464
1301258355667800064
1301258205658583040
1301165302357647360
1301164358165311488
1301031640819527680
1300923436206882816
1300919666488074240
1300919552461725696
1300918784199471104
1300918060484882432
1300917061128982528
1300916527940722688
1300916076507729920
1300915389757612032
1300913573493911552
1300913142843744512
1300911880647643136
1300909262923849728
1300907163968299008
1300904102164131840
1300903970102276096
1300903852074467328
1300902127385088000
1300797778440990720
1300796987927924736
1300795728680321024
1300789148798930944
1300785081322287104
1300784798324215808
1300784207267061760
1300777948262342912
1300777765461987328
1300777689712857088
1300777380378800128
1300762508513497088
1300738523687981056
1300738440116477952
1300737867073777664
1300732427724378112
1300727035464159232
1300726933345439488
1300726808409710592
1300726699986948096
1300726635759632384
1300725402281947136
1300725326381821952
1300725003512619008
1300724285380669440
1300723744835543040
1300723683120631808
1300723532226326528
1300723483060637696
1300723365980897280
1300723142537744384
1300719696552095488
1300719087765553152
1300713803408199680
1300713644511166464
1300713026107080704
1300712576544894976
1300712194573766912
1300709467328327680
1300709181994012672
1300709121256239104
1300709018772680704
1300708973201559552
1300708895619457024
1300708759971475712
1300680530850177024
1300567125925474304
1300565548368122112
1300565017419493376
1300552982698831872
1300552050246287360
1300549814812389376
1300549716254621696
1300548844258820096
1300548261594443776
1300548139045265408
1300548063132561408
1300547996157906944
1300547736979279872
1300547643848954112
1300547589511745536
1300546716693868288
1300546643809439488
1300546199561416704
1300545954148487168
1300545089995968512
1300544941211484160
1300544873184014336
1300544791919448064
1300544585832202240
1300544442466816000
1300544105508896768
1300543263456333824
1300464887488012288
1300418871921446912
1300376614669344768
1300372255113908224
1300372119965118464
1300348323845603328
1300184146300596224
1300158354850025472
1300156659818549248
1300155494020132864
1300154783689564160
1300154609273647104
1300154281459412992
1300154135673745408
1300153589332049920
1300102832213942272
1300102268302372864
1300101067414401024
1300092567258902528
1300092474652844032
1300091452274421760
1300091197885763584
1300091103673307136
1300091027638890496
1300090781030666240
1300089336310923264
1300089277662007296
1300087679053332480
1300087396298616832
1300086958547492864
1300085319493091328
1300085219035357184
1300085167399280640
1300085114110701568
1300084938209931264
1300083398392897536
1300083102782558208
1300082504150528000
1300082357832241152
1300081890049880064
1300081349701906432
1300080291177000960
1300080216015073280
1300079753832148992
1300079034290909184
1300078386954612736
1300077811374477312
1300077764301803520
1300077715110887424
1300077323501346816
1300077181918425088
1300077012606910464
1300076967501484032
1300076923842891776
1300076497030524928
1300076439325335552
1300076047732531200
1300075998545928192
1300075931973947392
1300075858829414400
1300065091254194176
1300054630274150400
1300049156086607872
1300048701340168192
1300048467792887808
1300048374201290752
1300042405304045568
1300040141613010944
1300040093223260160
1300040040005935104
1300039989137469440
1300032297740251136
1300032226193743872
1300014748898131968
1300012307582517248
1300012016623640576
1300011933895143424
1300011848494968832
1300011724985298944
1300011613144125440
1300011613039230976
1300011612863164416
1300011027103449088
1300010919817248768
1300010868491644928
1300010776997097472
1300010708847988736
1300010656524120064
1299829335361232896
1299818203540058112
1299817159300972288
1299817017827090432
1299815516564074496
1299814274286718976
1299658657525903360
1299279244980293632
1299272383455522816
1299090078720024576
1299050122286899200
1299049749174259712
1299049029058387968
1299046806655991808
1298993757665165312
1298975299108057088
1298975169529217024
1298617489673326592
1298617271053672448
1298578382888808448
1298578323027697664
1298578027144781824
1298575546847318016
1298575501976637440
1298575416257662976
1298574588759224320
1298574545067048960
1298574489320644608
1298574439957893120
1298574379333361664
1298574302640582912
1298572738639134720
1298572662411853824
1298572553640910848
1298347837575639040
1298345418124922880
1298345370238554112
1298338833046679552
1298336607339269888
1298336488279728128
1298334773711118336
1298334696716349440
1298334004199010304
1298333862620278784
1298333816256438272
1298333099684700160
1298332999457669120
1298331607376564224
1298329615203807232
1298329098729787392
1298328912141975552
1298328170874232832
1298328123092668416
1298327888631148288
1298327528776531968
1298327457368551424
1298327385587290112
1298327309628342272
1298327211603304448
1298327134184837120
1298326992044134400
1298326838884925440
1298326574488485888
1298326503172853760
1298320496321323008
1298320323797024768
1298320254486093824
1298278143732658176
1298244729138745088
1298243937883361280
1298004672549191680
1297911241529339904
1297833896579604480
1297658715064152064
1297656189963177984
1297635296213950464
1297620545329127424
1297619792392859648
1297613081456128000
1297567061233852416
1297566989976850432
1297566852365930496
1297564578717540352
1297563814519504896
1297563739605143552
1297561941536366592
1297560995813089280
1297560530878631936
1297560194713559040
1297559957030809600
1297559806287450112
1297559490376671232
1297558654951084032
1297548138413264896
1297548030850326528
1297533749823930368
1297493803323084800
1297493686897512448
1297480776834056192
1297480715949547520
1297480629488148480
1297478914865008640
1297475169469046784
1297475055446896640
1297468805925548032
1297468615214665728
1297457716739420160
1297455896902152192
1297452003694645248
1297451090338885632
1297420603327164416
1297420531705294848
1297419671222747136
1297289447499862016
1297288492557447168
1297287504534659072
1297287105220153088
1297285571635806208
1297274807269064704
1297274549520732160
1297273952306372608
1297273039952936960
1297272344575172608
1297271984599040000
1297271075307388928
1297270625124388864
1297269208548605952
1297268808558813184
1297267737660666112
1297263279950245888
1297262215603593216
1297261810199023616
1297209604993155072
1297199478399803392
1297185964624883712
1297185917430575104
1297185876666126336
1297104581562957824
1297103512074178560
1297102789382987776
1297102671464271872
1297102589654433792
1297102548424425472
1297101766442573824
1297098068672819200
1297096369296089088
1296931289988202496
1296928611849699328
1296927688758824960
1296927270200840192
1296927176563011584
1296927026067185664
1296922908472811520
1296922828328046592
1296922092030562304
1296920567623438336
1296879762590359552
1296879463117082624
1296878935100338176
1296878872022179840
1296878723409547264
1296875628743057408
1296870145189707776
1296869794495508480
1296866134520668160
1296866059115548672
1296865806354128896
1296814847330529280
1296807738677301248
1296806783508525056
1296803618419552512
1296799920515579904
1296799808338919424
1296799483699834880
1296798353641152512
1296797959175245824
1296797878816517888
1296797612251795712
1296797520107057152
1296797021190463488
1296796920313270272
1296796572471132160
1296793799683911680
1296793641198002176
1296792633348689920
1296792011429863424
1296790554412552192
1296788026975236096
1296787452074614784
1296787077531607040
1296786680041668608
1296786603621462016
1296786222627553280
1296785164396265472
1296785100139618304
1296785036797251584
1296784958074298368
1296784665131483136
1296784371656069120
1296784249572425728
1296784038183788288
1296782756073086976
1296781326578843648
1296781096936517632
1296772621959299072
1296769236744929280
1296768923778588672
1296762013478264832
1296761195005906944
1296760587121123328
1296760061142990848
1296747745982717952
1296746568952041472
1296719262720110592
1296719193551798272
1296719127856455680
1296713080626450432
1296710099860361216
1296709407263334400
1296708612031643648
1296708494712877056
1296708396054437888
1296708061550325760
1296707906184896512
1296707846285996032
1296707257502228480
1296706002805456896
1296704956339290112
1296704857265577984
1296704748628967424
1296704284550201088
1296701192425410560
1296668510731603968
1296668271811407872
1296559802513063936
1296556859206270976
1296551744080613376
1296548918340313088
1296546363858128896
1296545153587580928
1296544086745382912
1296544025407885312
1296543942859796480
1296543102254157824
1296542945844367360
1296542706110431232
1296531982399283200
1296530010921144320
1296527861189410816
1296527545882546176
1296527455637962752
1296527377166741504
1296527228810022912
1296524991685681152
1296524913940078592
1296523534236344320
1296479446917156864
1296478382570577920
1296477507944939520
1296477135629160448
1296476900454551552
1296476809068937216
1296442088364613632
1296442035919106048
1296441978327126016
1296441920814751488
1296439459655962624
1296439392454746112
1296436875712921600
1296436786349080576
1296436695940858112
1296424112202690560
1296423261463552000
1296422176644620288
1296422125318873088
1296422043420958720
1296398869002170368
1296372556346294272
1296372376280735488
1296372194797395968
1296372013406265088
1296350473184829440
1296350412619030528
1296224699274469376
1296224519124811776
1296224006388015104
1296223900855042048
1296223617563451392
1296223258778492928
1296222936026820608
1296221413435748352
1296221220816519168
1296220537061085184
1296220140955107328
1296219698971975680
1296218068071440384
1296204278214909952
1296204074476548096
1296175067315998720
1296172882897371136
1296172806087024640
1296172507490406400
1296172385461317632
1296172154300571648
1296172070741696512
1296165111594450944
1296135976079757312
1296091915377680384
1296091758921682944
1296074528066613248
1296070671483764736
1296069099458646016
1296067249858580480
1296067174726012928
1296067064373837824
1296066871507156992
1296065978711900160
1296065702219194368
1296065525035028480
1296065454008610816
1296065376548270080
1296065315542114304
1296064979775500288
1296064180869574912
1296063862886797312
1296062440946499584
1296062220418396160
1296062089187008512
1296061993007316992
1296059217405792512
1296059128243195904
1296059024769769472
1296058976497545216
1296058901343895552
1296058584229384192
1296058472472236032
1296058350392803328
1296058243014434816
1296055892756926464
1296055769549463552
1296054056667025408
1296053777489944576
1296038499775381504
1296038196686606336
1296035485874360320
1296034920620609536
1296034605963915264
1296024907604619264
1296017692269457408
1295851061790609408
1295846658744422400
1295845708457803776
1295841890236010496
1295839631330750464
1295839308696485888
1295837522359128064
1295832353655476224
1295832251675148288
1295831276654559232
1295828710910832640
1295802009489219584
1295799394139340800
1295769118625456128
1295764592497430528
1295762245218181120
1295762192177025024
1295757582355836928
1295741639227518976
1295728889394855936
1295727150784565248
1295727064381825024
1295712821989318912
1295712660038836224
1295712595798896640
1295712509484322816
1295712350260125696
1295712270803181568
1295711569855361024
1295710938004365312
1295710605165449216
1295709415874736128
1295702317707264000
1295700446355640320
1295700387350142976
1295700315266834432
1295700171926515712
1295699663413284864
1295689221525602304
1295686995717619712
1295679949685297152
1295679668398546944
1295674555210530816
1295670067682775040
1295668151301136384
1295664000571711488
1295625234784165888
1295624963312037888
1295624334355116032
1295622851169574912
1295621143441879040
1295617563171463168
1295617069220868096
1295614056527810560
1295478319505444864
1295477980723122176
1295476198445928448
1295474218025603072
1295470239979896832
1295463637163835392
1295463398617092096
1295462846659268608
1295462765893767168
1295462585614110720
1295462505834217472
1295460067425345536
1295458613314695168
1295453538072571904
1295453312691638272
1295452279638831104
1295451265124663296
1295414299742162944
1295411261241536512
1295411184309600512
1295402582584827904
1295401688048848896
1295401244627013632
1295400922739355648
1295399587314831360
1295398691659013888
1295398603347943424
1295398546955546624
1295398298942091264
1295396117031657472
1295389389196058624
1295388774021693440
1295388667192713216
1295388611735674880
1295387599553650688
1295387007456350208
1295386741302533888
1295386382949548032
1295386195850072064
1295386158118182912
1295355086395318272
1295355013108244480
1295349585267826688
1295331940258721792
1295331830841913088
1295331764240617472
1295328655011467264
1295327709481054208
1295314225309659136
1295306400009158912
1295305318650515712
1295305263503806464
1295296626504892416
1295295521259749376
1295295464431124480
1295295286634590208
1295272229836554240
1295272012592668672
1295271587428564992
1295145492498845696
1295144686005477376
1295136422077358080
1295131185975361536
1295130659892207616
1295130583643893760
1295130489402073088
1295130390353649664
1295127166259208192
1295102474228043776
1295081493707067392
1295079032162222080
1295077719970140160
1295073091043897088
1295072934982225920
1295072669184876288
1295066383005425664
1295066212364357632
1295049038790832128
1295048943617835008
1295048786335739904
1295048203528802304
1295048085979246592
1295047952378073088
1295047757816901632
1295047670101409792
1294998204229070848
1294918733899628288
1294913748277383168
1294897656964186112
1294894635991605248
1294893932418129920
1294893755980549888
1294890143975911424
1294888437846171648
1294888218622648320
1294768344047005696
1294767500526264320
1294767086804361216
1294766866733453312
1294763035609923584
1294751545607716864
1294750510776496128
1294749854799925248
1294749777876455424
1294749719370096640
1294749321330675712
1294749029402845184
1294748441743101952
1294748361426427904
1294669993058197504
1294669934405005312
1294665971710533632
1294665696350273536
1294661042937704448
1294660963896111104
1294659740455317504
1294658786632839168
1294658160482037760
1294657277174194176
1294656832980557824
1294644215432065024
1294642930364354560
1294638278931623936
1294598769783250944
1294598259433000960
1294598194844884992
1294598061679939584
1294597858956578816
1294597719819002112
1294597453413482496
1294597391258132480
1294597254532272128
1294405333620858880
1294404587412168704
1294404409418555392
1294404358411616512
1294404293907435520
1294404241596002304
1294403739277840384
1294402063372255232
1294391682046341120
1294391650844893184
1294388341828460288
1294387843566129152
1294387284054286336
1294386838849847296
1294386679088910336
1294384886141407232
1294384228482846720
1294383548565262336
1294383274819825664
1294383245983920128
1294383206058385408
1294382508583395328
1294382382531870720
1294382246573608960
1294382029522558976
1294380251678728192
1294379960447237888
1294379917141057536
1294379461002047488
1294378763371905024
1294378642064183296
1294378389965549568
1294378042983358464
1294377910694969088
1294377438005399552
1294376086906777600
1294373630214840320
1294373477814874112
1294373364056952832
1294373269626331136
1294373127825379328
1294372485572571136
1294372384636579840
1294372213538332672
1294326737547870208
1294326682015457280
1294326545121714176
1294202511201533952
1294200530537938944
1294199873127034880
1294181936039104512
1294180871587717120
1294180564837240832
1294179352536645632
1294130381151772672
1294130332669706240
1294130245218557952
1294129922223550464
1294129546489475072
1294042068902391808
1294037988339589120
1294022869425553408
1294022554781450240
1294020550873014272
1294016895109169152
1294016672869822464
1294005245492768768
1294002285526343680
1294001801314869248
1294000417756581888
1293957802487156736
1293957744471486464
1293957668223295488
1293881786251051008
1293879419560431616
1293863624621150208
1293863080712167424
1293861519822815232
1293861265480257536
1293860589463318528
1293844888962904064
1293844679428104192
1293844572993466368
1293844313525440512
1293842664245338112
1293840351095029760
1293840120353882112
1293838913107374080
1293837761015877632
1293837104531865600
1293836808053297152
1293800427356598272
1293679837475897088
1293679447724511232
1293678523773857792
1293676765211230208
1293676383667982336
1293650283902447616
1293637755084382208
1293637089754578944
1293637004153028608
1293636955293523968
1293635824391684096
1293627717406072832
1293616118582697984
1293615833323896832
1293614256433369088
1293614147238854912
1293613536430743552
1293613134620524288
1293612671619784704
1293612440882683904
1293612080659075072
1293611837737578496
1293610953427292160
1293610873534263296
1293610742197948416
1293610471602479104
1293610355772534784
1293554927839707136
1293537840199094272
1293537662830358528
1293536317356285952
1293535616932745216
1293506217097166848
1293503135135207424
1293499816530587648
1293486754146721792
1293486589776101376
1293471602856923136
1293458370498895872
1293448917439438848
1293446774875738112
1293445269850402816
1293445021782495232
1293440933367820288
1293438996018794496
1293438502642823168
1293438361059889152
1293436815232434176
1293436715261145088
1293434175618506752
1293434104910942208
1293320649382002688
1293310220807090176
1293307870876925952
1293303596134604800
1293303386243305472
1293301837723062272
1293291129832722432
1293288804942524416
1293268971467223040
1293263559007318016
1293252342100434944
1293247556303101952
1293247281265872896
1293247222092566528
1293247197555888128
1293247007667224576
1293246957746626560
1293246764204666880
1293237664938942464
1293237505773494272
1293237256459870208
1293236143111249920
1293234956723007488
1293216849061130240
1293179337265614848
1293179278486573056
1293179100765593600
1293177510658813952
1293176622707871488
1293164987062669312
1293164138651439104
1293163279586664448
1293163161609265152
1293163090192797696
1293161857700814848
1293160087226396672
1293151121385586688
1293129631156121600
1293128515634765824
1293094566271373312
1293092840390754304
1293090466578259968
1293089601310121984
1293087166793383936
1293084941438332928
1293077818058903552
1293077505537183488
1293077040225300480
1293076887120510976
1293074450724917248
1293072370526294016
1293072061552832512
1293071393530290176
1293070421437362176
1293070159696011264
1293070107082661888
1293069985179488512
1293069241340571648
1293067584141758464
1293066872095678464
1293066810519166976
1293066729329958912
1293066638020009984
1293066577798139904
1293065635115794432
1292952338676830208
1292951425199288320
1292941284165013504
1292940137219919872
1292939289102352384
1292918742079483904
1292912743058755584
1292911965866688512
1292911059574173696
1292910548322004992
1292892706922995712
1292892481319776512
1292891899003625472
1292880009577865216
1292879849057669120
1292879580412469248
1292877934034931712
1292877202036531200
1292876309618733056
1292876067561250816
1292875976309866496
1292875845934120960
1292875752699027712
1292875399924535296
1292875128066527232
1292875034822938624
1292874909199343616
1292874855747067904
1292874819202056192
1292874745688596480
1292874529623232512
1292861284988444672
1292856443620790272
1292852716012818432
1292847958317314048
1292724144447074304
1292723735556915200
1292581139950063616
1292576151215452160
1292574152365420288
1292571825743056896
1292566772202254336
1292482269823803392
1292481950834405376
1292473115889602560
1292472868194967552
1292470897903796224
1292469951475920896
1292469698467188736
1292469319864061952
1292468493808476160
1292395152972152832
1292394780715094016
1292394065624027136
1292392723568369664
1292392034498535424
1292389767573901312
1292358938072092672
1292358743578091520
1292217770944454912
1292178143701344512
1292175443014103040
1292175414673256448
1292172428223959040
1292166679460446208
1292158890134700032
1292158027907432448
1292156712233951232
1292155950661500928
1292155848668655616
1292147394822512640
1292147336014114816
1292147021088948224
1292140485180563712
1292140439064248320
1292138851226521600
1292138755374174208
1292138699824730112
1292138618492989440
1292100718019698688
1292083394084507648
1292081664596860928
1292081458627190784
1292080646924492800
1292080580155379712
1292080514204147712
1292080125857746944
1292080059864489984
1292079998153773056
1292079884261634048
1292079578106802176
1292051947541889024
1292037686115672064
1292037598899208192
1292037501851439104
1292036955455262720
1292036870646501376
1292036755114385408
1292036595357491200
1292036261511860224
1292036175050440704
1292036119975145472
1292036066887770112
1292034743178072064
1292034656536350720
1292034466031050752
1292031275906355200
1292030751203090432
1292030575407181824
1292030384209887232
1292013402462785536
1291997543874928640
1291993959674400768
1291993878933966848
1291993700172734464
1291873852927213568
1291873781871501312
1291873708626386944
1291873487301246976
1291873338026070016
1291873216240246784
1291873038506524672
1291845871513075712
1291845811039612928
1291821968686292992
1291821774393561088
1291821324608905216
1291821234976686080
1291820997214195712
1291820246257606912
1291815469721227264
1291815227546271488
1291815087171424512
1291814307207024640
1291814133629952000
1291814020778008576
1291813180331765760
1291813097397780480
1291812917248241664
1291812444835319808
1291812188785643520
1291812115616063488
1291812005117145088
1291811436960927488
1291790364941180928
1291785287912366080
1291784235079159808
1291784181945716736
1291784126438219776
1291783854911619072
1291783727769620480
1291780895012278272
1291774744979791872
1291774687782088704
1291766540640161792
1291707758836940800
1291707665622732800
1291701967035695104
1291632095060795392
1291631949405196288
1291630337840353280
1291630268344918016
1291630121875656704
1291630032906051584
1291626484092866560
1291626294824796160
1291506720167071488
1291505004138893312
1291504203291074560
1291504097850425088
1291503628050669568
1291501541690618112
1291501458580439040
1291501186160504832
1291501142615240704
1291501056325812224
1291483132240310272
1291464953510203392
1291464864045699072
1291464814737358848
1291458968833994752
1291458618907397888
1291458513500286976
1291458481506201600
1291458431191326720
1291458105906270208
1291456797509853184
1291408863976136704
1291402078833848320
1291402032096698368
1291401987800662016
1291400656176189440
1291326153358299136
1291320557166907392
1291288203941613568
1291288179564306432
1291288157833527296
1291284791770468352
1291284545770328064
1291284497376391168
1291284158543810560
1291284138151026688
1291284097772531712
1291284017015332864
1291283965442236416
1291283919959207936
1291283890389360640
1291283854632923136
1291283831169912832
1291283810752049152
1291283298115821568
1291281924179275776
1291281826401652736
1291268499004968960
1291139570004877312
1291138699250597888
1291122628565045248
1291097438128934912
1291097344725917696
1291097290455875584
1291093666669395968
1291093583500582912
1291080699315982336
1291061530830700288
1291057548146151424
1290925726045282304
1290924123418484736
1290922352868564992
1290922296144732160
1290922254558203904
1290916104857165824
1290915740346986496
1290910594065993728
1290910054414274560
1290909967894089728
1290909879851536384
1290909801795420160
1290900273947389952
1290886788039544832
1290781217466572800
1290781185157861376
1290780809872527360
1290778663869460480
1290743970239320064
1290742009842540288
1290739850178699264
1290739739772039168
1290739587988574208
1290739545835806720
1290738289482190848
1290738160549453824
1290729496497324032
1290728238583619584
1290727206709350400
1290726786649776128
1290726671293784064
1290726613907386368
1290726404141780992
1290726025312243712
1290723848934039552
1290723759784173568
1290723594725720064
1290723467072016384
1290723365163085824
1290723058047758336
1290722944046567424
1290722881643712512
1290722708720943104
1290722311260307712
1290722244898042112
1290714997019103232
1290714445572907008
1290714401998331904
1290714273929400320
1290713972199563264
1290712630534066176
1290712055239053312
1290711832106237952
1290711780826783488
1290711538815455232
1290703745941209088
1290703625237520384
1290688618261078016
1290688514078777088
1290684020372668416
1290681202240901120
1290681133609492480
1290680775722098688
1290680714963365888
1290680597233402112
1290680479470026752
1290680388705288192
1290679981987770368
1290679902027624448
1290679570077712384
1290532346618359808
1290530971390021632
1290527137330495488
1290524159190106112
1290407976998666240
1290405764419522560
1290405612505923584
1290404800069283840
1290404007442251776
1290403895278211072
1290403618483568640
1290403582664204288
1290403361037197312
1290403265495150592
1290403091611824128
1290402983293984768
1290385008482492416
1290378919066181632
1290378752489390080
1290378339094495232
1290378290637737984
1290377994633084928
1290377745575424000
1290377705154805760
1290377285053362176
1290377253226983424
1290376649758912512
1290376428299657216
1290376269562023936
1290376228508237824
1290375962597695488
1290375619415617536
1290374921043009536
1290374595887931392
1290373715948118016
1290373614102106112
1290373439086309376
1290373303421538304
1290373266654269440
1290373124643528704
1290373080062332928
1290373045853589504
1290350083033227264
1290350044357496832
1290350003400118272
1290349930482196480
1290349862370848768
1290349551765860352
1290349519528431616
1290349469809115136
1290261946286190592
1290261392159801088
1290260556520161280
1290260471426105088
1290260400655589376
1290260351921995776
1290259672188977152
1290259627326676992
1290259521332367360
1290259488801398784
1290259452671586304
1290259423668006912
1290259324938461184
1290259244499890176
1290259212631552000
1290259173507121152
1290259101272829952
1290258514766635008
1290164827600510976
1290164639762767872
1290156308549648384
1290153400252772352
1290045639963734016
1290034431156031488
1290034191804047360
1290033205651755008
1290033049795612672
1290032998323089408
1290029558528237568
1290029034081001472
1290025906203836416
1290023578516119552
1290023010531979264
1290022406531059712
1290022035209388032
1289959396596842496
1289888511009595392
1289888383502659584
1289887508063387648
1289887452094586880
1289887405181468672
1289837463893151488
1289832398973091840
1289831516286021632
1289824456425312512
1289823506381729792
1289823093586722816
1289704661625135104
1289701224606883840
1289699121557774336
1289693891663290368
1289690795579068416
1289690706844381184
1289689741596798976
1289688755834675200
1289688529656664064
1289560037380120576
1289553980905779200
1289553566336610304
1289553327710068736
1289552850566221824
1289552321186164736
1289552203452096512
1289552071549693952
1289551984366780416
1289551920546197504
1289551833585741824
1289551755903000576
1289507660815949824
1289466765760593920
1289459291439501312
1289458650130649088
1289451898429304832
1289450761257132032
1289450691220533248
1289450565831987200
1289448829293441024
1289448690180952064
1289446089309880320
1289445994904432640
1289445856681238528
1289445341469659136
1289444610154967040
1289444471139004416
1289444302699995136
1289443547452563712
1289441453660344320
1289335651519754240
1289325018724233216
1289313119915843584
1289312725856706560
1289311542597439488
1289311294890184704
1289308150844203008
1289307515507765248
1289306699820609536
1289306562784145408
1289305622417211392
1289305450614145024
1289305305646379008
1289305114398711808
1289303339922948096
1289303049219919872
1289301390615932928
1289300954769059840
1289300290374496512
1289299725833900032
1289299594564603904
1289299528726675712
1289299416285712384
1289299358752546816
1289299320986976512
1289298982166962176
1289288563406721024
1289288520956121088
1289288255087636480
1289287983560965888
1289287919073550336
1289285474410852352
1289283495047524352
1289283400344322048
1289282909908672512
1289280034583146496
1289279904568287232
1289279760992997376
1289277918959419392
1289277821504823296
1289277766794280960
1289277683348594688
1289277409603096576
1289277243307393024
1289277184918470912
1289275677905125376
1289275606400733184
1289274707305365504
1289274618755260416
1289274595292266496
1289273990289080320
1289273332760707072
1289272976253186048
1289270584140955648
1289270467887394816
1289270402670194688
1289145183272161280
1289145081048555520
1289144978619408384
1289140494421950464
1289140411974459392
1289140328046501888
1289139050612428800
1289116881048174592
1289116288057475072
1289116186341453824
1289115822619799552
1289115524606169088
1289114923520405504
1289114786131668992
1289114684344410112
1289112782999301888
1289112544133742592
1289112398117441536
1289110209248595968
1289108838038347776
1289108582835924992
1289108448257466368
1289107948971728896
1289106242561089536
1289106112042741760
1289102975697289216
1289102591255871488
1289102316541546496
1289102124991864832
1289101342540279808
1289101216035811328
1289100939081678848
1289100802548797440
1289100326398820352
1288950247071391488
1288950169178968064
1288949476212781056
1288949296730181632
1288949110050107392
1288948606540697600
1288944464225079296
1288944187963052032
1288944161069191168
1288943715168517888
1288941953514496000
1288941155774857216
1288941023561949184
1288940585487937536
1288940467414065152
1288940287851667712
1288939497095344128
1288938959867916288
1288938885716815872
1288938598025265152
1288938499710869504
1288922039198404608
1288921545944039424
1288921170885128192
1288921120645816320
1288920838616625152
1288920742260809728
1288920663454101504
1288920560379068416
1288920502074048512
1288920427599925248
1288920352471552000
1288902060872695808
1288900453296680960
1288899874545635328
1288899556378390528
1288899524212260864
1288899301930827776
1288899204484603904
1288898866050457600
1288898590266490880
1288898290306752512
1288898230344986624
1288898077412282368
1288897941122560000
1288897845484040192
1288897787782991872
1288897755415543808
1288897727728881664
1288896539470028800
1288875251129102336
1288873902006050816
1288873428062175232
1288869750991355904
1288869635740389376
1288869329669414912
1288869283674705920
1288869209364221952
1288868703468216320
1288868548031516672
1288861134196441088
1288860370782892032
1288860296963129088
1288860122404532224
1288859967160823808
1288859784402423808
1288859592659742720
1288826887268171776
1288825495937851392
1288825449133506560
1288825404942409728
1288824773498241024
1288824659685920768
1288824608372785152
1288824558053658624
1288821071970554112
1288791575758241792
1288782019418362112
1288780222834397184
1288779917786742784
1288779824547471360
1288778665870884864
1288775818995531776
1288744704922783488
1288741715306831872
1288741643785506816
1288741588223569920
1288741519885848576
1288741303816196096
1288740877532307712
1288740841289383936
1288740813204344832
1288740428251041792
1288734185608417280
1288734135419383808
1288734083766460416
1288733990447460352
1288733933950193664
1288732919532486912
1288732839379378176
1288730485993156608
1288730401163403264
1288730049076776960
1288729069539012608
1288727356870459392
1288727253363429376
1288727151743770624
1288726803582943232
1288726725627727872
1288726658069995520
1288726489802907648
1288726368780529664
1288726287427739648
1288725628099887104
1288725520654512128
1288725291150520320
1288603981233758208
1288603724072521728
1288603227454418944
1288602320713003008
1288602000721051648
1288601963794399232
1288601613557538816
1288599469026684928
1288599250910220288
1288596692221263872
1288596534406402048
1288596492702425088
1288596456451039232
1288595270150828032
1288595214798643200
1288593042451173376
1288592251719950336
1288592202835398912
1288592101542899712
1288591899620777984
1288591764236861440
1288591600919117824
1288556532997722112
1288556274347638784
1288556235516772352
1288546038517772288
1288546007567958016
1288545904430125056
1288514849966829568
1288514400647864320
1288514316921184512
1288514246402285568
1288514188344799232
1288511386205720576
1288509977951440896
1288509653605916672
1288509417969917952
1288509396906053632
1288508843920634112
1288508803122696192
1288508776241299712
1288507346604437504
1288507115884236800
1288464648249933824
1288464555761434624
1288447508918804480
1288438486723375104
1288438205222617088
1288438144715685888
1288438109257043968
1288436704924307712
1288436486866599936
1288436350853812224
1288434590194040832
1288434507763376128
1288434443313717248
1288433175480471552
1288420261402902528
1288388172494364672
1288387618187730944
1288385793086697472
1288385429981540352
1288385283583553536
1288385202683879424
1288384735522230272
1288384516520804352
1288384344525021184
1288384160323829760
1288384098562711552
1288383879317983232
1288383845994303488
1288383807700316160
1288383548056109056
1288383426815561728
1288383279083790336
1288383176323338240
1288383071998312448
1288383023789072384
1288382907501903872
1288382848894894080
1288236055683125248
1288236025593171968
1288235799079788288
1288235409361842176
1288235007081881600
1288234945001988096
1288234902543098112
1288234873329721088
1288234841767645184
1288234805172281088
1288234776412004352
1288234295237238784
1288234217462050816
1288231178831527936
1288231106265980928
1288231045205242112
1288230625233772288
1288230583320051712
1288230548591214592
1288223133607100416
1288223068595326976
1288220600499163136
1288219050527596288
1288065611059298304
1288065162717667328
1288064122131808512
1288030200798863360
1288029689349648384
1288029449053777920
1288029321756540928
1288029129498075136
1288024283780874240
1288021370144804864
1288015836213653504
1288015707863748608
1288015587076120576
1288015529567977472
1288015492733644800
1288015450509586432
1288015423770972160
1288011907442540288
1288005547955036160
1288002909217656832
1287878786260676608
1287873002797850624
1287872949911920640
1287871915999129600
1287871225549611008
1287862828028887040
1287862313261977600
1287862253165973504
1287861178719444992
1287796321617838080
1287787641556131840
1287772231075016704
1287771303399821312
1287771176220205056
1287770595007111168
1287769588827136000
1287769108138921984
1287761111056605184
1287760985860841472
1287760431281569792
1287759138752212992
1287758980379553792
1287757080502456320
1287756701442215936
1287756007603568640
1287755823117209600
1287755572322992128
1287755316222984192
1287753388810293248
1287740791247581184
1287740268658253824
1287739944946077696
1287739669451550720
1287739308145860608
1287739238239412224
1287739122694725632
1287739011692462080
1287738312732676096
1287737920233799680
1287697488279937024
1287693592895655936
1287693163956711424
1287692645477818368
1287688296248815616
1287687736195981312
1287684407734808576
1287683450288431104
1287683158557831168
1287682979708502016
1287682518704107520
1287682045687234560
1287661548060782592
1287660758474596352
1287660499224723712
1287658639369613312
1287658423358824448
1287656033083678720
1287652900831928320
1287651359895048192
1287650327316094976
1287649513092636672
1287647863418355712
1287645567548612608
1287644814457151488
1287644253615792128
1287643754577498112
1287643067437252608
1287639117833154560
1287637562685882368
1287637471296139264
1287637352958091264
1287637062439575552
1287635957924143104
1287526004362285056
1287525736954437632
1287525497539354624
1287522039520206848
1287521003640442880
1287520516841050112
1287519929848270848
1287519233077911552
1287519009253068800
1287518954165075968
1287518900956127232
1287513521304096768
1287513288490786816
1287513219192557568
1287513165551599616
1287512806716309504
1287512770146193408
1287512152581046272
1287512090006224896
1287511710111236096
1287511630591528960
1287511574249451520
1287511047180619776
1287511007552778240
1287510942494973952
1287510906046427136
1287510372010921984
1287510332571779072
1287510276523167488
1287509884909617152
1287509833399382016
1287509777325727488
1287509698741252096
1287509623755411712
1287509503420833792
1287509407136452608
1287509359765921792
1287509304480759808
1287509269638676480
1287509193457651712
1287509115414163712
1287509025064726528
1287508969733468160
1287508923751239680
1287508635925585920
1287507422257524736
1287506871990063104
1287506819443830784
1287506780348657664
1287506711985692672
1287506599620346112
1287506496683728896
1287506408703963136
1287506240420052992
1287506214797094912
1287506184111611904
1287506149768560640
1287506118307131392
1287506087407693824
1287506054285271040
1287505931308236800
1287391767143292928
1287363789743108096
1287363385856753664
1287362600796389376
1287362489227841536
1287362065498284032
1287361878834974720
1287361805057220608
1287352499175907328
1287352402606260224
1287352102390575104
1287351994613719040
1287351394572341248
1287351333700489216
1287351265647828992
1287350103989276672
1287349030452895488
1287348978191929088
1287345571469168640
1287345539760168960
1287345471233589248
1287341474741391360
1287341445381332992
1287341188853436416
1287341156200742912
1287341003725299712
1287340975707303936
1287340927305027584
1287340904362245888
1287340874289029120
1287340771956461568
1287340666431963136
1287340637352865792
1287340581493116928
1287340546068021248
1287340458922958848
1287340419068682240
1287340215988899840
1287339910815526912
1287339590400040960
1287338443433865216
1287297896317095936
1287294239722942464
1287293700268335104
1287292557752500224
1287290274541178880
1287289901646589952
1287289445687996416
1287289217220055040
1287280812640161792
1287161374574026752
1287161107984068608
1287159733699452928
1287157401708371968
1287156502814498816
1287156454902898688
1287155484915638272
1287155443647815680
1287155373552603136
1287155280153907200
1287155164487581696
1287154993301278720
1287154947356844032
1287154914804879360
1287154839814840320
1287154029387304960
1287153672804339712
1287147859641618432
1287147276952100864
1287147034697441280
1287146942796103680
1287146896964952064
1287146844569718784
1287146725199745024
1287146685681065984
1287146656237060096
1287146623970217984
1287146591304978432
1287146552587362304
1287146521516015616
1287146483226152960
1287146447469772800
1287097524398981120
1287095365695668224
1287023376683409408
1287023171951001600
1287023022277365760
1286805441805193216
1286797033177743360
1286796998637649920
1286796950935937024
1286793839282446336
1286788353258651648
1286788104788094976
1286787516910243840
1286787095143616512
1286787001136685056
1286786797217947648
1286786736744476672
1286786624165236736
1286786548697096192
1286785854040608768
1286581330965340160
1286466586291736576
1286401214872080384
1286390492574474240
1286389461417328640
1286389219204706304
1286343291483697152
1286343132641144832
1286294625335029760
1286293613647888384
1286292083490398208
1286292081288388608
1286291530093912064
1286291486255058944
1286291381481349120
1286291173565435904
1286290863723819008
1286290825522089984
1286290625428586496
1286289814590029824
1286289278490861568
1286288884330934272
1286288601744117760
1286288255588204288
1286043655476842496
1285701276215508992
1285689278597603328
1285686923751759872
1285686881280286720
1285686816444751872
1285686771683033088
1285686593404239872
1285685239931719680
1285685210437353472
1285685173623894016
1285681892596092928
1285591050527150080
1285546201488777216
1285521607050629120
1285520998805188608
1285479408598429696
1285477263266533376
1285465251551612928
1285464022054318080
1285462521336528896
1285461388094246912
1285461301179940864
1285461267155750912
1285459568714231808
1285457813595197440
1285457779206033408
1285457509667483648
1285457077763268608
1285456907319283712
1285456589705678848
1285456397476474880
1285456001987219712
1285455956701257728
1285455903253299200
1285455371952365568
1285455272765468672
1285453758336565248
1285453729962045440
1285453571497107712
1285452994771857408
1285452953558581248
1285452907052175360
1285452857492140032
1285452776164777984
1285338568769114112
1285338525198700288
1285328900546015232
1285328812524404736
1285327073075240960
1285326957949923328
1285326917600673792
1285326884545482752
1285326838886215680
1285326809383309312
1285326774302367488
1285326288589410304
1285326210122371072
1285325737692626944
1285325605286875136
1285325354220105728
1285325269344169984
1285325238880829440
1285325199248957440
1285324353127747584
1285324320261234688
1285324247838138368
1285324221716082688
1285324178560876288
1285324146826780672
1285324115096805376
1285323950206128128
1285323855242960896
1285323593614790912
1285323561662586880
1285323530834518016
1285323502111936512
1285323455769071616
1285323352165568512
1285323292719669248
1285323239733047296
1285323193834786816
1285323161106616320
1285323125228478464
1285323098011643904
1285323069058424832
1285323028612734976
1285323001190285312
1285322807073738752
1285322536037777408
1285281506571821056
1285281462468710400
1285281405333835776
1285281372307939328
1285266381118865408
1285266330871042048
1285266297417236480
1285266233991077888
1285265673745240064
1285265492027092992
1285265395629412352
1285265354843971584
1285265318709993472
1285265279677861888
1285265243204202496
1285265141974683648
1285265117677064192
1285265065424420864
1285264947375636480
1285264918908993536
1285264819159994368
1285264716114296832
1285264295022952448
1285264134809038848
1284991741746188288
1284991690290475008
1284990838943227904
1284990786661220352
1284990746530111488
1284990583166181376
1284990406699220992
1284989941974433792
1284989858977644288
1284989789809369088
1284989740895404032
1284989705428312064
1284989672033263616
1284989606388211712
1284989404080152576
1284989360962768896
1284989328427450368
1284989293648371712
1284907641622470912
1284907610555265024
1284907574882639872
1284907547963555840
1284907480376578048
1284907442220994560
1284907399170666496
1284907358829924352
1284907320133156864
1284863143861276672
1284787743114092288
1284757604854530048
1284757442157580288
1284757375468085248
1345281834754707712
1345281678990835712
1345043712053825536
1344414739221291008
1343672456876273664
1343669596356816896
1343669577721516032
1343669565075632128
1342766787465777152
1342766685724569600
1342396111512858624
1342353967339220992
1342036053352472576
1341479954970775552
1341479914982297600
1341428728979742720
1340770852732854272
1340761537032695808
1340337333581864960
1340186220836564992
1340184727475654912
1340183951508434944
1340047733353312512
1340047688377769984
1340047636385181696
1340047591564840960
1339997575307534336
1339976949196857088
1339976841684262912
1339976812521271296
1339976538339627008
1339976391379566592
1339976340443983872
1339976264694808576
1339976046939029504
1339976008355766272
1339975886821584896
1339975839308538112
1339975762271723520
1339975726209097728
1339975663323934720
1338569402988556288
1338569242443190272
1338461517910581248
1336048582399565824
1334399901841711104
1334203166498418688
1331322710086062080
1330221824697839616
1329385754011774976
1329117169330872320
1329117141946290176
1329117024577081088
1327707338166444032
1327258657608916992
1327258642727526400
1327224330288295936
1327175490864615424
1327175458140676096
1326624973725847552
1326624377136406528
1326624296819683328
1325108148575891712
1324436866884685824
1324407908528984064
1324407883086417920
1324371881047240704
1324236478201896960
1324236152560328704
1324236005390589952
1323750711117680640
1323750693728079872
1323750666280570880
1323750651281743872
1323750630402543616
1323750137462751232
1323750091606446080
1323750076968275968
1323750021397909504
1323749961532612608
1323749814778109952
1323341967359647488
1323042184325718016
1323042111256756224
1322564587418537984
1322564527100170240
1322564007484600320
1322300893698629632
1322299288270102528
1322176685207412736
1322174688844488704
1322149481412964352
1320492175419936768
1319245475678179328
1318358490843414528
1317795783014518784
1317774143924875264
1316988321067839488
1316988134249402368
1316500341207298048
1316291062084837376
1316291017688207360
1316290998025191424
1316290930190757888
1316120213704900608
1316120128065613824
1316119461716525056
1315295191239143424
1313111445756936192
1312682037707525888
1312682001640677376
1312525502565904384
1312498366010421248
1312498337828859904
1312377408004206592
1312377191318130688
1311926545850806272
1311784472572985088
1310715975310999552
1309518026694365184
1309517967659540480
1309517931928342528
1309517906762501888
1309517882435477504
1309517847031361536
1309517780941705216
1309256639904706560
1309256621021900800
1309256566923825152
1309256483075428352
1309153937510072320
1309132801145548800
1308875290802827264
1308338012204478464
1308337985163853824
1308010233986461696
1308009986375725056
1307883920525004800
1307873530424561664
1307695980167467008
1307565903215767552
1307565585467924480
1307499486957187072
1307131725361942528
1307071826934272000
1307071805430075392
1307071763998740480
1307055621091610624
1306835916108050432
1306741272087089152
1306741054457237504
1306207428997009408
1306125366013112320
1305756054060519424
1304877729721069568
1304346268743938048
1304257036549582848
1304250479510159360
1304178523771465728
1304178428934008832
1304178391881482240
1304178377696391168
1304178339851177984
1304178277972676608
1304178256439054336
1304178233118777088
1304178221269876736
1304178198796738560
1304177697040596992
1304177503574134784
1304177349483728896
1304177340382171136
1304177327304331264
1303811517628985088
1302779165524062208
1302779154274844672
1302008377221013504
1301488746148356096
1300906663281655808
1300501516420362240
1300501510158245888
1300501494744182784
1300501442424451072
1300444797669441536
1299877651914674176
1299877635632312320
1299877615885602816
1299877305876180992
1299877258946060288
1299473960002826240
1299473835440378112
1299473781472276480
1299306699866755072
1299306266762846208
1299306031483363328
1299226701780709376
1298998280429264896
1298998194399924224
1298680990433513472
1298562114064470016
1298528196233768960
1298410461638074368
1298380928864129024
1298380911554240512
1298248155318956032
1298153178844848128
1298152916017086464
1298141714348036096
1296784013173170176
1296506017484857088
1296505980415553536
1296480777413316608
1296480735570857984
1296457249616011264
1296435794677248000
1296435597540761600
1296387429595832320
1296352543296167936
1296350189507182592
1296221231595819008
1296167435393998848
1296156285092728832
1295660789555245056
1294926315938881536
1294925011766190080
1294743536416493568
1294743456452169728
1294547178384498688
1294545311839465472
1294168826037309440
1294015470186762240
1294015450460848128
1294014149530443776
1294006440949055488
1293996503137124352
1293996195778564096
1293864214549999616
1293690924942405632
1293690290654588928
1293677343404371968
1293666734076039168
1293666195074428928
1293384503491268608
1293249587722018816
1293203185545469952
1293175384284987392
1293175354916581376
1293042153145368576
1293022358815547392
1292978562346160128
1292978534533795840
1292978502594158592
1292978477696724992
1292978438354210816
1292977176426545152
1292977044956098560
1292891344374030336
1292813928947486720
1292364017323905024
1292290395792080896
1292284828893810688
1292149919885787136
1292144149223940096
1292081722973200384
1292081691939483648
1291875103555432448
1291870676987662336
1291745147861049088
1291489815196827648
1291489767687847936
1291464349228441600
1291457370590150912
1291322603265830912
1291279516044861440
1291196098896437248
1291087780349726720
1291079517684080640
1291012028333805568
1291011995718881280
1291011976710303488
1291011934716866560
1290742007602851840
1290736266238140416
1290719999603220480
1290715379191488512
1290709797982134272
1290709112779612160
1290708019064512512
1290381783389949952
1290144945647443968
1289945925637427200
1289678155087663104
1289677965438017536
1289677896982753280
1289538949887561728
1289533379160018944
1289196179729739776
1289192162408579072
1289161164018966528
1289085611253661696
1289085550943711232
1289085135594430464
1289064887012986880
1288956014755229696
1288955776543989760
1288930709407698944
1288930645616611328
1288859198265196288
1288859179885748224
1288667407444303872
1288666526795608064
1288564901720596480
1288562546073579520
1288561368048775168
1288561144978911232
1288560506073219072
1288533629065400320
1288533596416901120
1288533356112748288
1288533343206805504
1288533332163211264
1288507701086097408
1288507490691416064
1288461107921924096
1288461048899608576
1288460923640963072
1288227452985253888
1288150983827238912
1288024133570367488
1288024124544241664
1287815424567062528
1287815395588669440
1287493235292753920
1287402846095376384
1287376153020444672
1287375949609275392
1287375935000412160
1287364872846692352
1287364838419836928
1287363056025075712
1287110844158017536
1287109982891245568
1287107791178661888
1287084181764411392
1287084164110520320
1287084058493714432
1287084045835415552
1287084024134012928
1287083991682752512
1287083893087182848
1287083885482958848
1287083561447821312
1286959077730516992
1286858087958274048
1286858045243437056
1286801741565091840
1286798320992747520
1286797877017292800
1286797619646300160
1286795626265616384
1286794620781957120
1286794562405568512
1286794308163702784
1286794272080003072
1286794235518300160
1286794191562059776
1286793889970610176
1286793869170966528
1286793832051494912
1286793793623199488
1286793458292862976
1286793410658042112
1286793308845596672
1286793261902901248
1286793164964220928
1286792993287086080
1286792951805419520
1286792931798659072
1286792907052273664
1286792879273279488
1286792843772809216
1286792829239546112
1286792808901353472
1286792799720017920
1286792786939990016
1286792774789091328
1286792759479873536
1286792736901943296
1286754559306670080
1286754412514422784
1286754365441794048
1286737888714067968
1286737777216888832
1286726620942929920
1286721174286798848
1286720687621771264
1286690300585484288
1286688796575236096
1286688777075863552
1286669513015078912
1286669237872984064
1286669171955294208
1286669111859335168
1286669069282877440
1286668611462062080
1286668574648655872
1286668557825253376
1286668488396943360
1286668425050370048
1286668085215350784
1286667670180503552
1286667593504493568
1286667436130000896
1286666965575180288
1286666939583139840
1286666763820847104
1286628068258451712
1286626428138790912
1286622738271145984
1286622558134173696
1286622547203719168
1286620741530681088
1286620648803110912
1286620639047155712
1286620588681973760
1286620509275336704
1286620152155574272
1286619791160217600
1286619747824603136
1286602664688660480
1286602228271386624
1286602024424022016
1286601769213206528
1286599816458522624
1286599781935124480
1286599606948827136
1286599412584779776
1286599239418679296
1286599217151188992
1286598012983279616
1286597922390511616
1286568790260617216
1286568743573823488
1286568544788975616
1286563381625917440
1286563368690757632
1286563343570960384
1286563169310310400
1286563137374818304
1286563114901745664
1286562919703023616
1286562904918183936
1286562807358599168
1286562780288622592
1286559504218370048
1286539365435543552
1286539347181920512
1286539261827834112
1286539227845595136
1286538685094256640
1286538534141263872
1286538251885580288
1286538221258780672
1286538199926558720
1286538169849126912
1286538086361571328
1286538062764310528
1286537788180004864
1286530668730683392
1286226257236066304
1286148845919973376
1286148751619481600
1286148731507748864
1286148600217718784
1286148564377317376
1286148483330772992
1286148454964776960
1285696796153581568
1285664597303857152
1285664545722294272
1285626275231666176
1285626264959823872
1285626253349986304
1285626243090722816
1285626231451537408
1285626220705652736
1285626208034738176
1285626196546420736
1285626179387621376
1285626165219164160
1285626021656616960
1285626000739631104
1285625986067955712
1285625971555655680
1285625941834846208
1285625926374629376
1285625912789291008
1285625430553305088
1285525988311433216
1285525714083741696
1285327012429791232
1285302791850917888
1285302459246817280
1285295918070235136
1285295888139780096
1285295787904245760
1285131189456601088
1285124866815950848
1285124445590499328
1284890963576586240
1284747514705514496
1284607713541009408
1284553959844306944
1284553729694469888
1284553705120051200
1284553646819205120
1284553588929421312
1284512565297586176
1284174080703451136
1284130479973834752
1284130325828960512
1284130150641291264
1283954935818784768
1283944714098614272
1283941729855516672
1283939365618671616
1283938087240896512
1283936285523148800
1283936182221656064
1283936158595112960
1283918985650675712
1283843894812213248
1283763138563899392
1283620294603792384
1283619834698366976
1283613238660411392
1283542391325184000
1283542237373235200
1283530864987643904
1283530826169356288
1283512621510078464
1283512436834869248
1283486646663602176
1283480983292071936
1283480776605130752
1283475099941769216
1283475061006127104
1283475031801171968
1283475013224542208
1283474991368024064
1283474980244783104
1283474937164988416
1283400474033610752
1283400474008461312
1283367567323729920
1283366622456156160
1283328338845630464
1283328271552253952
1283328248718426112
1283328108523851776
1283325903200833536
1283245994193367040
1283245985439907840
1283243519201759232
1283162583722336512
1283162106548891648
1283160870181376000
1283156196275494912
1283155306105708288
1283155269204180992
1283155224534953984
1283155147569364992
1283155099561451520
1283154989465116672
1283154648619258112
1283154545443561472
1283132527084023808
1283123383316754432
1283121289117544448
1283106801639206912
1283105542542696448
1283105498783514624
1283105436720345088
1283105303031164928
1283050561475162112
1283049302542233600
1283042127086264320
1282796482098278400
1282699774307770368
1282411623836258304
1282345141668388864
1282328386317295616
1282212293774909440
1282207342193516288
1282089073377673216
1282071277524652032
1282071263729668096
1282071214190735360
1281958790594691072
1281889586243928064
1281712182452002816
1281711639411208192
1281711627444912128
1281711605248655360
1281711509232640000
1281711475845926912
1281707032022781952
1281705982964518912
1281705900537978880
1281702924385693696
1281693258100310016
1281689246412222464
1281686131118092288
1281686113669783552
1281686103448342528
1281686093180657664
1281669525478551552
1281669483728379904
1281659073772097536
1281658244621127680
1281658233720111104
1281658217500741632
1281658205936943104
1281658098231455488
1281657957592322048
1281657930253766912
1281657902227501056
1281657858942283776
1281657845071610112
1281657782987567104
1281648182158491648
1281633184741036032
1281632926573244416
1281632885867511808
1281632879362093056
1281632840132833280
1281632807924662272
1281626996091621376
1281626802771894272
1281612430947352576
1281605816487993088
1281605677811728384
1281605618516873216
1281397517545082880
1281397505251581952
1281397485882298368
1281391158002884608
1281389761752702976
1281363701644382208
1281352251613863936
1281343024417701888
1281323421620674560
1280920709557104640
1280920357180968960
1280826583817879552
1280823924398358528
1280823898687320064
1280823829544292352
1280576108526817280
1280545070522028032
1280520095710744576
1280519984100315136
1280505505752940288
1280477248517222400
1280477069986729984
1280453258486710272
1280452789404041216
1280452566187474944
1280284119176486912
1280195258567950336
1280173250581016576
1280156603136737280
1279905389010726912
1279905370236911616
1279902359771103232
1279899177594560512
1279870431093305088
1279845559386476288
1279845301000552448
1279845094846271488
1279845067449085952
1279810798018334720
1279794095611883520
1279747651379003392
1279723311287730176
1279653024143638528
1279538191658295296
1279526207286063104
1279525941224648704
1279501664882437888
1279501582552489984
1279501484464504832
1279459888465403904
1279459876469649408
1279459862750126080
1279459844471361536
1279419871101685760
1279419350571724800
1279172702490820608
1279172006613782528
1279171964029087488
1279171898153357312
1279171374674821120
1279171358979698688
1279171263857033216
1279113957782020096
1279111421633146880
1279111408647573504
1279111396626698240
1279111389085413376
1279111339903012864
1279086020697501696
1279086009809068032
1279085990657830912
1279085968847507712
1279085802946015232
1279085615297056768
1278993554308767488
1278993388872876032
1278988240872144896
1278958540565200896
1278946416602362112
1278790671198019584
1278790646199967488
1278790543150022912
1278777924301324288
1278615639352115200
1278613007187226624
1278605652387127296
1278604983785664512
1278604891615870976
1278420278318706688
1278420263751823360
1278420254528503808
1278419602997903360
1278415253303447552
1278412897211822080
1278412819206156288
1278327511202619392
1278327501647941632
1278100964419960832
1278098059625365504
1278097931086766080
1278097795497570304
1278097757211951104
1278096710347218944
1278078694754525184
1278078599522811904
1278078576382836736
1278078561044267008
1278078530513928192
1278078476382330880
1278078448972509184
1278078433508065280
1278078396749230080
1278078374737514496
1278077881898405888
1278023407754514432
1278023288426500096
1278023269485096960
1278023237625135104
1278023092401508352
1278022696656388096
1278021818448830464
1277999134226685952
1277995420493451264
1277995411479953408
1277995398204973056
1277977772162379776
1277977227615821824
1277935262077681664
1277913463910805504
1277904408253251584
1277902274606575616
1277701604901367808
1277700447030202368
1277674818263973888
1277673088231014400
1277672696998957056
1277672293435609088
1277650249574735872
1277649994548416512
1277645120561651712
1277644968392302592
1277643895590072320
1277643448447832064
1277642983446323200
1277642893545680896
1277641277182533632
1277573264370552832
1277573038943482112
1277565301299781632
1277562386925355008
1277562093533831168
1277387425925468160
1277387345675857920
1277387307880984576
1277345011944865792
1277344554715414528
1277344519558762496
1277302529601285888
1277289456031141888
1277214468397727488
1277186823681445888
1277186813204013056
1277186278128267264
1276981796182405120
1276981786782859264
1276981777081479168
1276960558256971776
1276955545023516672
1276955471933554688
1276943659892695040
1276943628976500736
1276943617089835008
1276943348696338432
1276943210724634624
1276943079396855808
1276921400704618496
1276844957022683136
1276840773582041088
1276815060892073984
1276814749314027520
1276708503541907712
1276708313699430400
1276707772718100480
1276707692673982464
1276706168220585984
1276653773394501632
1276653520989626368
1276653463653494784
1276650541892931584
1276644252051783680
1276621847174537216
1276597472106774528
1276597377625927680
1276596274981154816
1276596223475093504
1276592129452711936
1276538998564040704
1276538778966994944
1276509191650390016
1276458998032732160
1276449139426033664
1276448852229476352
1276448526365573120
1276263887306993664
1276263832705552384
1276263091693641728
1276258720595480576
1276258315681648640
1276258249122222080
1276251366990766080
1276249842877071360
1276249575498616832
1276249285160587264
1276247188050456576
1276247111097634816
1276241481339211776
1276241435084443648
1276237741915869184
1276106658507378688
1276106495277613056
1276097369092820992
1276089856314224640
1276078973190123520
1276048649433251840
1276031532780654592
1275951848944472064
1275915484714672128
1275915054626607104
1275915030001827840
1275914992764796928
1275914982845304832
1275888780214444032
1275888765467267072
1275863848445267968
1275840567621103616
1275743933000278016
1275743651084275712
1275534425766445056
1275522325836959488
1275502764181934080
1275502100525375488
1275497325465567232
1275496581169655808
1275449445178421248
1275437107876515840
1275433281085898752
1275433071223816192
1275432930777710592
1275432871554056192
1275432495744536576
1275431912086085632
1275181038755602432
1275180949563748352
1275102556298129408
1275092528979750912
1275090048602517504
1275089260358574080
1275081597327269888
1275080677881344000
1275052710820265984
1274987473970647040
1274987453691150336
1274987442349768704
1274981155608113152
1274978774296166400
1274978761897844736
1274978749218512896
1274947527318605824
1274828098618474496
1274827843625722112
1274605888255508480
1274482933219438592
1274479478224441088
1274474246618693632
1274472562769133568
1274469607357779968
1274466160818388992
1274462488076128512
1274449891595599872
1274449877322391552
1274449720434470912
1274449655112351488
1274449426774478848
1274448673083215872
1274448660097634304
1274448642859053056
1274448631198896128
1274448553113501696
1274357901927333888
1274273991948148736
1274217650525274112
1274215647975804928
1274215460599455488
1274113861755568128
1274113248657321984
1274112986089771008
1274112221401026560
1274112028303646720
1274112009408261888
1274098870637772800
1274097789216133120
1274097276051480576
1274094072311971840
1274086517141639168
1274084872932524032
1274084795061018624
1274010985276325888
1273967757869166592
1273967688453406720
1273638502186483712
1273073914802028288
1273040898604109824
1273034334644121600
1272964069658681088
1272814486890700800
1272662924205662208
1272625685211815936
1272625655340044288
1272625611597664512
1272625589363658752
1272543251103350784
1272543215737090048
1272540517113495552
1272532670829023232
1272518309402025984
1272514260321665024
1272483527980965888
1272474338978078720
1272444180904775680
1272277696358371328
1272274926125359104
1272268233731715072
1272255690887835648
1272253927539585024
1272223546291388416
1272218348567265280
1272218212046864384
1272217807699263488
1272209442243850240
1272201991545131008
1272201622182076416
1272201599029587968
1272201581052780288
1272192868283822080
1272192801632026624
1272181139902533632
1272177416430108672
1272177400512679936
1272159045403762688
1272158989871190016
1272158953888198912
1272158831821361152
1272105494077997056
1272105361588326400
1271951257071226880
1271948322979434496
1271946147880488960
1271943627762171904
1271937699847561216
1271915580954738688
1271907079972950016
1271906496562028288
1271904896326008832
1271859480507174912
1271859385686466560
1271856718247596032
1271849508662542336
1271849302764240896
1271798080254414848
1271780101588475904
1271778239829233664
1271716724728123392
1271702638715899904
1271570953068216320
1271533442581364736
1271533379012497408
1271489376355262464
1271487792347074560
1271480281225138176
1271428602861621248
1271428454265827328
1271426664778661888
1271424051685269504
1271397546808745984
1271372110800322560
1271248669296205824
1271213830245421056
1271209947972468736
1271205728339058688
1271170301846597632
1271150429066444800
1271070347085918208
1270833643280314368
1270824130066210816
1270820873403076608
1270789748299366400
1270780438274080768
1270777021342285824
1270774092489265152
1270767297641226240
1270761655941713920
1270758355867492352
1270751211382345728
1270496229454217216
1270479352715714560
1270421610168754176
1270421582440280064
1270421545828200448
1270419679803322368
1270340028024213504
1270286120497152000
1270286102436499712
1269770750036185088
1269660185032876032
1269660144201338880
1269596575187288064
1269551303019167488
1269433702607699968
1269345336365113088
1269249409306570752
1269247379359883264
1269177134246961152
1269047098223333376
1269036833360535552
1269013839342952448
1269013530063273984
1268980456567058432
1268963315306442752
1268963011856916480
1268962935709356032
1268962848455241728
1268962831942266880
1268958074829750272
1268947063691259904
1268947052182097920
1268880135656288512
1268855088673677312
1268854212533923840
1268833555049861120
1268831936975458304
1268831929119449088
1268831914305163264
1268831902976356352
1268831887663017984
1268812746310799360
1268683953260695552
1268676663660945408
1268649619980005376
1268648116900835328
1268647014507646976
1268615431985627136
1268615265597734912
1268614818807738368
1268552847240593408
1268552812331446272
1268482377900265472
1268441282512379904
1268431921366929408
1268429945228996608
1268313081937100800
1268263359549526016
1268259683439185920
1268259510021390336
1268259431512498176
1268255342875627520
1268254215970816000
1268250401272483840
1268226214046707712
1268226154860818432
1268221180932169728
1268208248299143168
1268163429099077632
1268161014488596480
1268160532219072512
1268159382946295808
1267935630241169408
1267931640921313280
1267928948740153088
1267926943896416512
1267910111214931968
1267758378106880000
1267609841096364032
1267608843292479488
1267608521559990272
1267601907138408448
1267522451543646208
1267503315178475520
1267500591170846720
1267371387683045376
1267247353238556672
1267231186037899264
1267230544179445760
1267229295916789760
1267226398428745728
1267226339955879936
1267165285167104000
1266981972913590272
1266980729013055488
1266875008145666048
1266874039622139904
1266861985431511040
1266861954062331904
1266722116189278208
1266492005720489984
1266468740444676096
1266468726314057728
1266402874625536000
1266402805520175104
1266336606518161408
1266296925348720640
1266104377623941120
1266104308615000064
1266102135973961728
1266094835171287040
1265765518876848128
1265764199151665152
1265753139979976704
1265751521024671488
1265750931062362112
1265750908333428736
1265750858849029888
1265750837546098688
1265750806151794688
1265750764456157184
1265699871098654720
1265686825680732160
1265681869464571904
1265681424012783616
1265581784504373248
1265581752426344448
1265580243756224512
1265580172302049280
1265580152525860864
1265580131885764608
1265579613855649792
1345379436158480384
1345378810582216704
1345038419941064704
1345038055904829440
1345037926867083264
1345037769207406592
1345037561924886528
1344149608566583296
1343903341181603840
1343903154459570176
1343779355017809920
1343551159026515968
1343223060015550464
1343221430016684032
1343221271920828416
1343219942183870464
1343219836827086848
1343219657751330816
1343219581758951424
1343108563250667520
1342693828097167360
1341387409787908096
1341387221904093184
1341387152194715648
1341230792597516288
1340858447512920064
1340517940240785408
1340319387207815168
1340319318991659008
1340319191245725696
1340159058905604096
1339984020843716608
1339983818703421440
1339983311414972416
1339983164874354688
1339983082984759296
1339982875089903616
1339982737307004928
1339818659733262336
1339288310393565184
1339192399650820096
1339192336023216128
1339191868647743488
1339191668638167040
1339191632390987776
1339191590754131968
1339050641734455296
1338904186709286912
1338904048645402624
1338903930651217920
1338903757548089088
1338903638153064448
1338903557383331840
1338903458339041280
1338903380631154688
1338903252746842112
1338803056809562112
1338778594995212288
1338754827292184576
1338709481002323968
1338686078635667712
1338685375024410624
1338571439180549888
1338559145851629568
1338511265761726464
1338319195436707840
1338139990526734336
1338139879386050560
1338139301058650112
1338139129855533056
1338138956404289536
1338138542191616000
1338138385148469248
1338138279053565952
1338138141534924800
1338137938849370112
1338137808054181888
1338137623513214976
1338137476611891200
1338137350698901504
1337982404607226112
1337645563970543616
1337600397813440512
1337494361794338816
1337458892847116288
1337458513858228224
1337457437176115200
1337457325293113088
1337456692360077312
1337456595018649600
1337456460159213568
1337456208702279680
1337456084307615488
1337247762312781824
1336675844471869440
1336671111304671232
1336548542459109376
1336380195528445952
1336380080134696960
1336379979467272192
1336379810369638400
1336379734914191360
1336379651694981120
1336379570325491712
1336379485319548928
1336379308479311872
1336314597599535104
1336159013122306048
1335876161721823232
1335812657547517952
1335614028966715392
1335611770753474560
1335611599185383424
1335600959125327872
1335600197330755584
1335599661344813056
1335599492062646272
1335599313410461696
1335452775883354112
1335440357786603520
1335309721117618176
1335309625063854080
1335102986268405760
1334737565363146752
1334500079487553536
1334135457601499136
1334024044711194624
1334023593852866560
1334023269628989440
1334022500104105984
1334021750070317056
1333983735386091520
1333466009018183680
1333286239458496512
1333286177311510528
1333158715076333568
1333074237016444928
1333073483128069888
1333072963676090368
1333072437974536192
1333071509888364288
1333070586730471424
1333070344668712960
1333069300006055936
1333068838699737088
1333068501293076480
1333041670972203008
1333041336795148288
1332898015535915008
1332892247193423872
1332891637803048960
1332891499672064000
1332870001502679040
1332867517384175616
1332696393518100480
1332549861120618496
1332549614147428352
1332426380181725184
1332410497992421376
1332390371071062016
1332390161003520000
1332389602154467328
1332389294867177472
1332211357295534080
1332210670667002112
1332199788956225536
1332192677077671936
1331800285493268480
1331781477315600384
1331775745203560448
1331671606331133952
1331525265412005888
1331452195414421504
1331256170716258304
1331235411360935936
1331100602592530432
1330738982867656704
1330530925185282048
1330530469587410944
1330530365329575936
1330384323246166016
1330143805983559680
1330143126007271424
1330033629985181696
1329781253558710272
1329630499535544320
1329617340787535872
1329505719213813760
1329285010201915392
1329251982205476864
1329146124096188416
1328790154467794944
1328554161793851392
1328423210308734976
1328269159164154112
1328242332404240384
1328053887962640384
1328053591278559232
1328051107378159616
1327935838219624448
1327886182915715072
1327814443443621888
1327723409372041216
1327702587408347136
1327660465342844928
1327653062538825728
1327648236119748608
1327593480403755008
1327592489407143936
1327509406821593088
1327509105028816896
1327506627533164288
1327505285037121536
1327482804272291840
1327353143684947968
1327314171650846720
1327313680573353984
1327312961510273024
1327312638083264512
1327125173368139776
1327085041294450688
1327029493085712384
1326972221017952512
1326958823496687616
1326952066707824640
1326928895631912960
1326920559754612736
1326732037911437312
1326616922033688576
1326566231416197120
1326536788215697408
1326495954602766336
1326411542590590976
1326251874044026880
1326228229137510400
1326225095531122688
1326224647340384512
1326224155113631488
1326215606689992704
1326146057621958912
1326145467416272896
1326070469943025664
1326038828277256192
1326031522449788928
1326028957611945984
1326027154233176064
1326027008359469056
1326022441978769408
1326021981809086464
1326020437088870400
1325896591350362112
1325874926763597824
1325865817511260160
1325849743138967552
1325816630274875392
1325816486255091712
1325708879200743424
1325626679847510016
1325487754441076736
1325471392037564416
1325452279173033984
1325452154975432704
1325452005503078400
1325371374282661888
1325370856550395904
1325352812818149376
1325114693460037632
1325086584195133440
1325086002722050048
1325085689629843712
1325085634965463040
1324914649482096640
1324774476287004672
1324773801905803264
1324773445700300800
1324772217939546112
1324729105183580160
1324579870723244032
1324446001919369216
1324445554626174976
1324429071066009600
1324273253720928512
1324257745013493760
1324216721448800512
1324057795491209216
1324056965996314624
1324056188254855168
1324040196669788160
1324039607751708672
1323848202462941184
1323843642893705216
1323738412520771584
1323731682814513152
1323729155985473536
1323728437379555328
1323631619698270208
1323609424250970112
1323585021593137152
1323584033733959680
1323552966922698752
1323550395566825472
1323547624482496512
1323546081821601792
1323545714287398912
1323544456419856384
1323544175091089408
1323525463055212288
1323524053097992192
1323523033798189056
1323500343536328704
1323481552152596480
1323474800388571136
1323473341580234752
1323347711396032512
1323317308262154240
1323309003183710208
1323308008173129728
1323296068935831552
1323116196502343680
1323009030898503680
1322971019490037760
1322925736248958976
1322857427679776768
1322773635891892224
1322771883889143808
1322759976499240960
1322759676212248576
1322754494942318592
1322642775389753088
1322584541148680192
1322582033453993984
1322506191893860352
1322505346255126528
1322502347667443712
1322499399893897216
1322473004836814848
1322468674226343936
1322407953639608320
1322382505111158784
1322257823166877696
1322257599522361088
1322155843853451264
1322152659323936768
1322084100551880704
1322014234906120192
1321905451965976576
1321904704243249152
1321904410453311488
1321684277931708416
1321571402990977024
1321571330786004992
1321492916695695360
1321465708631543808
1321442763112620032
1321429852289945600
1321389767616061440
1321350423534592000
1321324988620853248
1321193776208117760
1321180260289925120
1321165193938935808
1321164530899165184
1321164108285333504
1321163837006061568
1321163275694968832
1321163111634739200
1321162897742012416
1321162569978155008
1321162048668078080
1321130895588413440
1321128118812319488
1321094277238312960
1320990799044186112
1320969402691571712
1320968483174260736
1320941398762336512
1320941327597580288
1320825838535933952
1320819540536811520
1320723782101835776
1320723655119327232
1320723245402906624
1320668175713865728
1320653023299948288
1320643782820462592
1320572318654046208
1320399493007892480
1320374467122561024
1320206740466634752
1320056779980611584
1320045883669532672
1320045550985687040
1319979199059402752
1319836333385330688
1319690675231784960
1319681697001181184
1319657805264158720
1319656213043384320
1319655470416748288
1319655355882872832
1319654849135448064
1319564450588954624
1319544383398645760
1319516831636508672
1319479816689717248
1319479550921854976
1319355674116108288
1319353041041133568
1319340027294396416
1319244426187857920
1319188886590001152
1319188702724227072
1319114877185786112
1319013539869298688
1318987724192387072
1318983424028348416
1318982167960129536
1318940090589118464
1318857264397254912
1318855141408256000
1318847169424707584
1318758004976721920
1318756669132840960
1318756635238694912
1318754173203238912
1318753976473382912
1318616242085720064
1318615068318273536
1318598290678697984
1318567650918793216
1318540947328729088
1318488641598033920
1318478582180700160
1318388432436187136
1318293808442937088
1318285862455676928
1318276629098102784
1318276295348936704
1318259596008558592
1318258797006213120
1318231483916689408
1318229656437428224
1318228808659574784
1318228152896937984
1318203878454792192
1318203757126144000
1318203277947842560
1318019007493099520
1318011639959085056
1318008325473243136
1318008209379106816
1317970876399276032
1317894154932916224
1317893626379309056
1317881350821728512
1317876711497879552
1317876100144500736
1317845999344324608
1317677165471813632
1317545071416365056
1317536349008941056
1317535865644646400
1317535817011703808
1317535205620678912
1317515968390770688
1317470566551605248
1317469687362584576
1317467677645000704
1317424263566118912
1317423579349327872
1317416128994512896
1317413042615951360
1317389295532081152
1317381015283826688
1317380517977858048
1317379828035821568
1317313341023526912
1317181147860946944
1317177421729271808
1317167820304732160
1317166658092474368
1317164162850672640
1317155656898646016
1317152379989610496
1317151966657609728
1317149573576577024
1317147266235457536
1317147183376965632
1317012604200620032
1317012220329512960
1317012170245365760
1316936612027289600
1316818068190965760
1316804062512320512
1316797487752130560
1316796360532795392
1316792807697387520
1316790140707237888
1316787035940835328
1316764220818685952
1316717900984725504
1316713840034414592
1316676184516812800
1316675596399923200
1316674799410835712
1316674236531048448
1316655371524755712
1316653862070243328
1316613339460624384
1316572665818251264
1316486990184034304
1316484681823662080
1316482902973198336
1316481769139470336
1316478200428494848
1316477252452921088
1316475341456789504
1316473051492626432
1316473031590633472
1316473016084246528
1316454792303083520
1316445175703535616
1316445100516442112
1316272997716590592
1316205981605523712
1316199002384273408
1316117077179195392
1316116749771825152
1316116431784771584
1316115851322503168
1316062494767579136
1316025013850447872
1316011436414398464
1316011174245265408
1316005139296133120
1316005090080231424
1316005039639539712
1315992869996462080
1315991840294932480
1315991340497371136
1315948850096615424
1315948611092570112
1315948326437752832
1315938640305025024
1315850078939222016
1315743389158121472
1315737013589610496
1315736686119321600
1315736593576144896
1315733099901222912
1315732302744424448
1315730973645045760
1315729718306574336
1315729203849986048
1315727882140909568
1315726586994470912
1315677237346275328
1315677053182791680
1315676138145021952
1315492970167238912
1315492460307587072
1315316710233309184
1315289978159722496
1315289750748659712
1315289539376750592
1315289238544547840
1315221704696889088
1315189819195174912
1315165865256595712
1315126503206785024
1314986512816181248
1314983592926347264
1314968792544538624
1314930092188078080
1314907645904588800
1314907447551819776
1314902334422552576
1314901679452626944
1314901534556078080
1314899560632856576
1314899402910248960
1314842069387575296
1314819740095975424
1314815692131180288
1314815073697832960
1314808222876917760
1314807628778831872
1314769930139643904
1314500803839897600
1314495583512604672
1314495355329937408
1314404320075493376
1314395773396754432
1314221089296453632
1314221058166267904
1314220787264561152
1314220193875472384
1314220169020018688
1314103782674923520
1314058960488591360
1314057937195859968
1313912604537036800
1313912465219096576
1313912305516720128
1313822775979770112
1313820311469674496
1313820194410835968
1313817235744489472
1313816721711562752
1313784389365530624
1313765275649671168
1313675930418716672
1313549542214823936
1313549417874685952
1313549331379740672
1313548438500499712
1313499433397628928
1313483122160345088
1313476857069801472
1313476488436613120
1313459894087974912
1313455248795725824
1313454929751802112
1313452990905421824
1313451853707870208
1313450740543873024
1313390558770012160
1313313147244118016
1313262790182920192
1313259960554459136
1313179454856978432
1313164621369479168
1313155052148842496
1313137935236190208
1313127838292246528
1313126610963517440
1313120326432235520
1313120251933061120
1313013373542465536
1312953669864894464
1312827306331844608
1312820117978468352
1312819653790633984
1312805750180376576
1312798009143549952
1312797752863186944
1312786213250703360
1312784044225114112
1312683920870211584
1312599552885743616
1312594456798015488
1312465340979318784
1312457271465533440
1312424026330062848
1312423993622888448
1312423863398076416
1312423676957122560
1312423651069825024
1312400442291359488
1312375824532811776
1312375450342227968
1312375371627663360
1312370833088753664
1312370702167797760
1312367120794222592
1312360429365202944
1312224641004564480
1312223337884639232
1312223136910315520
1312069371360161792
1312060275009478912
1312059924575330304
1312059476795625472
1312059404909502464
1312059317751820288
1312059278203785216
1311928806299451392
1311927380823486464
1311828442061643776
1311752550891347968
1311693790613303296
1311689674537271296
1311669696555614208
1311664900272386048
1311663901906411520
1311663854405861376
1311663616278421504
1311651897380659200
1311651847598477312
1311649844784705536
1311649739398680576
1311649463300222976
1311649241933262848
1311649214246596608
1311649151571161088
1311649110580174848
1311649073594855424
1311649047707635712
1311607341561896960
1311577606689611776
1311567040604405760
1311557916105863168
1311556487647559680
1311555155813335040
1311554421969559552
1311553324374778112
1311553167126134784
1311510347216551936
1311509424285114368
1311509228062900224
1311509157346971648
1311509098622586880
1311498352215953408
1311378326775304192
1311370448551149568
1311332444608630784
1311272925983580160
1311239140084768768
1311237229914750976
1311211714902454272
1311152198546599936
1311147095311687680
1311022009367789568
1310981930058501888
1310977211651031040
1310935766739058688
1310935425821880320
1310785233692897280
1310784759635869696
1310783102084624384
1310782412864065536
1310782267309133824
1310780615197892608
1310590584776724480
1310589859820703488
1310589692296007680
1310589621315792896
1310589505427173376
1310589395779678208
1310497945582735360
1310497010018070528
1310469131959963648
1310384125480709888
1310381243276689408
1310306449365573632
1310269611179470848
1310269164989407232
1310269097675051008
1310260140260630528
1310243785037746176
1310243392715206912
1310243337153196032
1310243106428780288
1310186304961945600
1310183152221073408
1310180418625339392
1310180023593246720
1310058677156675584
1309900487689474048
1309897511482654720
1309897458160472064
1309897173778170112
1309897103972478976
1309896630141956096
1309722708784152576
1309565975000494080
1309565167714406400
1309546811678482432
1309528118542118912
1309521529324154880
1309520487995842560
1309520270475120640
1309434404771696640
1309411530652426240
1309409250708512768
1309398618143698944
1309382908629704704
1309382438964154368
1309380335281598464
1309379980753866752
1309357556033376512
1309208485410877440
1309208434257133568
1309207967867252736
1309191455848763392
1309150222145159168
1309149757877768192
1309124780688277504
1309102207426584576
1309101539005468672
1309082896574152704
1309019046000627712
1309018812994514944
1308961108867322112
1308865882425356288
1308865322473213952
1308865182958006272
1308864359121276928
1308864024881311488
1308825201401040896
1308719824479059968
1308719204305195008
1308672108369793024
1308671674028642304
1308655020922077184
1308647830450565120
1308639377174794240
1308634284689891328
1308634259171741696
1308622049682874368
1308429283027824640
1308428397111128064
1308426880228495360
1308372521553727488
1308366965682188288
1308366878809694208
1308321519068688384
1308320041255997440
1308275602378588160
1308126671787175936
1308126004108562432
1308125207454986240
1308125128325242880
1308118489388011520
1308117912771858432
1308117473733103616
1308116814904389632
1308115806593658880
1308090853798281216
1308088382501851136
1308075624590909440
1308068547080450048
1308066973134344192
1308066332785676288
1308065305990750208
1308064495147855872
1308064303044603904
1308063948068007936
1308056321736965888
1307943139160846336
1307914454554869760
1307906345425920000
1307904189243285504
1307758808232595712
1307747753896927232
1307742925149876224
1307742803770912768
1307742186906288128
1307736169770295296
1307734930001190912
1307729330865402112
1307703157661798400
1307693379137024000
1307693186559733760
1307692923597844480
1307691923382112512
1307691576458702848
1307556247118508032
1307536156825980928
1307530480410128384
1307395219210612736
1307393032732499968
1307379404511891712
1307378947123015680
1307378692558127104
1307375757732306944
1307359561079291904
1307346786810552320
1307346652706017280
1307342036496941056
1307339783480528896
1307337551167004672
1307335588643827712
1307306040271175680
1307305179298115584
1307304183385796608
1307303225540972288
1307298347779264512
1307283811156275200
1307277468068442112
1307229112185085952
1307228984401330176
1307227763506647040
1307223901806747648
1307189167135358976
1307184061077692416
1307044362564571136
1307033231234134016
1307018216519225088
1306998484827099136
1306997903261663232
1306964729752104960
1306941793674694912
1306940836903518208
1306883538181120000
1306861008468824064
1306827272712851712
1306822722891251712
1306702956834717696
1306689793468911616
1306681363148484608
1306680948864487424
1306651794894921728
1306650885511155712
1306649623222726912
1306631200090607616
1306630949711613952
1306557743654817792
1306556833696538624
1306556428128313088
1306553520984858624
1306552283132571648
1306482961718669312
1306458972698836992
1306339619471069184
1306339539401740288
1306338738470031360
1306337282430046208
1306333209869901824
1306332588391497728
1306332449312514048
1306313782336131072
1306311482523750400
1306295702096617472
1306293010938892288
1306292541118132224
1306292446922407936
1306292364907032576
1306292302323888128
1306291855383035904
1306287383655182336
1306285772534935552
1306284547538124800
1306284500377317376
1306282805375180800
1306279011354583040
1306278319227367424
1306277639976620032
1306259440967004160
1306256302864302080
1306241879189708800
1306236694878981888
1306235096979189760
1306234804564881408
1306234434979598336
1306134823463989248
1306130241073614848
1306128442165952512
1306126701399810048
1306125009358934016
1306067341785083904
1306058346072551424
1306057949757009920
1305971297546121216
1305971235357167616
1305943158744854528
1305831136346755072
1305830707592298496
1305829313615400960
1305809658133778432
1305768657147105280
1305693784160849920
1305667292638912512
1305610671212634112
1305610456250355712
1305610369549901824
1305604542545956864
1305602101024886784
1305599504977219584
1305575417814810624
1305571079914622976
1305568953834577920
1305515708256866304
1305329343539875840
1305323831263924224
1305321738868322304
1305252829024718848
1305252747197984768
1305212037530874112
1305208226351284224
1305199134241107968
1305083018835644416
1305081639387705088
1305080962825551872
1305065779449204736
1305031746812104704
1305030251005784064
1305030205426331648
1305029907945336832
1305008126983368704
1304997638681571328
1304887361738862592
1304884756056870912
1304869210745696512
1304841342607126528
1304813937356136448
1304799912492662784
1304799372614434816
1304798657364008960
1304798643459891200
1304784375079370752
1304784347774496768
1304784323263029248
1304781760639705088
1304776675440365568
1304614753046859776
1304508314076798976
1304289326084378624
1304265371252387840
1304108159896875008
1304101107174715392
1304100984273207296
1304100854560153600
1304028956165840896
1304002843159007232
1303916131892297728
1303764354471522304
1303761412376981504
1303761084596224000
1303761047615164416
1303760771260788736
1303752314034020352
1303747904214048768
1303607529843445760
1303603455328743424
1303585981107507200
1303574919670910976
1303564649829367808
1303564194424463360
1303561725162250240
1303547760495538176
1303543658277482496
1303542503447171072
1303542048071602176
1303542026995216384
1303538310430756864
1303437816685306112
1303436738455625728
1303435489819734016
1303435118904827904
1303362011082915840
1303318189632303104
1303293170541826048
1303291866645966848
1303282315007799296
1303282094139936768
1303164635529572352
1303069708917395712
1303064601890824192
1303020026858004480
1303019774260191232
1303019187082797056
1302999759335108608
1302999294342041600
1302998995921506304
1302887201999597568
1302886580844199936
1302823695556247552
1302649877730603008
1302648625051426816
1302648374844370944
1302648325079011328
1302477715203919872
1302476056121704448
1302461199402098688
1302460952294625280
1302459850606211072
1302458225695100928
1302326615381344512
1302323896700547072
1302313752461742080
1302311351201792000
1302308163014852608
1302302057555259392
1302299640528883712
1302297887292960768
1302297562570002432
1302097967445405696
1301950502826110976
1301949932174299136
1301940109231697920
1301939583085686784
1301939500801818624
1301909891448176640
1301905525894938624
1301901120265224192
1301789352226418688
1301789252280356864
1301787224187564032
1301737573199613952
1301737463489196032
1301737372292386816
1301727269539450880
1301626109650493440
1301587860705992704
1301587103386685440
1301574261392506880
1301551300635746304
1301551180514983936
1301494187209220096
1301493615596916736
1301493523926188032
1301483919951396864
1301480851126005760
1301382466595360768
1301369351627563008
1301274523766059008
1301274397978890240
1301274386838761472
1301263611302731776
1301262334376186112
1301245493524209664
1301232854496677888
1301232670723190784
1301232504028922112
1301231847654019072
1301224875730771968
1301210771779727360
1301204679834169088
1301192574275932160
1301192532500664320
1301174458594533376
1301167701696667648
1301165687604482048
1301163415436697600
1301147878426058752
1301086942495465472
1301086221163261952
1301066422806872064
1301059016915922944
1301039540958834688
1300860444266110976
1300815455427461120
1300797756450263040
1300796739394457600
1300792630985580288
1300792003563786240
1300791580282978304
1300773650434588672
1300753237130317824
1300753171011301376
1300752983605600512
1300751271431897088
1300746943891734528
1300746483411582976
1300739204725514240
1300697348197277696
1300695450895478784
1300689162102870016
1300678202608832512
1300675472574099712
1300655723668537088
1300644877034827776
1300498678940131328
1300468807920750592
1300463801259700224
1300449806406553600
1300384294943240192
1300383217363619840
1300352667680673792
1300352095355371520
1300317719577927680
1300316339920343040
1300307008587956224
1300306155902775296
1300302761150607360
1300290098785906688
1300136883469643776
1300123278590312448
1300120331726749696
1300119581202305024
1300119512994451712
1300119255237754880
1300118349536468992
1300118222864343040
1299998633119698944
1299984994618822912
1299966202110935040
1299956986575028224
1299943637548249088
1299937452422029312
1299739642091237376
1299729946282274816
1299696850396745728
1299685112783745024
1299659487461208064
1299652611986124800
1299535044273475584
1299534421981265920
1299533784732372992
1299531678545829888
1299443349749936128
1299443290488668160
1299413932013162496
1299409815953965056
1299409676082184192
1299399932542177280
1299399281313488896
1299398894183473152
1299395217188151296
1299385186661130240
1299366935134711808
1299359303040675840
1299353309774573568
1299265024943423488
1299183161499410432
1299066260307800064
1299063145386905600
1299063061068820480
1299056926823772160
1299056847920521216
1299056798318682112
1299056410312015872
1298880354795900928
1298858893993541632
1298690334591987712
1298688062029991936
1298503084591779840
1298502604926918912
1298486117155639296
1298472322689576960
1298341013287833600
1298338977875984384
1298335334921637888
1298329307245424640
1298328633065562112
1298328336847044608
1298243896170950912
1298243525981753088
1298243059784835072
1298154929035579392
1298085224769822720
1297816574716514304
1297785027246395392
1297782039417102336
1297778515224428288
1297774027575099392
1297773741599076352
1297731777696604160
1297728100311146496
1297588340154413056
1297582749847638016
1297548921347223552
1297507029733511168
1297497810577829888
1297497736363868160
1297479592610013184
1297474745970167808
1297465398770663424
1297441857765543936
1297404541474873088
1297392140151066624
1297391479166504960
1297391148026212352
1297390708563881984
1297390641660547072
1297389205400805376
1297388630919479296
1297383206992445440
1297207550027485184
1297191632127905792
1297081143532101632
1297073710336270336
1297057225417138176
1297041789275299840
1297035807874850816
1297023692824813568
1297023112521945088
1296806675668754432
1296803184074199040
1296801722938077184
1296798964981870592
1296790950094798848
1296789260582912000
1296774238528045056
1296740678261788672
1296738025209245696
1296724944479543296
1296724432191455232
1296722384989413376
1296720367634063360
1296716251696332800
1296707901545996288
1296707656841940992
1296694469430071296
1296693146613616640
1296687180476186624
1296677245369679872
1296664672062640128
1296663843649867776
1296663333605724160
1296662579851472896
1296525262818091008
1296500960039178240
1296483907148361728
1296479170051166208
1296478114999087104
1296477255137460224
1296450781277822976
1296423955377553408
1296423708941324288
1296417375848472576
1296400474787151872
1296396956688879616
1296338095961518080
1296316434117787648
1296300236512559104
1296287104910200832
1296286951847399424
1296169285086318592
1296150148544958464
1296143840529743872
1296051254536409088
1296022399725588480
1295969460025786368
1295945202226606080
1295817570638090240
1295675008132554752
1295670115917275136
1295647519947489280
1295630208834441216
1295610496108953600
1295587557007331328
1295561527878090752
1295455649648857088
1295380679480541184
1295368163253682176
1295362287969206272
1295216423493664768
1295215331821191168
1295214880056803328
1295210382907318272
1295210202946506752
1294853444050845696
1294845920580861952
1294704744208969728
1294702891215867904
1294637916686372864
1294506301209354240
1294496722522198016
1294358173571330048
1294349394083549184
1294339120714657792
1294335928522211328
1294333179554418688
1294133674095464448
1294133494692552704
1294121674850402304
1293949951903330304
1293949069061246976
1293948679477493760
1293948360311934976
1293771013587636224
1293643290559029248
1293406108154048512
1293238669994844160
1293229048546709504
1293205259813302272
1293204980602740736
1293142762800525312
1293101911600758784
1293086568224362496
1293083973783101440
1293083948407500800
1293065789143212032
1293064630710018048
1293056808005840896
1293046890246873088
1292921398508293888
1292921205842903040
1292854424365412352
1292710000234762240
1292539051573153792
1292515706702123008
1292504941412716288
1292431118613061632
1292430977160159232
1292430538826031104
1292429469844635648
1292427988257120512
1292300641092743168
1291779705247608832
1291778805720325888
1291778266555179008
1291748938467475712
1291657774364078080
1291588339762683904
1291581818890846208
1291581746736177152
1291417395505102848
1291355924150530048
1291317008345300992
1291316393913257984
1291223660557152512
1291213640641765376
1291200168440860672
1291200105538887680
1291068434848120832
1291066917550198784
1291044983873699840
1291035606928236288
1291032559409930240
1291016220972584960
1291001525045809152
1290877204210089984
1290876198197878784
1290872573127991296
1290872482661044224
1290870960237752320
1290869707835428864
1290864479358648320
1290699975773519872
1290699104834793472
1290696277655719936
1290682056243118080
1290530531894067200
1290529362408869888
1290528104801280000
1290492637015707648
1290340787184689152
1290180737493110784
1290116840748769280
1289818163450970112
1289816533619875840
1289782368002117632
1289615018028228608
1289584742308777984
1289584297330933760
1289554541222846464
1289374835613798400
1289032308633280512
1288800219686199296
1288733999872040960
1288732866160087040
1288711771516280832
1288496857925263360
1288424799644069888
1288350911757258752
1288350830358339584
1288349788526739712
1288327480437342208
1288327206075273216
1288317131688497152
1288314836988952576
1288314585292955648
1288314079166320640
1288313158759833600
1288199609324638208
1288196062705061888
1288155779569192960
1288123382085513216
1287976661217153024
1287970744849371136
1287970401956638720
1287968987112976384
1287953776708640768
1287795705650839552
1287794330414047232
1287794167847047168
1287775561675354112
1287770195344478208
1287687567203356672
1287650535110258688
1287606176935444480
1287476645427847168
1287470470464516096
1287448871778615296
1287430114658127872
1287409125870178304
1287399702896549888
1287315318944260096
1287299452911452160
1287298879319416832
1287257561897537536
1287098843725729792
1287076875005829120
1287034153431642112
1287028996786532352
1287007536084910080
1287005919822438400
1287003199468195840
1286982680651890688
1286981654406463488
1286937876773703680
1286919456648835072
1286913531175149568
1286895776946364416
1286894546790617088
1286893714250637312
1286892913650278400
1286883925030297600
1286725810146234368
1286718729473216512
1286687816391458816
1286682130437885952
1286677204705980416
1286631126606413824
1286628006434308096
1286621397314342912
1286595868209152000
1286592397074472960
1286591508271988736
1286579117496905728
1286568016524836864
1286567564622036992
1286567245607587840
1286564027351601152
1286552793441021952
1286549054311337984
1286547795588059136
1286546261634621440
1286545343275053056
1286523134829527040
1286506595229339648
1286506441541550080
1286381923296739328
1286378388983287808
1286354025483587584
1286353804594683904
1286352198520180736
1286348884319653888
1286333217038114816
1286329314498289664
1286328673579171840
1286324426406010880
1286321347115864064
1286314844082372608
1286313443541364736
1286308279870803968
1286292653152374784
1286286256951959552
1286286019537580032
1286284406521552896
1286283758790946816
1286282958408687616
1286282553545109504
1286282216709001216
1286194662403977216
1286193564691636224
1286179504315138048
1286170370500943872
1285998793725534208
1285998366443352064
1285978432938086400
1285941161828515840
1285940973940494336
1285940900028456960
1285833561979977728
1285812011381792768
1285808856258551808
1285804396245389312
1285792538599862272
1285596343604580352
1285596317415284736
1285596252588191488
1285521392713302016
1285511386664177664
1285511179884994560
1285493465397198848
1285485705536339968
1285482083079659520
1285476629637103616
1285476488129786112
1285455066250567680
1285274585978593280
1285251950607585280
1285249373044178944
1285241766069841920
1285181464380923904
1285179777079546112
1285165015570567168
1285162016760528896
1285148405308809216
1285094987630358528
1285082003021402112
1284952175278542848
1284939298249363712
1284933236578308096
1284924505043894272
1284899026253615104
1284871403670577152
1284864423866372096
1284742134390820864
1284741517115043840
1284741301511041024
1284741227854929920
1284740442505056512
1284724971747586048
1284595775742398464
1284408647762706432
1284379273990737920
1284377735914192896
1284370904303140864
1284368324869140480
1284344125643530240
1284213204403531776
1284203318466744320
1284200742555918336
1284199889069576192
1284196619840356352
1284195594530164736
1284195179507978240
1284194603449618432
1284192861190270976
1284192584433270784
1284192183512424448
1284191915810992128
1284191739725717504
1284191495076098048
1284191171879862272
1284180097822601216
1284179833258467328
1284163082281979904
1284156522633797632
1284155603024326912
1284154950398943232
1284136610641121280
1284097047549956096
1284091077939597312
1284089033656868864
1284077493398515712
1284075864217485312
1284019631959740416
1284016141921378304
1284015017197818112
1284012902823989248
1283992149219069952
1283988969101942784
1283983007976755200
1283823621014773760
1283822599252914176
1283817101459955712
1283814129057308672
1283811699636805632
1283776821851545600
1283761557097381888
1283757915288080384
1283757011189071872
1283752750539472896
1283722123001962496
1283702481420267520
1283639255894577152
1283637729616592896
1283512490211540992
1283484566351745024
1283483266759176192
1283483207476875264
1283482636305010688
1283454421825970176
1283396827761516288
1283379582301810688
1283361548644356096
1283352713024155648
1283337138214449152
1283334904361738240
1283333940091195392
1283333642371170304
1283283311620771840
1283282772426096640
1283281978641481728
1283275588640309248
1283268710824923136
1283268680340692992
1283119358999515136
1283119227126382592
1283118488651956224
1283109498710786048
1283087800712167424
1283083407002664960
1283069901649969152
1283050095357960192
1283046808483254272
1283041926057426944
1283038243966066688
1283036177742925824
1283036080548261888
1283006135642083328
1283004172191903488
1282924466062974976
1282922896252444672
1282916411401175040
1282916250017042432
1282915789318828032
1282894892574834688
1282894748869636096
1282762941805322240
1282759380874690560
1282759010383548416
1282737505712865280
1282737406878322688
1282732111066259712
1282729855239565312
1282725116456177664
1282716174476890112
1282710143839408128
1282557923433025536
1282552625804783616
1282548997358583808
1282548780341039104
1282531038028345088
1282345660113727488
1282262819770191872
1282262187206205440
1282257094239031296
1282254899384852480
1282238424255168512
1282234104478670848
1282233178036502528
1282226288766464000
1282220738733322240
1282206948885172224
1282204000125890560
1282203100623798272
1282198081187074048
1282193523043950592
1282190117176856576
1282189320766525440
1282185517166190592
1282177101228134400
1282173730282774528
1282163924486574080
1282010467490238464
1281961060963057664
1281957226442301440
1281933907047350272
1281930923450290176
1281930166193750016
1281864556374102016
1281863937227665408
1281863004620029952
1281862159534821376
1281861671410171904
1281831392603774976
1281808746444881920
1281806601972834304
1281717704429317888
1281709433052168192
1281708699602616320
1281694400331034624
1281675213583847424
1281663768041271296
1281659331897942016
1281657501918924800
1281641261821317120
1281630356182106112
1281622472375373824
1281616226758909952
1281614510550396928
1281609739290447872
1281608220579069952
1281606204440150016
1281604504593539072
1281599014648066048
1281597872413253632
1281595239141081088
1281593844459610112
1281592603931271168
1281591186604658688
1281590512542257152
1281588794874040320
1281588042252288000
1281586779360026624
1281584166023438336
1281580843660644352
1281579300228145152
1281578824984133632
1281577424849862912
1281576613206011904
1281559101793808384
1281529591904051200
1281452235302539264
1281279039555145728
1281277888285880320
1281276623644495872
1281260480657534976
1281258760581849088
1281258471409815552
1281182009830731776
1281113073617637376
1281048599388991488
1280923193180643328
1280912536985112576
1280905782452682752
1280904349292560384
1280881634682769408
1280877601540780032
1280870825277698048
1280870652816297984
1280754370502692864
1280712035026841600
1280711476987166720
1280593395128455168
1280549017747894272
1280545226579460096
1280501669772615680
1280357183952125952
1280355588346720512
1280350403352297472
1280348853892517888
1280340558981054464
1280212880617603072
1280209019894931712
1280169981431418880
1280157693500698624
1280154354511683584
1280153733180112896
1280153018109964288
1280146556231049216
1280146207881428992
1280144895953469440
1280056999963746304
1280054286077120512
1280052940229824512
1280051441017802752
1280025294653587712
1280000318848327680
1279994830895054848
1279992527882510336
1279991379435847680
1279863916684812288
1279862824903282688
1279847557469003776
1279839913911947264
1279836057740115968
1279834175609110528
1279831755109871616
1279829324032598016
1279827511812259840
1279826188907708416
1279824494509666304
1279822682733887488
1279821037153267712
1279801505009278976
1279801239275003904
1279800814958252032
1279798582552428288
1279768857532600320
1279708757338001408
1279663553113477120
1279662243983089664
1279592160480890880
1279509895113576448
1279502018407784448
1279499873239404288
1279494029420441600
1279493984465883136
1279490873231892480
1279490185391202304
1279473102423044096
1279449157858623488
1279447530774953984
1279446233459933184
1279445472864854016
1279445028469903360
1279397413279719424
1279396174538080512
1279338714796261376
1279338334188429312
1279312651458412288
1279300332942692352
1279278390990843904
1279273995645353984
1279273872630657024
1279265281957924864
1279125126898954240
1279115478011653888
1279074709519417088
1279060989397393408
1279053008744189952
1279050793518317568
1279037151360008192
1279023043315187712
1279021676261498880
1279008586576822272
1279002175650312192
1279000460016463872
1278969785712291840
1278950412176044032
1278948591994896384
1278920079372156928
1278902320143663104
1278765128394162176
1278764473646485504
1278762743420592128
1278722414491439104
1278719967643545600
1278694575398322176
1278679184244695040
1278679158101549056
1278677651327266816
1278676658497691648
1278676147300118528
1278675754683858944
1278673507413565440
1278670927836991488
1278665185994117120
1278624808045953024
1278624069252980736
1278622960019025920
1278622778091069440
1278599616653656064
1278537832169115648
1278414099777454080
1278413896160772096
1278413549652643840
1278413463929466880
1278409292966703104
1278408686759788288
1278408502420144128
1278407341323452416
1278394345029328896
1278393681142317056
1278393651845087232
1278382831014744064
1278382236769964032
1278381903410757632
1278381836385878016
1278381725253619712
1278381434080763904
1278373547979792384
1278371160753914112
1278368689323151360
1278366867162370048
1278366842994769920
1278366821507313664
1278366803119476736
1278366772719161088
1278366718734340096
1278366698303864832
1278365782972530688
1278363472972177408
1278361383327973376
1278360700671479808
1278359604980781056
1278357116043104512
1278314575381790720
1278297075600556032
1278293647663017984
1278293079670296576
1278279264312463360
1278266588974776320
1278265396219518976
1278265141696626688
1278160786532241408
1278160739241525248
1278138911131348992
1277934146774597632
1277924913811197952
1277924004985294848
1277882669175640064
1277879138968375296
1277873422408843264
1277808854642941952
1277798403913781248
1277678313230815232
1277673527156539392
1277672727088967680
1277648933611847680
1277647251318419712
1277646674006085632
1277608188418887680
1277570605919994112
1277488858867924992
1277483505619021824
1277432538844344320
1277335134035943424
1277335042298183680
1277325887013359616
1277318656976977920
1277285160984158208
1277278177585438720
1277255849174581248
1277254574290632704
1277252471023435776
1277248797945577472
1277246550574542848
1277238899425923072
1277228332237668352
1277228018826645504
1277206364289302528
1277143952441970688
1277143118538846208
1277135586017632512
1277077693142650880
1276958388962934784
1276953001417113600
1276940287449890816
1276935593721827328
1276930712059420672
1276926790196485888
1276923559206629376
1276902224497500160
1276807095300640768
1276790612025577472
1276790288481161216
1276786363132784640
1276784886272135168
1276766264749326336
1276749060947480576
1276745518417350912
1276739073915437056
1276738605181009920
1276731004389150720
1276726023434964992
1276724823096516608
1276716787921543168
1276716408328650752
1276631202963828736
1276621915680051200
1276621601442803712
1276602275897782272
1276601479722348288
1276600014966525952
1276599840844271616
1276473314958102528
1276450639367847936
1276443869060661248
1276424193379270912
1276419145328988160
1276417143467376640
1276415602706583552
1276415547694030848
1276340898792603648
1276339936418058240
1276336280943710208
1276332915320856576
1276226414619045888
1276226057545363712
1276222989906870272
1276220027293835264
1276219836054540288
1276219768366923776
1276219648527208448
1276218768956559360
1276186634053181440
1276181467643752448
1276181407371538432
1276178729488744448
1276174875342901248
1276157372172549888
1276155445951037440
1276139115176775680
1276129209279184896
1276129130090835968
1276107715643936768
1276073360217309184
1276050520621355008
1276048377105584128
1276043118861864960
1276001856565792768
1275986442934792192
1275975625011081216
1275852015307030528
1275850301321477888
1275847244957220864
1275842356051353600
1275835776853520384
1275835477413765120
1275834984130019328
1275834912478842880
1275833773947527168
1275833700459085824
1275814863034626048
1275814599674249216
1275808849568677888
1275807764296671232
1275805551058989056
1275805084962734080
1275804984102326272
1275804704895836160
1275804551141109760
1275804362590298112
1275788874229469184
1275772364807077888
1275759701951684608
1275759611061121024
1275721976988958720
1275721891261620224
1275721169308733440
1275720132657020928
1275720028223164416
1275653110703296512
1275607236061073408
1275604689761992704
1275510597627543552
1275508315645149184
1275508191422488576
1275496164922667008
1275495154938511360
1275494656231510016
1275493096697053184
1275474378596237312
1275473616608641024
1275473311124918272
1275473004223479808
1275466571985694720
1275458559086661632
1275458095620206592
1275457583382487040
1275457501027160064
1275437188960808960
1275429087390072832
1275400003729739776
1275387913065377792
1275386305602629632
1275373397174779904
1275367183221239808
1275351261152448512
1275348953077334016
1275348466424778752
1275348326418911232
1275348035095212032
1275314388388413440
1275312392050786304
1275303298459893760
1275303010051162112
1275295128488419328
1275292905423474688
1275292699625733888
1275290244712222720
1275155490889183232
1275155373519974400
1275136198349127680
1275135764544860160
1275135587339599872
1275134840128634880
1275110210022117376
1275099113487511552
1275089683547070464
1275085286792474624
1275084164384112640
1275083380401623040
1275080532892639232
1275075241882947584
1275075172450529280
1275073546604015616
1275073504233221888
1275073468891926528
1275058013540409088
1275057696996233216
1275048095789789184
1275017865750622208
1275017749694222336
1275004077773070336
1274987554396389376
1274984957866315776
1274984696137515008
1274984232637673472
1274974756580790272
1274974341965340672
1274974020820221952
1274973517692522496
1274915377370333184
1274898983203287040
1274818265961947136
1274817451264552960
1274816205703000064
1274813659785633792
1274809585531080704
1274806584133201920
1274795674291376128
1274750935571607552
1274724276747350016
1274660036715982848
1274657589935116288
1274641005401251840
1274638644817596416
1274619745111859200
1274617694986424320
1274607656263544832
1274607077936304128
1274602626328539136
1274600136111505408
1274586485065383936
1274580583755190272
1274509590554697728
1274419584595099648
1274412353241702400
1274411056383885312
1274377600950034432
1274375478724395008
1274341439569375232
1274296832018055168
1274282411644289024
1274253111155187712
1274247229172330496
1274240265902063616
1274233293773443072
1274232799218864128
1274232151098171392
1274218561695813632
1274216032635441152
1274208132315721728
1274205067843903488
1274202299578056704
1274200605679063040
1274199097101234176
1274195304150175488
1274191447751897088
1274190471519244288
1274187318509867008
1274181230112751616
1274164939117211648
1274034863956508672
1273977812052041728
1273976132245819392
1273974449587585024
1273973608101134336
1273972703364603904
1273924428519391232
1273924137711476736
1273923479998468096
1273923358711824384
1273923226847137792
1273923083146014720
1273922886483546112
1273922736470011904
1273922552352641024
1273922316993531904
1273917070674210816
1273874185329270784
1273856719903428608
1273855236365520896
1273850151636021248
1273849997151416320
1273849855170002944
1273847952075894784
1273686498945236992
1273682431942549504
1273680686445182976
1273678711108308992
1273678177395769088
1273677804710871040
1273677315038490624
1273677191759515648
1273677033663586304
1273676892235857920
1273626584893861888
1273621952746401792
1273621754452365312
1273621689918795776
1273600355150987264
1273595158337064960
1273590705747890176
1273573584015896576
1273573438830108672
1273573312011153408
1273568238161604608
1273559153525633024
1273546905860087808
1273546843385999360
1273500864028782592
1273496400643403776
1273473454218641408
1273471238313324288
1273465151447076864
1273458081842835712
1273447894817873920
1273447443070357504
1273447026882220032
1273444647143079936
1273442515270733824
1273441657111949312
1273441612648103936
1273441546906599424
1273439029460172800
1273433197578276864
1273348478941478912
1273348144177328128
1273324258698178560
1273324152242520064
1273323922826633216
1273295020079173632
1273285526674640896
1273285457984585728
1273285333426339840
1273285275859464192
1273284801366233088
1273221956771381248
1273221922172612608
1273205018900992000
1273204399175802880
1273158047465197568
1273139682801573888
1273131965257060352
1273103423584567296
1273102394981842944
1273098114078048512
1273096456061300736
1273091866276306944
1273090639597625088
1273076168128946176
1273076070749818880
1273075814716899328
1273075636672827392
1273075532758953984
1273075449879580672
1273075342417240064
1273075226323177472
1273074762764476416
1273074498632286208
1273074254213455872
1273073247282769920
1272990698598432768
1272961375002820608
1272947725651320832
1272945704231723008
1272943955244716032
1272921636275212288
1272919462547767296
1272919177662287872
1272919036804976640
1272901672751321088
1272890054831194112
1272871710237351936
1272858940481638400
1272858799292977152
1272848520756826112
1272846804418269184
1272844159733452800
1272837721866801152
1272837700039708672
1272819222243049472
1272819065720123392
1272818972270964736
1272796313835503616
1272772074830995712
1272771876251676672
1272770672050216960
1272769282242379776
1272769022594080768
1272768685250424832
1272711366378471424
1272710201934831616
1272708686885109760
1272708440650125312
1272708337013063680
1272708302691016704
1272708004488642560
1272707914277535488
1272707874372947968
1272707825354133504
1272707665416855552
1272707620592332800
1272707337652965376
1272706793710501888
1272623046810050560
1272613396207321088
1272581710534844416
1272578797108412416
1272578380580429824
1272576671372230912
1272511972878307328
1272511894591606784
1272511259980828672
1272439384428740608
1272437964799463424
1272434378732457984
1272434319370473472
1272424425523220480
1272424292219785216
1272340753478488064
1272336994568474624
1272336953275551488
1272336874619756288
1272336666372513792
1272336543341035520
1272336487930048512
1272335826253484032
1272335581180198912
1272335138874167296
1272333774647439360
1272333664614076416
1272236548642177024
1272226347809673216
1272158755413733376
1272158705363095552
1272158513008123904
1272158453025378304
1272158386126295040
1272158019430887424
1272157747476402176
1272045370281951232
1272044979645558784
1272044939510255616
1272044897550426112
1272044868823658496
1272044718281629696
1272044634294964224
1272044570436612096
1272044441621139712
1271996126015749888
1271975299442446336
1271887993796730880
1271871462970994688
1271793310248718336
1271789130339540992
1271789083350745088
1271787252826415104
1271787091404390400
1271787052363808768
1271786984873361408
1271786887288631296
1271786700604309504
1271786682493415424
1271786224852893696
1271785708689272832
1271785559661449216
1271785337526923264
1271784015410999296
1271778135701422080
1271776810280390912
1271776756689764352
1271772305996333056
1271710167168581632
1271685874514788352
1271685348603682816
1271684709026856960
1271684178820685824
1271684128400912384
1271683369160622080
1271656355234004992
1271519965221457920
1271515689690509312
1271515639811801088
1271514163576295424
1271513974643843072
1271513836420554752
1271513708678742016
1271513581092298752
1271513444815196160
1271513285666447360
1271510924688609280
1345583586481745920
1345492572106608640
1345328686048956416
1345327209876254720
1345081106576645888
1345013896218869760
1344922080492609536
1344854470350561280
1344774378777702400
1344688551028527104
1344634007871516672
1344549532131077888
1344547317395947520
1344538983242620928
1344266838138621952
1344265545202462720
1344038594437115904
1343986244838174720
1343983813739864064
1343983707535847424
1343881403394629632
1343843147382722560
1343506415458131968
1343506329655246848
1343456060401704960
1343420361375961088
1343400693714083840
1343075026728312832
1342990223949647872
1342989886446596096
1342877805982458112
1342703528293314560
1342574022756884480
1342527468264165376
1342199476543434752
1342099913501499392
1341988510128070912
1341773883972722688
1341602355901566976
1341449201180356608
1341447582325870592
1341434248448929792
1341419807904817152
1341262945733521408
1341238870113984512
1341233460359421952
1341128499290107904
1341099365474168832
1340866678729678848
1340661676732002304
1340443721565957888
1340441757465632768
1340424640750104576
1340419269465690112
1340348786812612608
1340345435827933184
1340341400714551296
1340287610783195136
1340163876437016576
1340095521097170944
1340059745886068736
1340050194612805632
1339994495694286848
1339993001335148288
1339884211352776704
1339881140455354368
1339720770277281792
1339627429103484928
1339607803418296320
1339556163441090560
1339555268745682944
1339385689268490240
1339331797566566400
1339168603841712128
1339153460877463552
1339070039086034944
1338708148887162880
1338610292935307264
1338608164061802496
1338366292236103680
1338364631090335488
1338332228569456640
1338261954436214784
1338121788761534464
1337984456481775616
1337805096747495424
1337727110006394880
1337649468800458752
1337249755194417152
1337069893640982528
1336855528870457088
1336654675970502912
1336474172004962304
1336438560317181952
1336433423779589888
1336421416510615552
1336363516819861504
1336288909144240128
1336073805723295488
1336065162919469056
1336032661219971072
1336012843364339712
1335806088420188160
1335597518403624960
1335596815153065984
1335464401193881600
1335449674921238528
1335433871014367232
1335433673819217920
1335391106910052352
1335277615637274624
1335276026834935808
1334990168701493248
1334988694038732800
1334943504976519168
1334943406062268416
1334915927855525888
1334909836958576640
1334819599754407936
1334802102586109952
1334800847981727488
1334602991941410816
1334600874178584576
1334598756038287360
1334567881623949312
1334567624181747712
1334566612523945984
1334460514789941248
1334460424645914624
1334326611727044608
1334160093588426752
1333978310062338048
1333950224075788288
1333840361198850048
1333831328559722496
1333813821526437888
1333476766149726208
1333476324455948288
1333446163568209920
1333446099516989440
1333432957915324416
1333366127473418240
1333236981405544448
1333138070019956736
1333136586339397632
1333101427514814464
1332859567370366976
1332787794113138688
1332745470431666176
1332385665623973888
1332272926318620672
1332077227282997248
1331747659661668352
1331719187933372416
1331680699791892480
1331679258331197440
1331381479927140352
1331311961573896192
1331230732556128512
1331228919421423616
1331227726448128000
1331180774746427392
1331162760164602112
1331162355649175552
1330952596455124992
1330943004450938880
1330940489609121792
1330915387333107712
1330897108069707776
1330810868678991872
1330606199331557376
1330586590368960512
1330584269178216448
1330577633688555520
1330569494100647936
1330533207067029504
1330495912150528000
1330489931324645376
1330486273098846208
1330352874711343104
1330349996235960320
1330271515816955904
1330267167326150912
1330249363365486592
1330238242952802304
1330232656462745600
1330226739012902912
1330163203486126080
1330160290659524608
1330128002856968192
1330105711100039168
1329993481247482112
1329904991793012736
1329564508923310080
1329545427692232704
1329536061471657984
1329527545579102208
1329504639537078272
1329469775584620288
1329468109951012864
1329449481549590528
1329448470244171776
1329444902615257088
1329401055671676928
1329201044690243584
1329192704312537088
1329175259879247872
1328926763171401728
1328922583178338304
1328846397949566976
1328772686705790976
1328704754596376576
1328478957549850624
1328390837428957184
1328209979585818624
1328197116267781888
1328132428368637952
1328121120109768704
1327630349950742528
1327628695511642112
1327627195897016320
1327616150872723712
1327346359515684864
1327228240327532288
1327111324623630336
1327109472557428736
1326977236805824512
1326919660500099072
1326748777017987072
1326734545895514112
1326558124904488960
1326502974953295872
1326301024336961536
1326222975834664960
1326216963278901248
1326189220134842368
1326186896326860800
1325950618163417088
1325894473914703872
1325892813263925248
1325868410287370240
1325855918517608448
1325671343241752576
1325462528340741888
1325300845320294400
1325154668868210688
1324846756052566016
1324844444319916032
1324826095481425920
1324825729155084288
1324823591981113088
1324816141500534784
1324812916797919232
1324716125171666944
1324673822436503552
1324672115547791360
1324668740215181312
1324639597838667776
1324293973800898560
1324215907741290496
1324057624950804480
1324052468586713088
1324050215901515776
1323851905920098304
1323723083958595584
1323686413725032448
1323625758410133504
1323569212015730688
1323567566686691328
1323535236249116672
1323479615759740928
1323342235258245120
1323340070401826816
1323336850048749568
1323333203269210112
1323254504012349440
1323186973801152512
1322979319912845312
1322963141324607488
1322729467803029504
1322666109385003008
1322634585163837440
1322621434330599424
1322610063840841728
1322553931596181504
1322543694160007168
1322504678744215552
1322502530111254528
1322499060897587200
1322462661699883008
1322387502540509184
1322291568649424896
1322112629486346240
1322103985466150912
1322100376858959872
1321924022322552832
1321923409786347520
1321907712356175872
1321859928542355712
1321859768030474240
1321858414369230848
1321776809072041984
1321768867685949440
1321450387954634752
1321346493920497664
1321304337583382528
1321254404138389504
1321105997583233024
1320962329891250176
1320692228927475712
1320682146097467392
1320637915249127424
1320578080100986880
1320240696457154560
1320108490304741376
1320009639052849152
1319868527743029248
1319864584694603776
1319860606166536192
1319752099715055616
1319699917401657088
1319699655362596864
1319699544444108800
1319686423147065088
1319674068262658048
1319645817544839168
1319585858895347712
1319483828554039296
1319371589625012224
1319363687619190784
1319310679770304512
1319225391907733504
1318962131862249472
1318957725297086464
1318957228934692864
1318798698772574208
1318784771577778176
1318623005766045696
1318622868675100672
1318611081879760896
1318610993610706944
1318610935515328512
1318610888040062976
1318610831941185536
1318503523441627136
1318439187729833984
1318272421112258560
1318222682387849216
1318142136299258112
1318101105016963072
1317930758217125888
1317929021984952320
1317745835833262080
1317573752830500864
1317572854389657600
1317411079253856512
1317188256832901120
1317187745069105152
1317162981285896192
1317162235941224448
1317161816099856384
1317161564319920128
1317052384300961792
1317046767666499584
1316846150608093184
1316762610113613824
1316651375254798336
1316650567297630208
1316495426753880064
1316368132374700032
1316262505606533120
1316122943559290880
1316075692035989504
1316075047619047424
1316074829188083712
1316074743850774528
1316074676582522880
1316002822010306560
1315928834747838464
1315571066840985600
1315549352069394432
1315548435609792512
1315327778095607808
1315268227912658944
1315241006682566912
1315046895383982080
1314916363807469568
1314629310389551104
1314629198523359232
1314629140235116288
1314628957313085440
1314627578469253120
1314502016169902080
1314491168890159104
1314484874024235008
1314462522964049920
1314312253534019584
1314272578782011392
1314186348417474560
1314178278891159552
1314175242080792576
1314169429664690176
1314132517981749248
1313936462950412288
1313936390967656448
1313923954269130752
1313199506654199808
1313019289784508416
1313016874108583936
1312890953766711296
1312706041537351680
1312677494827429888
1312645868630220800
1312639781420118016
1312436965657124864
1312338501149614080
1312336913676881920
1312308236947722240
1312239569845268480
1312114061304233984
1312113840419602432
1312113671057731584
1312113582968983552
1312113462533791488
1311918135625363712
1311727578647072768
1311392805776953088
1311221071098585088
1311020945054871552
1310900888047955968
1310853787679154176
1310568404236021760
1310231627721781248
1310231502895157248
1310105147515822080
1309772421122191360
1309591957753286912
1309418232512643072
1309408068099362816
1309034308099805184
1309008078562570240
1308404630364315648
1308294195652620288
1308069770886078464
1308069748090044416
1308032287544676352
1308031872992247808
1307647010015764480
1307636118498807808
1307581980113076224
1307567075435712512
1307264861299183616
1307044236261502976
1307044206708490240
1307042514571071488
1306947375529963520
1306917962855653376
1306863430444429312
1306438793344540672
1306268028716244992
1306204881225756672
1306178405218619392
1305928557051379712
1305419787728760832
1305239567264612352
1305118537745301504
1305117534841077760
1304999909360308224
1304861365610459136
1304857477545160704
1304851515757264896
1304798690813652992
1304731812795740160
1304725662566149888
1304564164359262208
1304538103961526272
1304124203176730624
1304002292518211584
1303998877255774208
1303998703011848192
1303982991467839488
1303965196608851968
1303963702077591552
1303736084346671104
1303722556764155904
1303424947893796864
1303379774568628224
1303306376026959872
1303282176880979968
1303092996225855488
1303084860068765696
1302986331375665152
1302965118704087040
1302928516896391168
1302899722777251840
1302713328641376512
1302657504652951552
1302365396457205760
1302338106809605888
1302273251561832448
1302265301833314304
1302262821703561216
1301958956714205184
1301956496662691840
1301907314199461888
1301897603530063872
1301889560444653568
1301497155237142528
1301398805347270912
1301251322935734272
1301120253418757888
1301115622177288192
1301114659609743360
1301107430508711936
1300899911395946496
1300867454537785088
1300841354377994240
1300836088764862464
1300830590569197568
1300816172628291584
1300722310555537408
1300519955541242112
1300512399053803520
1300481459963269120
1300474680223191040
1300114681785450496
1300096274679685120
1300095904104484864
1299969398422282240
1299940487747514368
1299797714213928960
1299789232366592000
1299727048781553664
1299642826234396672
1299432127059165184
1299410360995385088
1299374558030508032
1299363923670507520
1299313378515660800
1299226403926429696
1299057846278139904
1299004260852666368
1298831827717816320
1298720312922521600
1298694370724589568
1298643219094347776
1298636912060768512
1298591814040129536
1298367677308776448
1298317544705667072
1298254749230276608
1298217150117752832
1298172475092631552
1298102232404107264
1297930385200951296
1297843153219784704
1297777209470603264
1297582379733786624
1297556195436302336
1297528140466728960
1297451949328080896
1297254685091475712
1297224767620239360
1297204634071764992
1297174774037319680
1297155571255324672
1297137551027973888
1297109779031166976
1296822472684326912
1296801921173458944
1296787857953128448
1296690680060940288
1296543665293320192
1296534576995733504
1296435748649021440
1296381051057639424
1296333083080306688
1296180940058890240
1296172435218354176
1296162005569671168
1296125559160832000
1296122394604646400
1296121906354061312
1296118283079429888
1296114422654656512
1296073355670495232
1296069658974605312
1296060801841868800
1295962143708401664
1295760718835458048
1295760437485752320
1295759498225819648
1295649248206368768
1295565914247766016
1295432553504157696
1295430050448375808
1295427923135078400
1295423339087921152
1295423008736260096
1295422838908821504
1295416449960488960
1295407680710901760
1295396702808088576
1295395409695846400
1295323014494650368
1295322195044990976
1295279804548341760
1295087806549643264
1295087058869014528
1295079997053575168
1295079385431769088
1295077380797734912
1295074510790701056
1295052127551868928
1294968556497633280
1294742730711674880
1294514574549495808
1294395863045939200
1294391161524715520
1294390498652762112
1294390168582004736
1294388395108687872
1294335591946113024
1294306294296457216
1294281059157385216
1294260007790403584
1294134282907086848
1293974082875269120
1293968213919899648
1293959131121029120
1293877131492106240
1293854056084049920
1293632984994783232
1293591116554674176
1293571875520610304
1293459063964160000
1293408453734563840
1293255258475565056
1293249058283360512
1293076847664738304
1293054815363268608
1293047808170262528
1292894081379700736
1292860518089228288
1292543005589725184
1292540827428945920
1292489380339294208
1292449774596247552
1292342460715335680
1292178733378535424
1292138571344814080
1292071875691139072
1292049115447263232
1292036892737916928
1292009612791750912
1292003310950637568
1291840358058467328
1291795328644141056
1291793400392552448
1291784118045483008
1291752559682748416
1291752528426815488
1291752494624907264
1291751023548260352
1291732519113678848
1291726833847865088
1291712307916091392
1291704384792010752
1291654801692995584
1291653603007049728
1291653022507053056
1291621752100003840
1291610977763500032
1291602195260088320
1291551036407197696
1291467172015935488
1291442863092510720
1291441066911191040
1291437447725932288
1291415128915804160
1291380430478942208
1291378258676785152
1291355216504397824
1291345524814221312
1291331524600659968
1291120141686788096
1291061647654760448
1291061286843883520
1291043644682776576
1290998149407019008
1290750385339146240
1290743704161062912
1290708871850479616
1290698495729504512
1290634200958341120
1290630384028389376
1290528709129244672
1290307751961227264
1290302890070773760
1290284752616828928
1290260996691505152
1290257155837145088
1290257041966080000
1290249497780445184
1290181772592869376
1290012739859910912
1290008184006914048
1289938089012428800
1289936547295318016
1289910117605896192
1289899425893097472
1289892236969144320
1289885834993373184
1289878167339978752
1289877179065499648
1289875780839735296
1289861976181444608
1289857370781184000
1289855482841059328
1289847640939618304
1289847518092595200
1289844759096430592
1289827429389918208
1289818956421893888
1289814400308662272
1289811068416438272
1289797708144709632
1289791320936943616
1289790722435153920
1289789474440744960
1289788741763174400
1289689994802561024
1289685654113120512
1289685114327166976
1289683523574456320
1289682458732949504
1289681956263714816
1289681517107585024
1289621825337430016
1289524494210457600
1289444396102893568
1289220224420438016
1289206230355869696
1289077767032778752
1288514614796472320
1288498897707507712
1288498721047683072
1288497426358325248
1288497380661383168
1288462619452542976
1288459582944272384
1288444707161411584
1288352135395127296
1288038974741712896
1287841963958579200
1287833406856925184
1287817279061872640
1287810892755800064
1287753438055596032
1287637168530350080
1287452045587480576
1287311798564159488
1287301295716655104
1287284571759947776
1287283608684822528
1287281193466106112
1287281120720158720
1287277367908605952
1287274521054064640
1287249859406442496
1287236888240283648
1287069007921721088
1287063554936504320
1287061322228813824
1287019659976486912
1287016188573360128
1286927091154292736
1286927007482339328
1286924550643556352
1286751617350537216
1286713707867836416
1286709403891257088
1286699009558622208
1286605580333875200
1286593587770281984
1286592882175074304
1286592836612378624
1286361334238543872
1286200444679749632
1286166652825014272
1286006115294117888
1285981893993926912
1285928844390731776
1285902796525625088
1285901737027670016
1285868825729216512
1285865738809544704
1285616083567874048
1285602991182098432
1285502185493737472
1285497161774321664
1285492327327444992
1285491759116701696
1285488671647510528
1285447029267865600
1285251310481223680
1285198267467399168
1285170484812943360
1285157008665124864
1284881761714003968
1284824635801051136
1284575550112247808
1284572506792300288
1284544252354207488
1284526113931366400
1284435836793229312
1284433353593303040
1284382705065627648
1284320275211976704
1284203628648112128
1284203137436454912
1284201709905104896
1284201171465510912
1284198618312970240
1284187958816517888
1284179239399567360
1284177515553185792
1284177310955065088
1284177199579496448
1284177173230780416
1284175376600780800
1284167153428684800
1284118393243803648
1284118356677873664
1284110168410685440
1284100557830004736
1284095818543161088
1284095373682909184
1284089526185529088
1284089297071755264
1284071302429630464
1284069194183643136
1284046690480205824
1284035597502484480
1283995172557201408
1283990701831839488
1283846125879951360
1283846009098055680
1283844893996208128
1283803904896008192
1283795518209105920
1283776813567823872
1283776068281868288
1283739299511504896
1283738607501573888
1283735322350804992
1283730721975279616
1283502011812544512
1283474515197075712
1283453975581294592
1283453400856907776
1283453200478208000
1283453052532527104
1283451336625925888
1283405153522126848
1283391379096449024
1283388945800323072
1283360438508544000
1283308346565632000
1283298173537013760
1283294011894243328
1283082783301292032
1283076552608165888
1282947300835368960
1282944429544939520
1282724864898609152
1282724273619194112
1282696568509005824
1282691655410356224
1282682282118086912
1282679685655207936
1282584056836820992
1282583997911048192
1282580651519234048
1282542234349572096
1282377825555750912
1282376011146047488
1282302789985722368
1282299228019134464
1282298650195107840
1282296879703887872
1282296646605385728
1282292626776096768
1282276820730052608
1282263088532725760
1282260365653442560
1282240127096561664
1282236114359791616
1282232042676269056
1282230727749271552
1282196266508791808
1282195819832147968
1282181702354374912
1282045771576225792
1282012609777205248
1281960206239510528
1281960174593495040
1281952669922406400
1281952597507747840
1281952381454954496
1281916921995304960
1281916594097205248
1281916568537104384
1281684120544870400
1281677847325810688
1281676935966396416
1281676895034187776
1281663953484087296
1281660620954378240
1281654373102219264
1281650857491267584
1281645071050240000
1281596798801502208
1281596681008578560
1281592235721732096
1281561103760265216
1281558681671405568
1281553684346933248
1281535353896275968
1281533983847841792
1281533933218418688
1281533616917487616
1281533141644124160
1281533094256873472
1281530246529982464
1281517083843538944
1281512784241528832
1281512752834646016
1281508455480791040
1281468164187054080
1281468122160144384
1281435671392133120
1281433648915525632
1281433637825675264
1281306552817914112
1281306511575339008
1281306363210186752
1281280294004424704
1281280204166569984
1281279923903135488
1281274494401875968
1281274456095277056
1281274438126796800
1281183625439055872
1281156627421434112
1281073772213215232
1281073748087635968
1281073737421459712
1281073651140431872
1280914708569128960
1280890354263351296
1280879043227922432
1280854962914942976
1280850408026628096
1280570272995848192
1280570253118971904
1280564794005864448
1280511037893197824
1280506107845324800
1280449999181152512
1280432589338292224
1280407646160510976
1280402298783641600
1280401204418355200
1280399734017011712
1280340598436831232
1280340544263258112
1280219708931932160
1280212258044416000
1280177510102294528
1280149885367566336
1280137425721921536
1280137332167979008
1280114745517969408
1280112242156081152
1280086349949939712
1280083825796747264
1280081839332433920
1280081323928027136
1280079196652363776
1280079156601139200
1280078100706070528
1280063389583187968
1280017669245358080
1280003779740516352
1279850367925342208
1279842688175689728
1279818355302641664
1279817765248012288
1279809196129767424
1279793438720999424
1279788086432587776
1279786686008954880
1279785466557083648
1279776906464890880
1279742981663227904
1279739359189765888
1279730354941833216
1279729636608540672
1279673763471200512
1279670953119756288
1279668452865839104
1279501016443092992
1279488248319016960
1279476310235140096
1279459314378342400
1279453462779101184
1279453339965624320
1279453253235851264
1279441818971770880
1279441797945724928
1279430440248578048
1279429652784861184
1279425311772413952
1279422778324770816
1279420513765466112
1279419598362853376
1279419253276491776
1279419199434211328
1279417083202322432
1279413170751377408
1279413143949791232
1279413117798187008
1279413081437884416
1279413013389418496
1279412934662291712
1279412818970845184
1279412788478213888
1279412734984163328
1279412636900343808
1279412030693355520
1279412006307737600
1279411354584186880
1279411329355460608
1279401921372205056
1279398269018411008
1279398249317773312
1279397424310685696
1279396126769188864
1279395900599795712
1279390391054319616
1279388992476270592
1279385469663490048
1279384428847017984
1279382965320065024
1279382607617232896
1279382143068712960
1279381772019564288
1279381463352381440
1279380467100397568
1279379841805094912
1279377975083970560
1279377921858298112
1279377783286910976
1279377659936542720
1279377091226742784
1279376988986359808
1279368133220933632
1279368001591095296
1279366155321454592
1279366060630736896
1279365740479602688
1279365716932689920
1279365640525099008
1279365605225881600
1279364048166031360
1279363484141092864
1279363046541012992
1279361934316507136
1279361796923691008
1279361339622817792
1279357274876674048
1279356089717399552
1279356023002857472
1279355206988369920
1279353905911136512
1279352285420826624
1279350439973093376
1279349821590175488
1279349255484903424
1279348750390104064
1279346182309982208
1279346128732016640
1279344444232339712
1279344309494522112
1279343055297040384
1279343032240922624
1279342894999093248
1279327838777245696
1279326885885943808
1279325482081759232
1279325461567471616
1279320012365365248
1279319104852242432
1279319012485332992
1279318982097604608
1279318860504711168
1279318796151468032
1279318760608993280
1279318221989052416
1279318190192037888
1279300368845942784
1279300332267483136
1279300293314912512
1279300181696090112
1279300151526506496
1279300053866348288
1279300014922178560
1279299976858918912
1279299868444577792
1279299829370404864
1279299352117248000
1279299150409019392
1279299100157128704
1279298970351800320
1279298895751888896
1279230629352280064
1279230309213581312
1279229692114067712
1279229660367380480
1279220183299772416
1279220149774618624
1279220117302321152
1279219884568776704
1279219855586209792
1279219838246887424
1279219742109306880
1279219413179301888
1279219359475470336
1279219328815116288
1279219302420357120
1279219278663897088
1279219248351588352
1279219220669181952
1279219191711744000
1279219071486230528
1279219041232658432
1279219012929572864
1279218991093997568
1279218680316952576
1279218628525805568
1279218530173489152
1279218439090065408
1279217669695328512
1279217546210705408
1279217497946959872
1279217465118134272
1279217420255858688
1279217337695195136
1279217285094428672
1279217244782956288
1279154201524912128
1279153074821574912
1279153046862217216
1279152804821635072
1279152777135079424
1279152750245359616
1279152620909867008
1279152495533711360
1279152466928504832
1279152372296699904
1279150285819125760
1279150249731375104
1279149966469017600
1279149944499298304
1279149917714481152
1279148803929579520
1279148653622505472
1279148616284864512
1279148107687747584
1279147914305159168
1279147883489624064
1279147005634383872
1279146290388045824
1279144406726123520
1279141871080607488
1279141813501255680
1279141426987708416
1279140630258683904
1279140363928772608
1279140075121586176
1279139904748912640
1279139861807738880
1279139819839504384
1279139776172560384
1279139734892285952
1279139685248446464
1279139594332712960
1279139502968225792
1279139259736305664
1279139228006453248
1279139195576090624
1279139151728783360
1279139114592415488
1279138883628863488
1279132195253293056
1279132129713143808
1279132087510065152
1279130787988865024
1279129168505196288
1279129054386536448
1279128241127727104
1279128183598653440
1279127982368534528
1279127883844386816
1279127837648261120
1279127153439891712
1279127038419521536
1279127006710554624
1279126344706732032
1279126336519495680
1279125781365563392
1279125741624528896
1279125703674527488
1279125675438477312
1279125628499918848
1279125600196866048
1279125511067840512
1279125480390754304
1279125403475550208
1279125251436285952
1279125214614487040
1279125096188252160
1279125021202550784
1279124687021375488
1279124424311164928
1279124376810553088
1279124232979599360
1279124153816268800
1279124094160683008
1279123954381225984
1279123843538444288
1279123784935628800
1279123679671209984
1279123640206983168
1279123597899022336
1279123254528094208
1279123133534998528
1279122988466651136
1279122892136071168
1279122838818037760
1279122725290860288
1279122670014156800
1279122584848777216
1279122371207667712
1279122216395964416
1279122146250444800
1279122079896547328
1279122071201746944
1279121997528694784
1279121820722094080
1279121426587549696
1279121318668120064
1279121201441497088
1279121136014569472
1279121073771077632
1279120360995262464
1279120351247687680
1279120175342792704
1279120091653779712
1279119984690696192
1279119905745514496
1279119822488514560
1279119808659931136
1279119669941723136
1279119613062676480
1279119470091481088
1279119459261825024
1279119324242993152
1279119307604201472
1279119251421487104
1279119239627096064
1279119183251419136
1279119170299453440
1279119110421590016
1279119030536806400
1279118969723596800
1279118945598025728
1279118654240628736
1279118607386062848
1279118563400388608
1279117169545052160
1279116269233614848
1279116208374153216
1279116137440165888
1279116030862938112
1279115849618599936
1279115709440802816
1279115697365417984
1279115592851734528
1279115516918054912
1279115441181425664
1279115386030485504
1279115326572167168
1279115317550120960
1279115166140059648
1279114580736782336
1279114169103659008
1279114034323886080
1279113971426099200
1279113499109662720
1279113033630060288
1279111963549859840
1279111910093402112
1279111794829729792
1279106292653731840
1279105868122984448
1279102343565447168
1279101840123141888
1279101811417366528
1279101238639038464
1279099317744263168
1279098088045543424
1279097725385093120
1279097687300767488
1279097452164009984
1279097404139208704
1279096980866810112
1279096932972089088
1279094869428969472
1279094807982374912
1279093100951023616
1279093074493399040
1279091720869818368
1279091663147864064
1279090922446368768
1279088749687775232
1279088716426993664
1279088295490793472
1279088171142320128
1279087927318982912
1279087683168546816
1279087129151377408
1279086438508789760
1279086339758198784
1279085974966931712
1279085943228596224
1279085908394999808
1279085881442340864
1279085733010198528
1279085582724009984
1279085355669630976
1279085167437635584
1279085071316791296
1279071245607350272
1279069083053568000
1279067923785691136
1279066213067509760
1279066116967600128
1279064898090217472
1279064881610833920
1279063981383090176
1279061517086994432
1279061490503467008
1279058831306371072
1279055553348722688
1279055372330958848
1279054450435424512
1279053883487268864
1279049045122654208
1279047452872585216
1279045950477144064
1279045532061708288
1279043834383667200
1279043602858102784
1279039840248610816
1279039700225884160
1279037835199340288
1279037531888254976
1279037477060325376
1279036646210646016
1279036263891447808
1279036197814362112
1279035767017390080
1279035615363960832
1279035586729463808
1279035533855985664
1279035175326941184
1279035090568347648
1279031690904698880
1279031579193589760
1279031219087388672
1279029851844947968
1279029740075208704
1279029599700226048
1279028429787205632
1279025292879724288
1279024554665553920
1279022873147998208
1279021966716997632
1279021949432233984
1279020846397390848
1279020815590264832
1279017198976188416
1279017018482712576
1279017000359145472
1279016249192845312
1279014933108310016
1279014880637485056
1279010577126502400
1279010527247769600
1279010422528540672
1279010396859482112
1279010361593774080
1279006497968738304
1279005284153909248
1279003392975818752
1279003359450738688
1279001395908284416
1279000750547505152
1278998816876789760
1278998717069213696
1278998585393242112
1278998353276215296
1278998250931081216
1278996525667037184
1278996431769124864
1278993437145128960
1278993362692067328
1278993273973927936
1278993217288122368
1278993125952892928
1278993073494728704
1278992968226156288
1278992887674478592
1278979218962087936
1278979125341040640
1278978600146894848
1278977965980823552
1278975154727550976
1278974898749259776
1278974433370288128
1278974356035682304
1278974337245159424
1278974020784918528
1278974000920776704
1278973955106357248
1278965983177322496
1278965348071542784
1278963241775923200
1278960934401175552
1278960754515939328
1278960687646216192
1278960660810997760
1278960547355115520
1278960524944908288
1278960497182859264
1278960419927883776
1278960397245186048
1278960375942217728
1278960307017261056
1278960261748187136
1278960211475288064
1278960182735835136
1278960129619243008
1278960077639159808
1278960021150273536
1278959985481978112
1278959900970844160
1278959823015510016
1278959708964032512
1278959679758938112
1278941010882682880
1278940959439556608
1278938646385737728
1278938283255517184
1278937974244343808
1278937933710594048
1278937897731842048
1278937721051009024
1278937038876786688
1278934672773349376
1278934615672131584
1278934571187351552
1278929857016184832
1278929740309696512
1278929681425850368
1278929649712627712
1278922549217427712
1278921121329557504
1278920152634011648
1278916612020678912
1278915737978052608
1278914158940037120
1278913710149586944
1278911681356316672
1278911643162943488
1278911536405401600
1278911494621626368
1278910791262113792
1278910721825345536
1278910164503015424
1278910145292984320
1278910127731507200
1278898196471783424
1278897031013163008
1278894902454206464
1278891882580529152
1278867537292406784
1278867421324095488
1278867392127545088
1278867316848111616
1278867195951448064
1278867085549068288
1278867046848225280
1278867021862703104
1278866945694208000
1278866916132687872
1278814763988979712
1278814744242241536
1278814708255150080
1278814530072698880
1278814471813844992
1278814059849187328
1278813015199154176
1278812850547494912
1278812778476822528
1278812699699404800
1278812054992936960
1278800631927635968
1278800611912429568
1278800557780713472
1278800521487400960
1278800503372238848
1278798928243240960
1278798892021186560
1278798882747670528
1278798869992783872
1278798858060017664
1278798845367943168
1278798829630959616
1278798793811558400
1278798775671275520
1278798744083927040
1278798728036483072
1278798698856820736
1278798683199373312
1278798638236516352
1278798623128588288
1278798075629309952
1278797959111544832
1278797453081358336
1278795757210959872
1278795744661647360
1278795700248215552
1278795667561996288
1278795653141991424
1278795632069787648
1278795620086620160
1278795601031856128
1278795589136912384
1278792632718811136
1278792610979741696
1278792577114923008
1278792531548004352
1278792472106237952
1278792445195665408
1278792127296790528
1278792043532345088
1278792022426607616
1278791997034291200
1278791984619180032
1278791971390271488
1278791955451961088
1278791922316959488
1278791893242044416
1278791263144337408
1278791195850924032
1278791173608476672
1278791152632815616
1278753158756515840
1278753071745642496
1278752950970650624
1278752783571845120
1278752745407893504
1278752677300768768
1278752627795415040
1278752585806163968
1278752209950445568
1278752058124967936
1278752048587079680
1278751986809286912
1278751873789505536
1278751656633647104
1278751621787377664
1278751584378335232
1278751548697346048
1278751519710552064
1278751324516110336
1278751298754686976
1278751208216367104
1278750879177466112
1278750746251591680
1278750675892142080
1278750546090958848
1278750403857911808
1278750109866565632
1278749981005021184
1278749883055443968
1278749825085947904
1278749751165571072
1278749517513359360
1278749402912493568
1278749173404381184
1278748982802616320
1278748887306702848
1278747723664109568
1278747477131382784
1278747321061302272
1278747186063388672
1278747077644881920
1278746471538593792
1278746359626162176
1278746271428357888
1278746074774220800
1278745902866407424
1278743857958715392
1278743791445344512
1278743719009824768
1278743679382011904
1278743647064858624
1278743604463354112
1278743554748305408
1278743508493504512
1278743465690632192
1278740600649592832
1278740408747667712
1278740222793199616
1278739995122114560
1278739936028635136
1278739852096405504
1278739736769724416
1278739594016706560
1278739464551043072
1278738965990957056
1278738822214356992
1278738634808713216
1278738616341200896
1278738590940508160
1278738517376380928
1278738255547113472
1278737391617036288
1278737268300267520
1278736918608519168
1278735651689631488
1278735456902025216
1278734453481889792
1278732548026269696
1278732401800339712
1278728293794136064
1278728232066482176
1278727256387530752
1278727174158155776
1278727006016978944
1278726885606862848
1278726774424289280
1278726721169227776
1278726679305891840
1278726637572546560
1278726414179667968
1278726265248387072
1278726216401522688
1278725849697726464
1278725783406759936
1278725293927215104
1278725110480936960
1278724947616182272
1278724764299911168
1278724716979683328
1278707049040416768
1278705151541481472
1278703076531208192
1278695862022144000
1278695416897421312
1278694474256965632
1278691652232720384
1278691418312237056
1278691328235393024
1278690807021801472
1278690766433521664
1278687785931735040
1278680977330417664
1278678206011379712
1278678105964646400
1278675347920355328
1278671635285970944
1278669399512297472
1278668875874344960
1278668810954977280
1278668662975627264
1278668459325489152
1278665753273794560
1278664149619351552
1278664114521477120
1278661564749492224
1278660692195913728
1278660626823418112
1278660582011535360
1278660539590336512
1278660522167144448
1278660432316809216
1278660365245652992
1278653709099110400
1278653675972562944
1278653609434066944
1278653157606916096
1278645420789509888
1278642336826896384
1278640770413735936
1278636771224555520
1278636496682188800
1278635418586624000
1278635086737543168
1278634849264439296
1278632636358037504
1278632282291658752
1278632248993029888
1278631149082902528
1278629994059706368
1278629661774352384
1278629627322392576
1278629599556112384
1278629548062580736
1278629500448890880
1278629459646656512
1278629438117351424
1278629373185318912
1278629354742984704
1278629307028516864
1278618078482509824
1278618007036661760
1278617981019439104
1278617953542582272
1278617928594841600
1278617900241256448
1278611095926734848
1278611045343469568
1278610725238444032
1278610690073395200
1278610581298327552
1278610559450087424
1278610309880651776
1278610112442228736
1278609870393049088
1278609853557215232
1278609709029888000
1278609640943767552
1278609545288396800
1278608923973636096
1278608822135906304
1278608640233164800
1278604198561660928
1278604130098065408
1278601601280770048
1278601418707021824
1278601399622926336
1278601327539621888
1278600327055454208
1278600212341194752
1278600032531382272
1278599859394810112
1278599804071874560
1278599771083677696
1278599644084424704
1278599558063435776
1278599498974007296
1278599422457327616
1278599339720478720
1278599318782517248
1278572188749225984
1278570550579933184
1278566193193013248
1278560679436464128
1278559635729981440
1278534680111964160
1278530962897469440
1278530940873162752
1278530917146021888
1278530830290358272
1278530718121984000
1278530692578770944
1278530666796376064
1278530643664781312
1278530513184096512
1278508741848182784
1278508698516819968
1278508657030975488
1278508623359066112
1278508571626541056
1278508078552539136
1278508053692850176
1278508009212252160
1278507977285292032
1278507941646274560
1278507901322133504
1278507889175547904
1278507875451703296
1278507857378410496
1278507844170645504
1278507819453558784
1278507797215416320
1278507434412331008
1278507317777006592
1278507294708453376
1278507120212750336
1278506713470119936
1278506669782245376
1278419687412584448
1278419638515359488
1278419604126269440
1278419226940837888
1278419184213471232
1278418476194058240
1278417490683531264
1278416947131146240
1278416738644832512
1278416605387591680
1278416160304910336
1278411188808880128
1278410586020347904
1278410545893445632
1278410341106491392
1278410285552975872
1278409952802021376
1278409928181456896
1278409870031704064
1278409840835080192
1278409823432912896
1278409443831615488
1278409200289353728
1278408933636542464
1278408598469726208
1278408532447150080
1278408501711290368
1278408454915358720
1278408327089868800
1278408294508498944
1278408115696939008
1278398812218941440
1278397230743990272
1278397115035762688
1278397030189142016
1278396668786982912
1278396342365310976
1278396082867900416
1278394787088027648
1278391526591266816
1278391044732682240
1278391032988786688
1278390967893180416
1278390934028378112
1278390128944316416
1278389908311285760
1278389848030748672
1278389400687316992
1278389367627812864
1278389298887360512
1278389259355983872
1278389233162518528
1278389196860928000
1278389189231378432
1278389150937473024
1278389127835193088
1278388541500915712
1278388473343467520
1278387267942461440
1278387018167394304
1278386535696564224
1278386432571252736
1278386283707084800
1278386205923688448
1278384091289837568
1278383365733875712
1278374214035222528
1278373448440598528
1278371771201323008
1278371646676578304
1278371599515779072
1278370960882753536
1278368598856273920
1278368462348443648
1278365720267632640
1278363700164997120
1278360618102374400
1278356608674934784
1278356319116972032
1278356110475440128
1278356092192522240
1278356075507572736
1278356034218856448
1278339381686931712
1278337727415623680
1278329744556199936
1278328536588320768
1278328327149957120
1278327515526938624
1278326148892708864
1278326059491000320
1278326028281184512
1278325978973044736
1278320496677916672
1278320445767499776
1278314843188191232
1278309443411890176
1278305573331763200
1278294191177641984
1278289896256475136
1278288847709917184
1278288660451004416
1278288645636702208
1278288637826924288
1278288611306283008
1278284141017079808
1278277466554093568
1278276944325378048
1278276908443205632
1278276332766531584
1278276317448937472
1278272384211058688
1278271780025753600
1278271437955104768
1278269410915037184
1278269326487965696
1278269188654628864
1278267836214005760
1278264494108614912
1278264481123098624
1278264472822591488
1278262746652577792
1278262724665970688
1278262702465527808
1278262681099808768
1278262661755568128
1278262390656847872
1278262346809516032
1278262334277005312
1278262321715052288
1278262165548544000
1278259585254658048
1278259552161497088
1278259508947664896
1278245922724613888
1278233416220246016
1278233256677302272
1278233014074511360
1278232964044861440
1278232884374052864
1278232853164195840
1278232485655166976
1278218294491783168
1278214919620571136
1278213073443184640
1278206938606698496
1278206872990953472
1278195130072211712
1278170783328735232
1278170725866708992
1278169605928861696
1278169591559196672
1278169579198480384
1278169568226283520
1278169545459589120
1278169517793968128
1278169472252207104
1278169432787955712
1278169367138746368
1278169354358657024
1278169342379770112
1278169220422008832
1278169207155363840
1278169193762955264
1278169179393274112
1278168393888268288
1278168336644390912
1278168310887186432
1278168266247110912
1278168234307403776
1278168083253911552
1278168066149539840
1278168050081153024
1278167949883432960
1278167927888531712
1278167854823747584
1278167827623674112
1278167755913596928
1278167727673348096
1278167699336593408
1278167609654087680
1278167573822046208
1278167534156603392
1278141118056673280
1278055370011938816
1278055331864686592
1278055280559960064
1278055230832349184
1278054075003797504
1278052552282640384
1278052497177874432
1278052434607255552
1278052225319927808
1278052011238404096
1278051948130906112
1278051521184387072
1278051438023839488
1278051383778910208
1278051321950674944
1278051130975674368
1278051017838428160
1278050994023288832
1278050828658622464
1278050791119601664
1278050713621405696
1278050684785569792
1278050415691563008
1278050396251004928
1278050365963997184
1278043154596483072
1278042889134780416
1278042858172428288
1278042278154600448
1278041923488530432
1278041031624347648
1278041006307508224
1278040865378885632
1278040680921804800
1278038462143348736
1278037844074905600
1278037819911520512
1278035551711629312
1278035532870758400
1278035489459765248
1278033431365115904
1278033409873510400
1278032597235400704
1278032541103030272
1278032392633093888
1278029339465048064
1278028742032580608
1278028720893288448
1278028698596323328
1278028528198524928
1278019525024387072
1278018349981749248
1278018208423952384
1278016753805733888
1278014250322100224
1278012294245515264
1278010355080364032
1278009118175920128
1278008965981523968
1278007856101498880
1278007811847397376
1278007776363646976
1278006553879199488
1278006534128177152
1278006515350339584
1278000154818285568
1277994898575196160
1277994493610991616
1277994464099864576
1277994433422729216
1277991886674853888
1277991360470056960
1277990974493544448
1277984211706798080
1277984069796663296
1277983646859907072
1277982825300537088
1277982594425065472
1277982248340353024
1277981673578065920
1277981450164297728
1277981164779606016
1277980248827559936
1277979956048322560
1277977562946265088
1277977190118748160
1277976811033423872
1277976781820096512
1277976709518614528
1277976470455869440
1277976137507864576
1277975716047405056
1277975316187643904
1277975287062355968
1277972771188781056
1277972687936040960
1277972538115518464
1277962032268992512
1277959204200824832
1277958605786890240
1277956849141035008
1277956808825438208
1277953745184268288
1277953727878492160
1277953704956698624
1277947803935936512
1277947731605180416
1277947702173749248
1277945313316257792
1277945075360845824
1277944099350491136
1277941983659601920
1277941713600987136
1277941243255894016
1277940966343704576
1277938604652802048
1277938010064027648
1277933779047374848
1277933605709402112
1277932765070180352
1277931570066841600
1277931463149850624
1277928743617679360
1277928403858083840
1277926651779854336
1277926493662834688
1277925945391931392
1277925926119133184
1277925025203568640
1277919480123924480
1277919158928322560
1277918652977774592
1277918625651994624
1277918603984228352
1277918491019002112
1277906092702523392
1277905978432815104
1277904966657683712
1277904640135368704
1277904525899292672
1277903877770280960
1277903694181339136
1277903632504180736
1277903509690757120
1277903292463484928
1277903102742577152
1277902656317554688
1277897793244467200
1277897750328344576
1277897738034843648
1277896252072628224
1277896079015653376
1277894244305440768
1277893959256346624
1277887650213564416
1277886026787282944
1277884998604001280
1277884167628431360
1277881464391163904
1277879326571192320
1277879095070732288
1277879074153738240
1277879040146276352
1277860165656641536
1277858341855862784
1277858018454122496
1277857682771361792
1277857240167469056
1277854002802237440
1277853401154494464
1277853258392969216
1277852893421481984
1277850477905010688
1277849796334796800
1277849200185823232
1277849115397959680
1277847845857636352
1277846205339504640
1277846191489810432
1277845582212718592
1277845550650589184
1277845501933740032
1277845472951045888
1277845355992879104
1277845333536628736
1277845276347301888
1277845060604887040
1277844948273029120
1277844855788646400
1277844661520957440
1277844636669796352
1277844582454177792
1277844546261573632
1277844517966708736
1277844398953373696
1277844335791390720
1277844300810924032
1277844026167889920
1277790878384431104
1277790804359200768
1277790250971082752
1277788555247587328
1277788048038809600
1277787975561154560
1277787605090947072
1277787269735288832
1277787233832050688
1277787144032071680
1277787104689487872
1277785522367270912
1277785488825503488
1277785454901964800
1277785389340688384
1277785367819755520
1277785092035874816
1277785045399334912
1277784985420935168
1277784955674931200
1277784921495437312
1277784894979158016
1277784390375018496
1277784362625400832
1277784222468538368
1277784108400345088
1277784049856196608
1277784002439589888
1277783975310876672
1277783787875774464
1277783730573238272
1277783596313518080
1277783559193985024
1277702547642474496
1277702127612301312
1277701973408612352
1277701189161926912
1277700796864442368
1277700691352604672
1277700382089719808
1277700252045361152
1277700232608972800
1277700104187777024
1277699973749116928
1277699623323238400
1277699060670095360
1277698776501833728
1277697616302743552
1277697411272540160
1277696674551431168
1277696491541467136
1277696331407077376
1277696280324603904
1277695463525883904
1277695403299934208
1277695209569243136
1277695154795708416
1277694819062689792
1277694258569449472
1277694093506854912
1277694042638352384
1277693878716575488
1277693867769413632
1277689817707483136
1277688724231467008
1277686728111857664
1277675576153837568
1277673584484388864
1277672901374816512
1277672697007427584
1277672543311278080
1277672512764219392
1277671747253387264
1277671392939556864
1277668765531082752
1277663143318216704
1277660966260485888
1277660434473062400
1277660221436055552
1277658761994342400
1277658740460789760
1277657316125552640
1277653520376832000
1277646056755470336
1277645172365504512
1277644407945269248
1277643926162341888
1277641788929572864
1277641107153846272
1277639837164679168
1277634708885639168
1277634683069701888
1277633786235301888
1277632701407858688
1277632304991608832
1277631284647526400
1277631227244273664
1277631014404317184
1277615664564326400
1277614181559173120
1277611170661310464
1277611064004403200
1277610947448799232
1277610907061927936
1277610703881461760
1277610652639649792
1277610591742562304
1277609963305807872
1277609328153890816
1277608562672484352
1277608218005516288
1277607423570857984
1277607345661542400
1277607331614863360
1277607206507118592
1277606901329641472
1277606233546129408
1277606014871838720
1277605991803215872
1277605228028846080
1277603431239352320
1277594679165554688
1277591473085648896
1277589955221565440
1277587997739954176
1277587374755794944
1277586685426110464
1277584956966010880
1277584754230079488
1277584613548883968
1277584381545263104
1277581837699776512
1277581309574078464
1277581275889569792
1277581259120750592
1277581213738381312
1277581037162369024
1277581018296397824
1277580921336627200
1277580560735645696
1277580473250779136
1277580451515895808
1277580341008650240
1277580302135820288
1277580223421321216
1277580185009864704
1277578180333838336
1277578163187601408
1277578083160252416
1277578067003793408
1277578033055125504
1277559313389818112
1277559276194627584
1277558777265471488
1277558718348046336
1277551332837261312
1277550895358717952
1277550871530872832
1277550638201700352
1277549691589271552
1277549593698414592
1277543395670593536
1277542685402939392
1277542651731103488
1277542594789154816
1277541149079752704
1277539415498293248
1277539391632793600
1277539318370893824
1277539264574742528
1277539244387578112
1277539223701258240
1277539169569570816
1277538644312690688
1277538370168795136
1277538140065071104
1277538083404230912
1277535558626086912
1277534579734315008
1277533256850780160
1277532053928652800
1277532012203646976
1277530240651272192
1277529936157388800
1277528962663616512
1277528940442275840
1277528909312151552
1277528757079867392
1277528723374387200
1277528662666027008
1277528523499069440
1277528472366330112
1277528430976929792
1277511278051950592
1277510744704245760
1277510702329143296
1277510680124497920
1277489398460952576
1277487372687610112
1277487301522862080
1277482043346170112
1277481548950966272
1277480067946479616
1277479824014094336
1277465358916636672
1277465334509981696
1277462817432625152
1277462761916817408
1277448018229411840
1277447984230400000
1277447393101873152
1277447369378930688
1277446595559280640
1277446537174450176
1277445625945169920
1277445585981890560
1277443448925237248
1277443417941987328
1277443390297329664
1277443319883345920
1277443137804386304
1277443078949928960
1277443050638319616
1277442854751739904
1277442832182194176
1277334574918492160
1277333844761489408
1277333829766844416
1277333720467374080
1277333705300770816
1277333657779306496
1277333642990231552
1277333566737862912
1277332588898779136
1277332166184140800
1277331851485548288
1277331804509343488
1277331783508471808
1277330227027419136
1277330171427729408
1277330000631529472
1277329965407703040
1277329718950461440
1277329693629452288
1277329659743686912
1277329579305295872
1277327072000651264
1277327045366865920
1277319338832396288
1277319309841305600
1277300312097935360
1277300293768810496
1277300264521928704
1277299966059384832
1277299797427392512
1277299022458433536
1277297905246916608
1277297552644325376
1277297470008184832
1277297425993121792
1277297351330234368
1277297070668484608
1277297043824918528
1277287122861469696
1277286002969784320
1277285902021206016
1277285269822111488
1277285193699688448
1277283247915962368
1277283122351144960
1277282934156939264
1277280402353328128
1277280159964499968
1277279236374630400
1277279216481042432
1277279173007085568
1277278124758138880
1277277958697299968
1277277930863890432
1277275555101016064
1277274593795997696
1277274404255338496
1277273757837668352
1277273608906252288
1277272699413413888
1277272669487075328
1277271593362894848
1277271335656439808
1277271231318892288
1277271184195845888
1277267398387695616
1277267382369730560
1277267048817725440
1277266176377307136
1277264476618862592
1277260998613884928
1277260718061076480
1277260671256797184
1277260639535337472
1277260551899447296
1277260529812344832
1277260456831463424
1277260428121423872
1277260364409954304
1277260335272144896
1277260307497390080
1277260280150609920
1277260118946721792
1277260062420058112
1277244887423909888
1277244845598420992
1277239564130824192
1277239438435852288
1277239294026022912
1277239250459734016
1277239227231752192
1277237200887975936
1277233421853523968
1277233026511101952
1277231046178885632
1277230773951770624
1277230510012542976
1277230302897811712
1277230282727399424
1277230260539527168
1277230230847909888
1277230084542402560
1277230043274584064
1277229999381270528
1277223712442515712
1277223581546688512
1277221719254720512
1277221474244464640
1277221370372542464
1277219384512126976
1277219336147607552
1277213938598494208
1277213112492490752
1277212844581404672
1277212064960954368
1277211828263813120
1277211786022920192
1277211727327830016
1277205697067917312
1277205672187346944
1277205640759455488
1277202231578767360
1277201063129632768
1277200979956506624
1277200086246862848
1277200066307121152
1277197587054055424
1277197533060706304
1277197394275377152
1277193143599931392
1277192904684036096
1277190590862688512
1277189879403855872
1277189859510280192
1277189784230924288
1277189744796012288
1277189713091313664
1277182414209548288
1277181201938296832
1277180569642770432
1277180525770350592
1277180214267740160
1277179999850766336
1277178918576050176
1277178814846644224
1277178714019766272
1277178564627103488
1277177976635998208
1277177449344913408
1277176359199092736
1277176325925675008
1277169549771706368
1277163014999937024
1277157720425103360
1277157685390184448
1277147470468972288
1277147121960001536
1277147026917072896
1277130940230352896
1277130921259532288
1277130906512351232
1277130890318098432
1277122839305486336
1277120669021503488
1277120633449611264
1277119786699444224
1277117566759186432
1277116153601708032
1277114666704146432
1277113809245741056
1277112471153754112
1277112069771407360
1277111318898774016
1277111146777059328
1277105661856362496
1277103474480762880
1277098436685422592
1277098412324814848
1277098364321046528
1277080019853082624
1277079996641808384
1277079982792204288
1277079970754560000
1277079938307362816
1277079920410329088
1277079908557238272
1277079516607852288
1277079489290424320
1277057474978295808
1277057179506429952
1277057151677104128
1277057076527796224
1277057030499504128
1276980330877108224
1276980315844681728
1276980297393942528
1276980281724022784
1276980234647207936
1276980041130409984
1276978620658049024
1276978574524850176
1276978156864503808
1276977729179656192
1276977606970298368
1276976888498577408
1276976657765670912
1276976254344933376
1276976099579301888
1276975989038424064
1276975975180492800
1276975789934874624
1276973946349531136
1276973843538722816
1276973144109129728
1276972760561061888
1276971224334303232
1276967303716970496
1276966368190115840
1276965535155130368
1276964542648594432
1276962264562782208
1276962233155760128
1276961249847382016
1276954605822361600
1276954554546954240
1276953002151235584
1276952721791365120
1276950501620355072
1276949919744614400
1276949680165961728
1276947900883492864
1276947336883830784
1276947321029381888
1276947311848022016
1276947298778578944
1276947288640937984
1276947270919995392
1276947260711059712
1276947249147400192
1276947228356198400
1276947214905028608
1276942968134479872
1276939500091052032
1276937593960099840
1276937368902283264
1276937135162081280
1276934412060569600
1276933933788205056
1276932054651994112
1276931921419911168
1276931899831844864
1276920528746565632
1276920509813460992
1276920485901713408
1276920366422769664
1276920083659587584
1276919610328129536
1276919492816371712
1276918771731566592
1276917502686232576
1276917373434507264
1276917060761718784
1276916857002438912
1276916678388002816
1276916498314022912
1276914521114923008
1276913825871208448
1276912611007909888
1276909535261790208
1276908623973801984
1276908576238448640
1276905459757322240
1276903644613533696
1276902569504321536
1276901735060168704
1276898591605501952
1276896495074267136
1276891951909023488
1276891656785190912
1276891627357982720
1276890409915072512
1276890254272839680
1276890145329950720
1276888393083957248
1276880302074454016
1276877440833523712
1276877041695182848
1276876379393572864
1276874588371275776
1276869471064526848
1276866605193080832
1276863934335717376
1276862679983030272
1276858520927907840
1276856406377926912
1276852850069590016
1276852817962192896
1276851166773686272
1276849875955695616
1276849859665039360
1276847874857410560
1276840078241927168
1276839610128240640
1276839331521593088
1345406212817498112
1345406203397099520
1345406193603371008
1345406184308801536
1345406172711542784
1345406163224039424
1345406153749123072
1345406142105714688
1345406132790157312
1345406117321572352
1345406108094132224
1345406099122479104
1345406087781117952
1345406074938142720
1345406065488375808
1345406055216504832
1345406034328879104
1345406024291913728
1345406015483817984
1345406002515111936
1345405988313174016
1345405974929092608
1345405958244229120
1345405948152721408
1345405921921478912
1345405912287223808
1345405902896173056
1345405890803994624
1345405883141001216
1345405851054579712
1345405838995939328
1345405826434019328
1345405816858439680
1345405804212576512
1345405760524734464
1345405748805849088
1345405696498667520
1345405678945333248
1345405669407649792
1345405659613978624
1345405592073101312
1345405541263269888
1345405525903736832
1345405490638024704
1345405479367962624
1345405466873102336
1345405453094834176
1345405443196280832
1345405415551594496
1345405408211513088
1345405398803746816
1345405386866745088
1345405364435615488
1345405352427352064
1345405340591026176
1345405330885370112
1345405320806461440
1345405300816408576
1345405283183566848
1345405269266882560
1345405259196338176
1345405251977883648
1345405242356211712
1345405231639785472
1345405215999226112
1345405193131872512
1345405181375242240
1345405169639579648
1345405159984259072
1345405133140721664
1345405121744826368
1345405109476470784
1345405097531080704
1345405084331610112
1345405074688905216
1345405063003594752
1345405051112709888
1345405038638882816
1345405023170269184
1345405011669475328
1345404996255420416
1345404982280007680
1345404972310126592
1345404959538470912
1345404930258063360
1345404887597780992
1345404870040424448
1345404860058001408
1345404851136712704
1345404839581413376
1345404827682091008
1345404818735718400
1345404807276859392
1345404794698133504
1345404771197452288
1345404752683802624
1345404743464722432
1345404730021974016
1345404704944230400
1345404695603539968
1345404685335867392
1345404673407266816
1345404663324147712
1345404653744365568
1345404641949995008
1345404632651202560
1345404619787284480
1345404609397993472
1345404593904242688
1345404582671872000
1345404567358480384
1345404555073368064
1345404543018917888
1345404532101156864
1345404523871875072
1345404511200948224
1345404498215395328
1345404486420987904
1345404474358190080
1345404455014043648
1345404443710394368
1345404430141845504
1345404418200637440
1345404404078403584
1345404389696143360
1345404377520099328
1345404366321299712
1345404355739062272
1345404346708746240
1345404334398386176
1345404323799441408
1345404309064835072
1345404296112779264
1345404285660573696
1345404275858538496
1345404264894656512
1345404253884579840
1345404239426760704
1345404226764206080
1345404136993521664
1345404108820385792
1345404065598083072
1345404048858615808
1345403973776388096
1345403962137206784
1345403950573498368
1345403941161467904
1345403929681678336
1345403918549983232
1345403906759798784
1345403837335666688
1345403765583716352
1345403756033277952
1345403739188961280
1345403727801425920
1345403716392923136
1345403706922172416
1345403672092676096
1345403656624091136
1345403640635383808
1345403628950007808
1345403609991811072
1345403596037304320
1345403583605452800
1345403569814597632
1345403556849999872
1345403542971023360
1345403533688975360
1345403519927529472
1345403508330262528
1345403496670121984
1345403470690574336
1345403458912980992
1345403448267833088
1345403435760447488
1345403424263856128
1345403407801200640
1345403395960676352
1345403383797211136
1345403366390820864
1345403354357362688
1345403344366559232
1345403335235559424
1345403313970437888
1345403304260624384
1345403295058317312
1345403286061535232
1345403276402044928
1345403244957347840
1345403209951678464
1345403201219129088
1345403153773162496
1345403141911687168
1345403080800665600
1345403043886596096
1345403026224406528
1345402986214862848
1345402431639871488
1345402346650677248
1345402334369771520
1345402322998984704
1345402309518512128
1345402296688128000
1345402283144736768
1345402273086714112
1345402263632834560
1345402251855192064
1345402242275401728
1345402233576423424
1345402221576511488
1345402212432961536
1345402203201274112
1345402194108026880
1345402159861551104
1345402150738911232
1345402138466390016
1345402127078797312
1345402106883284992
1345402067423268864
1345402057818255360
1345401888137752576
1345401785146613760
1345401773381586944
1345401747255263232
1345401735569924096
1345401724320808960
1345401715043020800
1345401705840730112
1345401690476916736
1345401675465580288
1345401660827447296
1345401648257110016
1345401636966043648
1345401616128745472
1345401603361271808
1345401593496301568
1345401569253208064
1345401559820206080
1345401550156549888
1345401538076942336
1345401526295080960
1345401511984181248
1345401499254456320
1345401485526446080
1345401472561897472
1345401460054515712
1345401451011596288
1345401442136432640
1345401433231925248
1345401418207866880
1345401392735940608
1345401354722938880
1345401343855517696
1345401326709190912
1345401313270632448
1345401303774752768
1345401295952338944
1345401275760992512
1345401265015181312
1345401253497548800
1345401244425351168
1345401230923849728
1345401218584207360
1345401205762220032
1345401177429696512
1345401148237344768
1345401128280879104
1345400705520177152
1345400693318955008
1345400678890545152
1345400667599499264
1345400658137149440
1345400645747154944
1345400615975989248
1345400170507337728
1345400146121682944
1345400111476723712
1345399827551694848
1345399624950018048
1345399615013740288
1345399603592622080
1345399586135879680
1345399573544652800
1345399200184479488
1345399167666053120
1345399154990866432
1345399142324035584
1345399119670611968
1345399105368043520
1345399079795384320
1345398968583397376
1345398956411514880
1345398926451634176
1344754814773768192
1344754769261375488
1344743481005191168
1344743364634275840
1344742948383154176
1344730710100336640
1344730680450801664
1344725251113050112
1344725241063501824
1344725228430176512
1344725219219558400
1344725202316484608
1344725192636067840
1344725180342533888
1344725168766283776
1344725156485357568
1344725145882161152
1344725123039899648
1344725111232999424
1344725098721406976
1344725088772497408
1344725077561139200
1344725065666076672
1344725056098861056
1344725045101420288
1344725024524165120
1344725012503290112
1344725000109088768
1344724992798416896
1344724976298024960
1344724963216003072
1344724953476825088
1344724945255985152
1344724933390307328
1344724930756276224
1344724916269166592
1344724906316066816
1344724896455282688
1344724887211044864
1344724876498710528
1344724865459384320
1344724857620197376
1344724845754462208
1344724832915759104
1344724821809180672
1344724809876459520
1344724797754900480
1344724787625648128
1344724774954676224
1344724766259884032
1344724751449792512
1344724740842381312
1344724730008514560
1344724716758695936
1344724707640299520
1344724701952823296
1344724689286004736
1344724681014857728
1344724665248456704
1344724655463165952
1344724644981583872
1344724633719865088
1344724620490977280
1344724606498824192
1344724589402874112
1344724576585060352
1344724562123100160
1344724549145931776
1344724537150202112
1344724523153821696
1344724508968677376
1344724494120857600
1344724484775936000
1344724472876720128
1344724460042145792
1344724448360980480
1344724438982516736
1344724427515301888
1344724417830596608
1344724405222567936
1344724395718291712
1344724387166101504
1344724378039287808
1344724367427719168
1344724356304404480
1344724346590420992
1344724337564282880
1344724325669154816
1344724314386558976
1344724299324792832
1344724290097319936
1344724280353976320
1344724263694168064
1344724253791252480
1344724242814935040
1344724233805586432
1344724224938799104
1344724213685506048
1344724202482524160
1344724189895340032
1344724178868568064
1344724168055652352
1344724159037845504
1344724143242178560
1344724131636531200
1344724124401344512
1344724113122881536
1344724103610175488
1344724091929047040
1344724080394711040
1344724069187465216
1344724057674145792
1344724016905531392
1344724005304082432
1344723988094849024
1344723976715718912
1344723966171222016
1344723953147899904
1344723938094542848
1344723928930004992
1344723918700089088
1344723908654751488
1344723899028746240
1344723889918763008
1344723879722430464
1344723871086358528
1344723858218217472
1344723844280557568
1344723799653183488
1344723789330919424
1344723778765516800
1344723761640173568
1344723751770992640
1344723725216788480
1344723713988710400
1344723703041576960
1344723690777411584
1344723667255754752
1344723657948467200
1344723648817623040
1344723631927132160
1344723622619971584
1344723612088078336
1344723589828911104
1344721152242049024
1344568553815552000
1344568535469744128
1344568254635900928
1344568242518585088
1344568156795363328
1344314124004679680
1344313971868839936
1344313553487069184
1344313538916003840
1344313532821680128
1344313519957811200
1344313504535293952
1344313446515548160
1344313414542307328
1344313069808345088
1344311858031898624
1344311690662453248
1344311676007538688
1344311658496335872
1344311648111239168
1344311638149767168
1344311626418294784
1344311575239418112
1344311565361811712
1344311553156407296
1344311514988220416
1344311411661537280
1344311397879058432
1344311354140844032
1344311344296820736
1344311241989386240
1344311229943336960
1344311218350284800
1344311207268900864
1344311196153999360
1344311185534046208
1344311173517373440
1344311162243067904
1344311151509823488
1344311139312803840
1344311130592862208
1344311121596076032
1344311105276043264
1344311096409251840
1344311071281205248
1344311060849946624
1344311049391132672
1344311039941337088
1344311009788506112
1344310993095155712
1344310959037440000
1344310950099300352
1344310938489520128
1344310927202643968
1344310918457544704
1344310907166486528
1344310898115170304
1344310887423897600
1344310873272291328
1344310862899793920
1344310854188212224
1344310843664695296
1344310834663714816
1344310823343312896
1344310811922223104
1344310796818526208
1344310787402326016
1344310777826697216
1344310768376934400
1344310759849947136
1344310748068110336
1344310739515957248
1344310377782370304
1344310309041950720
1344310240439922688
1344309940043853824
1344309927972630528
1344309916966809600
1344309905549832192
1344309895584215040
1344309879268401152
1344309862017150976
1344309848721281024
1344309836993990912
1344309824746565632
1344309810636972032
1344309798972633088
1344309787509608448
1344309775941705728
1344309749303693312
1344309686032596992
1344309668391354368
1344309654348832768
1344309642135007232
1344309609931091968
1344309557405876224
1344309524090511360
1344309515026628608
1344309505622999040
1344309490183757824
1344309480218112000
1344309460689440768
1344309451797516288
1344309440330276864
1344309431257993216
1344309420080189440
1344309408025759488
1344309397414096896
1344309378795581440
1344309360776908800
1344309330233982976
1344309291616972800
1344309281823338496
1344309269936680960
1344309258641436672
1344309246498889728
1344309227309965312
1344309213284208640
1344309173404758016
1344309157067960320
1344309144971595776
1344309130509615104
1344309065745395712
1344309009881440512
1344308997311127552
1344308947113619712
1344308879904174080
1344308864796266496
1344308853454856192
1344308843715719168
1344308829568250112
1344308632028991488
1344308366353592320
1344308353904869376
1344308338297884672
1344308327895998464
1344308316785303552
1344308306932850688
1344308295507595264
1344308283453153280
1344308273940484096
1344308262259335168
1344308250938896384
1344308238582509568
1344308226259611648
1344308115504820224
1344308100497629184
1344308091064619008
1344308081946202112
1344308069799514112
1344308060785930240
1344308050656690176
1344308024014475264
1344308013801361408
1344308003340693504
1344307992301350912
1344307982084038912
1344079058745884672
1344079043939987712
1344079000189206528
1344078972464848896
1344077860299013888
1344076516284624896
1344076501558448128
1344076488740634624
1344076478712078336
1344076468712861696
1344076457400791040
1344076434537644032
1344076421745037312
1344076398022041600
1344076387225923584
1344076372134809600
1344076362596962304
1344076353382064128
1344076341826772992
1344076329579266048
1344076317910822912
1344076308985344000
1344076300080836608
1344076291226660864
1344076278283038720
1344076267864403968
1344076259215732736
1344076250349002752
1344076239859023872
1344076195911110912
1344076184322269184
1344076172079067136
1344076160125308928
1344076153208922112
1344076144329441280
1344076109751705600
1344076100918509568
1344076083784806400
1344076074569912320
1344076062410616832
1344076052709203968
1344076040952537088
1344076030311600128
1344076021339971584
1344076010208325632
1344075995435982848
1344075985210253312
1344075970249162752
1344075959432048640
1344075948031946752
1344075884945420288
1344075875634077696
1344075865764876288
1344075851479048192
1344075841794355200
1344075829781929984
1344075820348928000
1344075808487387136
1344075797070553088
1344075785812979712
1344075773188182016
1344075762018746368
1344075745518374912
1344075733728157696
1344075721103319040
1344075632012046336
1344075555784818688
1344075450616868864
1344075412171853824
1344075306320220160
1344075235755241472
1344075224623546368
1344075215412850688
1344075205933756416
1344075192100913152
1344075183276109824
1344075092079354112
1344075070008946688
1344075014430142464
1344074719662899200
1344073589654478848
1344073575213490176
1344073573401571328
1344073571899944960
1344073571837030400
1344073571753210112
1344073487569326080
1344073477305888768
1344073464945238016
1344073419940360192
1344073405981732864
1344040577990619136
1344040576400957440
1344040574714839040
1344040022538932224
1344039964586213376
1344039962723954688
1344039960836509696
1344039959255281664
1344039957321678848
1344038473813078016
1344037680854789888
1344037283201232896
1344037217065381888
1344037206026018816
1344037195032760320
1344037186065346560
1344037168604471296
1344037158659772416
1344037147347742720
1344037138338295808
1344037126787256320
1344037115580059648
1344037103173324800
1344037088468103168
1344037076677832704
1344037054141890560
1344037005810933760
1344036993097994240
1344036978480832512
1344036966178955264
1344036939230556160
1344036930175062016
1344036921027268608
1344036894183714816
1344036873572909056
1344036864605434112
1344036855617114112
1344036846624526336
1344036837627715584
1344036781952479232
1344036773618397184
1344036762016952320
1344036753074757632
1344036745164320768
1344036736058458112
1344036724209549312
1344036711064629248
1344036701929402368
1344036692538351616
1344036683600302080
1344036674037305088
1344036664658821120
1344036655624282112
1344036647013412864
1344036637387452416
1344036628956917760
1344036608236990464
1344036599584141312
1344036590474186752
1344036578893717504
1344036568856670208
1344036557418856448
1344036545402187776
1344036533947551488
1344036521616277504
1344036508655898624
1344036497507426304
1344036486639984640
1344036475126607872
1344036465882390528
1344036456612954112
1344036448002076672
1344036439516917760
1344036430729850880
1344036421288525824
1344036412203671552
1344036402837790720
1344036378896642048
1344036365344919552
1344036353219166208
1344036344188833792
1344036334583873536
1344036189909754112
1344035800829325312
1344035663663034368
1344035468523016192
1344034556920410112
1344034538268332032
1344034322907504640
1344034295736918016
1344034044363866112
1344034034574364672
1344034024726147072
1344034015045672960
1344034003125415936
1344033992954306560
1344033942047961088
1344033927229534208
1344033894442655488
1344033881415176192
1344033868660269056
1344033858220675072
1344033847248351232
1344033834086629376
1344033823902859264
1344033813823954944
1344033771390197760
1344033761298702336
1344033751668555776
1344033738930462720
1344033728746708992
1344033713563312128
1344033702901374976
1344033689353728000
1344033677001564160
1344033661327462400
1344033647763091712
1344033631233323008
1344033619237629952
1344033588967333888
1344033558978043904
1344033548270002176
1344033537914236928
1344033524786081792
1344033511695671296
1344033496730394624
1344033485527379968
1344033472759934976
1344033457735954432
1344033448789475328
1344033433677393920
1344033422256312320
1344033400592728064
1344033274763599872
1344033069544714240
1344032691621142528
1344032670775455488
1344032428512436224
1344032051306131712
1343321978703384576
1343321941646716928
1343321913570045952
1343321829159685888
1343321816954269696
1343321801187848192
1343321785211756288
1343321773413183488
1343321760020770816
1343321744862547968
1343321699589230592
1343321652814376960
1343321640290103296
1343321619012456448
1343321590487011328
1343321577803436032
1343321555959476224
1343321544089604096
1343321532580438016
1343321514289082368
1343321396416565248
1343321381266747392
1343321304007659520
1343321290732658688
1343321240774320128
1343321227453194240
1343321213767217152
1343321202367066112
1343321185728212992
1343321170813333504
1343321156087140352
1343321142359183360
1343321130476728320
1343321119105941504
1343321060792561664
1343321045080694784
1343321030304157696
1343321018488782848
1343321004362358784
1343320993528426496
1343320981566337024
1343320968429785088
1343320952600473600
1343320936771170304
1343320922573385728
1343320903904587776
1343320860082503680
1343320796039684096
1343320748581130240
1343320733829779712
1343320694260686848
1343320678070673408
1343320661066981376
1343320643941576704
1343320627772583936
1343320616414412800
1343320538165498112
1343320484910395392
1343320445437812736
1343320371009888512
1343320337065398272
1343320315028496384
1343320303548690432
1343320286570172416
1343320263505702912
1343320121360736512
1343320108396142592
1343320095171506176
1343320047280943104
1343320025378205696
1343320008663904512
1343319887595372288
1343319773065736192
1343319722528563200
1343319649677619200
1343319639397433088
1343319626525134848
1343319453401034752
1343319441933807616
1343319428746928128
1343319416973520896
1343319402469597184
1343319224849211392
1343319176845406208
1343319165608853504
1343319158025560064
1343319058809294848
1343318990068854784
1343318924696367104
1343318795843211264
1343318741434691584
1343318609649664000
1343318567773761536
1343317874409156608
1343317831857938432
1343316882963591168
1343316864844378112
1343316204816109568
1343316158678769664
1343316120779038720
1343316022045114368
1343316012255612928
1343315992475283712
1343315973244379136
1343315962024628224
1343315950012165888
1343315941921271808
1343315920521981952
1343315874384662528
1343315854109323264
1343315843032211712
1343315803551240192
1343315788900528128
1343315765152387072
1343315606150512640
1343315561812471808
1343315550840254464
1343315540123779072
1343315080285474816
1343315070391103488
1343315032994680832
1343315021552635904
1343314992712605696
1343314981698334720
1343314968482107392
1343314958151544832
1343314942334799872
1343314930561380352
1343314916170723328
1343314907333324800
1343314898118455296
1343314826978861056
1343314816379842560
1343314774340329472
1343314763808460800
1343314754610323712
1343314736339968000
1343314698972917760
1343314673811205888
1343314660641144832
1343314611970433024
1343314602428346368
1343314590923452416
1343314577786855424
1343314563425595392
1343314553862545408
1343314544496680960
1343314534698799104
1343314522526928896
1343314508014616576
1343314493728825088
1343314455606812672
1343314442298273792
1343314429786673152
1343314420957589504
1343314345753792512
1343313585817137152
1343313548198424576
1343313521640173568
1342969656613744640
1342969646631235584
1342969628218298368
1342969242161999872
1342969012590948352
1342968792205430784
1342968200359772160
1342967938417000448
1342967200001515520
1342967187049476096
1342967169177554944
1342967157018263552
1342967134029303808
1342967119986745088
1342967039112204288
1342967027330383872
1342967012620972032
1342967001053069312
1342966984363925504
1342966972603117568
1342966958178897920
1342966946329931776
1342966830592385024
1342966804600262912
1342966773864423424
1342966759662432512
1342966748119707648
1342966733729050624
1342966546008826112
1342966478111461376
1342966249794523136
1342966114167508992
1342966003131707392
1342965646481567488
1342965478562607104
1342965466499788800
1342965454231515136
1342965444752375808
1342965432047857664
1342965419624300288
1342965407687340032
1342965395628683264
1342965382982864896
1342965370064400384
1342965356839784448
1342965346664411136
1342965334681260032
1342965319640473600
1342965309330829312
1342965290213257216
1342965277542264832
1342965267442388992
1342965257141104640
1342965245782986752
1342965212425691136
1342965202480992512
1342965190372052992
1342965180783874048
1342965171719909376
1342965163612364800
1342965151142715392
1342965139365109760
1342965071950000128
1342965062101823488
1342965048927518720
1342965036961161216
1342965027733696512
1342965015456976896
1342965005667471360
1342964996096057088
1342964983550906368
1342964972784144384
1342964963074309888
1342964953666490368
1342964944225054720
1342964934666297088
1342964925333970944
1342964915670294528
1342964906027601920
1342964894090600448
1342964884619849728
1342964870254383104
1342964848456560640
1342964839203954688
1342964830135869440
1342964821092937728
1342964811894763520
1342964802768007168
1342964789929242624
1342964765145116672
1342964742072238080
1342964731003490304
1342964719406239488
1342964710539464704
1342964693275713536
1342964678536941568
1342964669162643712
1342964660371386368
1342964651315900416
1342964634874208512
1342964625051152384
1342964613135142912
1342964603907616768
1342964593212207104
1342964583749873664
1342964570902638592
1342964555132112896
1342964544562487296
1342964535565688832
1342964524345913088
1342964515491737600
1342964504947261440
1342964495384260608
1342964486194475008
1342964476228853760
1342964466233839616
1342964445123907584
1342964435565084672
1342964420151042048
1342964405328351232
1342964395350122496
1342964383392145408
1342964373782990848
1342964363746029568
1342964352203304960
1342964327117185024
1342964314794323968
1342964259014275072
1342963775528439808
1342892345163997184
1342891705511669760
1342891695994773504
1342891686465335296
1342891677221081088
1342891667091808512
1342887632842477568
1342887608666509312
1342887565498720512
1342887555054886912
1342887541842837504
1342887530350448640
1342887520338640896
1342887508850470912
1342887499094487040
1342887488172552192
1342887473500872704
1342887450755133440
1342887400884867072
1342887386758471680
1342887371747028992
1342887357360566272
1342887327912308736
1342887311118368768
1342887293980467200
1342887282639069184
1342887271582871552
1342887260614746112
1342887249206255616
1342887238913429504
1342887227664302080
1342887216675221504
1342887205505617920
1342887194218934272
1342887175923376128
1342887160161185792
1342887125759483904
1342887110928457728
1342887097397616640
1342887082331664384
1342887071506194432
1342887058151514112
1342887044012535808
1342887030502682624
1342887019375161088
1342886974059851776
1342886953516224512
1342886942179012608
1342886929583497216
1342886909643780096
1342886893759959040
1342886885329424384
1342886872612298752
1342886862172643328
1342886848755097600
1342886834649575424
1342886814026244096
1342886803347529728
1342886787379851264
1342886776885669888
1342886766701760512
1342886753275932672
1342886741951344640
1342886727116054528
1342886714562523136
1342886701899898880
1342886691296735232
1342886677526810624
1342886667238125568
1342886654982434816
1342886642051391488
1342886631540457472
1342886618986901504
1342886606911528960
1342886591447126016
1342886572312702976
1342886560094695424
1342886549604720640
1342886538988974080
1342886528704540672
1342886517874839552
1342886500485242880
1342886489408106496
1342886477257191424
1342886462866530304
1342886449931309056
1342886439785295872
1342886430184501248
1342886420248199168
1342886408713867264
1342886399041744896
1342886389256495104
1342886376719716352
1342886366355595264
1342886350933127168
1342886341261094912
1342886320021110784
1342886307463372800
1342133702470623232
1342133596577001472
1342133456642441216
1342133419862536192
1342127010798252032
1342126992347566080
1342126983040397312
1342126971812249600
1342126961334824960
1342126945065197568
1342126921321221888
1342126900882403328
1342126886613381120
1342126871132176384
1342126858788364288
1342126845471371264
1342126830527131648
1342126811233349632
1342126799493455872
1342126780946247680
1342126769009291264
1342126759572099072
1342126748025188352
1342126733961658368
1342126722116952064
1342126708288319488
1342126695910785024
1342126684976389888
1342126668350181376
1342126654378930176
1342126643716960512
1342126626629410816
1342126615237689088
1342126597743255552
1342126586963914752
1342126574619996160
1342126558258016512
1342126542818828288
1342126526838546432
1342126507578195968
1342126499122601984
1342126486770360320
1342126473939980288
1342126464817364992
1342126449852092416
1342126410706640896
1342126399608520704
1342126386899726336
1342126367442407424
1342126359703912448
1342126348656119808
1342126332856184832
1342126319639941120
1342126306809573376
1342126291307405312
1342126276384088064
1342126261989240832
1342126249012056064
1342126236114571264
1342126173355175936
1342126161925693440
1342126151771283712
1342126135384092672
1342126126634774528
1342126109387841536
1342126099480903680
1342126058783571968
1342126039204552704
1342126016521764864
1342126005088083968
1342125992266117120
1342125976600387584
1342125967066738688
1342125950016884736
1342125935898882048
1342125925601865728
1342125912368812032
1342125902235377664
1342125892181651712
1342125881611980800
1342125814373036032
1342125735214014464
1342125576891588608
1342125515872874496
1342125478644232192
1342125286566072320
1342125220837150720
1342125147399008512
1342125045427134464
1342124875524272128
1342124647484108800
1342124496765988864
1342124466579644416
1342124416080224512
1342124362988740608
1342124283758325760
1342124195640180736
1342124122395058176
1342123729044779008
1342123693577801728
1342123653798965248
1342123303054548992
1342123293810298880
1342123281911045888
1342123268925517824
1342123258490089472
1342123249111621632
1342123239087230976
1342123230509883392
1342123219264933888
1342123209479614464
1342123199069302784
1342123187014926336
1342123153313693696
1342123142127476736
1342123097995018240
1342123084183166976
1342123071898050560
1342123062179885056
1342123050226098176
1342123037794181120
1342123025450328064
1342123009402925056
1342122962003103488
1342122902678876160
1342122887814279168
1342122877462732800
1342122865139851264
1342122852120727552
1342122839890153472
1342122829295333376
1342122816930541568
1342122804431507712
1342122793341743104
1342122788312776704
1342122774404472832
1342122762257760512
1342122750513737728
1342122731723239424
1342122544527249408
1342121951632961536
1342121822423232512
1342121774486589440
1342120314692579328
1342120300457172992
1342120287052181504
1341797114062516224
1341797057259036672
1341796978930401280
1341796912949825536
1341796631981780992
1341796622339072000
1341796613141000192
1341796591909433088
1341796574733750272
1341796563010633728
1341796550100574208
1341796534053122048
1341796516009283584
1341796503866777600
1341796491292241920
1341796480768757760
1341796469809045504
1341796457410670592
1341796444664160512
1341796435453423616
1341796424472813568
1341796414574178304
1341796174311940096
1341796026341048320
1341795900918804480
1341795853082738688
1341795785344692224
1341795716419731712
1341795627596918784
1341795609028812800
1341795593325297664
1341795583254794240
1341795573050040320
1341795562409103360
1341795552216793088
1341795541508890624
1341795520092762112
1341795507455340288
1341795491500191488
1341795479479324672
1341795468276355072
1341795458746871808
1341795447338352640
1341795435636207616
1341795426652086272
1341795417101615104
1341795385854087168
1341795375368314880
1341795364219830272
1341795347304226816
1341795334918430720
1341795324042592512
1341795269239861248
1341795258221342720
1341795241377079296
1341795220724342784
1341795204181991424
1341795193050304512
1341795181524357120
1341795161530134528
1341795152558473216
1341795130966220800
1341795120593694720
1341795105661923328
1341795087500660736
1341795062611660800
1341539325952069632
1341539309363589120
1341539292754161664
1341539281643433984
1341539263796678912
1341539252987981824
1341539241344561152
1341539231915761664
1341538666318077952
1341538618830184448
1341538586307530752
1341538382342709248
1341525241944826112
1341525203373928448
1341525041427738624
1341524741585317888
1341524024518733824
1341523915881984000
1341523905220124672
1341523603549007872
1341523584192278528
1341523568925011968
1341523292855947264
1341523182281482240
1341523044716736512
1341522994770927616
1341522983576330240
1341522974038487040
1341522869495410688
1341522491555127296
1341522345803083776
1341522262382428160
1341522245206876160
1341522192220246016
1341521953908273152
1341521508859035648
1341521402730524672
1341521383818469376
1341521366219186176
1341521355955728384
1341521338775777280
1341521326599761920
1341521316499886080
1341521223629594624
1341521170986885120
1341520711186300928
1341520698729263104
1341520652298272768
1341520493866868736
1341520441169637376
1341520428196655104
1341519988860080128
1341519972061880320
1341519947244199936
1341519929305083904
1341519918014074880
1341519901727571968
1341519886254792704
1341519870790426624
1341519857976815616
1341519842948608000
1341519833209421824
1341519821750546432
1341519809251557376
1341519792512131072
1341519779744591872
1341519769829322752
1341519757380644864
1341519745397498112
1341519735306022912
1341519726154043392
1341519716456738816
1341519704465104896
1341519691630735360
1341519665609248768
1341519655886860288
1341519646621614080
1341519634726588416
1341519624781901824
1341519613192974336
1341519600299720704
1341519563016581120
1341519552673411072
1341519542904901632
1341519527880880128
1341519515109130240
1341519488957734912
1341519475951202304
1341519464127471616
1341519452450512896
1341519265732694016
1341518930842705920
1341516192629088512
1341515979738800128
1341515775790751488
1341515694458941440
1341515654860591104
1341515366531551232
1341515310571147264
1341515289855471616
1341515281491963904
1341515259216093184
1341514921218093056
1341514908232523776
1341514894546497536
1341514879723814912
1341514837776601088
1341514827148222464
1341514814296829952
1341514801823051776
1341514785196748800
1341514752900681728
1341424427003744512
1341424398113382400
1341424369243983872
1341424336385748992
1341424305750626304
1341424242320130048
1341424211475218432
1341424178424102912
1341424111910871040
1341424078046019584
1341424043115896832
1341423975264624640
1341423939759861760
1341423903990800384
1341423726538203136
1341423689187946496
1341423654974976000
1341423625518366720
1341423557373530112
1341170004025348096
1341169347516096512
1341169253043597312
1341167400167862272
1341166924043079680
1341166873908539392
1341166776634253312
1341166581871767552
1341166543019929600
1341166528008482816
1341166517413679104
1341166504654622720
1341166088185389056
1341166022775193600
1341165791132180480
1341165242433335296
1341164345481453568
1341164325176815616
1341163996930600960
1341163967885025280
1341163863690145792
1341163111215185920
1341163008580575232
1341162998510080000
1341162919271292928
1341162569227186176
1341162552613593088
1341162210073202688
1341162056461021184
1341161967889895424
1341161956040990720
1341161614897246208
1341161574929731584
1341153128155127808
1341153071062261760
1341153014153928704
1341152081542074368
1341152069365972992
1341152056594362368
1341152035589263360
1341152021802528768
1341152000633933824
1341151881838678016
1341151866932084736
1341151853552254976
1341151623125626880
1341151495442542592
1341151476597592064
1341151223429423104
1341151021679091712
1341149997484654592
1341149393043546112
1341148354194137088
1341146811109617664
1341146113697591296
1341146104298151936
1341146091673284608
1341146079300083712
1341146065354043392
1341146055560355840
1341146045716320512
1341146035255652352
1341146024883183616
1341146014384861184
1341146004230434816
1341145994034098176
1341145982575271936
1341145971305144320
1341145958869065728
1341145949519929088
1341145940313436160
1341145927797628928
1341145914954686464
1341145905270013952
1341145894146719488
1341145884810211328
1341145876698435584
1341145865474482176
1341145850446295040
1341145841566953472
1341145829902565376
1341145820268257280
1341145808788475904
1341145804627689472
1341145794989207552
1341145785266790400
1341145770536259584
1341145762881806336
1341145756477120512
1341145743965470720
1341145730308780032
1341145722079555584
1341145711145066496
1341145704031526912
1341145685647867904
1341145666458927104
1341145641096007680
1341145629154811904
1341145613308751872
1341145602793627648
1341145590105858048
1341145580383428608
1341145572175179776
1341145560972210176
1341145550364823552
1341145538796933120
1341145526075609088
1341145513396203520
1341145503162089472
1341145492076572672
1341145402872094720
1341145167500337152
1341145155102003200
1341145143613804288
1341145129877463040
1341145111703543808
1341145101553315840
1341145091226874112
1341145079965216768
1341145013200310272
1341144996813156352
1341076560833638400
1341076538561802240
1341076204410073088
1341076190401073152
1341076176601837568
1341076167009443840
1341076157861642240
1341076145840775168
1341076133421461504
1341076121220214784
1341076108851200000
1341076098940022784
1341076083039453184
1341076070943105024
1341076061350670336
1341076005822341120
1341075990022397952
1341075980870422528
1341075968916647936
1341075959789858816
1341075947697692672
1341075932287823872
1341075919096737792
1341075908371886080
1341075898523668480
1341075885538095104
1341075876151242752
1341075866776989696
1341075856924569600
1341075847042707712
1341075837404246016
1341075827417624576
1341075818307575808
1341075806374801408
1341075798615322624
1341075779900289024
1341075767686553600
1341075755451736064
1341075746236850176
1341075730613059584
1341075718575407104
1341075705589886976
1341075625633869824
1341075600027623424
1341075574643695616
1341075556041940992
1341075507245436928
1341075497313329152
1341075487859355648
1341075478350802944
1341075464996212736
1341075455613546496
1341075440874741760
1341075429944406016
1341075413494353920
1341075406007496704
1341075396268318720
1341075384419430400
1341075345026519040
1341075289582030848
1341075277762469888
1341075261236908032
1341075251032109056
1341075237220327424
1341075225266499584
1341075215145693184
1341075203405824000
1341075190688702464
1341075181838725120
1341075169083858944
1341075150402428928
1341075138503200768
1341075125584715776
1341075098774728704
1341075085818535936
1341075075601227776
1341075066147225600
1341075047650369536
1341075036741005312
1341067401333489664
1341067390310883328
1341067381083402240
1341067370228568064
1341067357565964288
1341067343909281792
1341067332718907392
1341067319846592512
1341065130134675712
1341064903214440448
1341064595696398336
1341064537378852864
1341063677785624576
1341063651164368896
1341063257705078784
1341063225505435648
1341063211068645376
1341063204609396736
1341063168378941440
1341063142915371008
1341063114100510720
1341063083402424320
1341062935976800512
1341062910462877696
1341062857912401920
1341062721375186944
1341062711514451968
1341062702500724736
1341062693256499200
1341062683441950720
1341062672792563712
1341062665511333888
1341062655017177088
1341062644720148480
1341062625975816192
1341062615959744512
1341062606409359360
1341062596926029824
1341062583676235776
1341062573098209280
1341062562436304896
1341062551866662912
1341062542056165376
1341062530215649280
1341062520459718912
1341062508287823872
1341062498380894208
1341062488394231808
1341062478717972480
1341062465665327104
1341062457444491264
1341062444781883392
1341062434535206912
1341062374883778560
1341062367757656064
1341062352775614464
1341062340268179712
1341062328654151680
1341062315815399424
1341062303089914112
1341062293627543552
1341062241395851264
1341062102841225216
1341062090547720192
1341062080338796288
1341062071409061888
1341062056087318528
1341062044251017216
1341062031533875200
1341062016354709504
1341062007185879040
1341061995274137600
1341061983026765824
1341061973073666048
1341061963414188032
1341061953951846400
1341061941201170432
1341061928865705984
1341061916865781760
1341061908472995840
1341061744307875840
1341061675336740864
1341061664083488768
1341061639165128704
1341061617723854848
1341061608311844864
1341061596118966272
1341061584320344064
1341061575336218624
1341061554754752512
1341061544155734016
1341061531912589312
1341061521863028736
1341061509607264512
1341061499910033408
1341061487666868224
1341061478145810432
1341061468687621888
1341061459049148416
1341061447116337152
1341061436521533440
1341061426581037056
1341061417059889152
1341061404409913088
1341061382129807360
1341061372763926528
1341061362894684160
1341061341382127616
1341061331479375872
1341061321761189888
1341061309056618496
1341061299615264768
1341061286302519296
1341061274097074176
1341061230740578304
1341061220904935424
1341061211849420800
1341061202240266240
1341061192379412480
1341061182342500352
1341061171084980224
1341061153829613568
1341061131612418048
1341061121193742336
1341061113392328704
1341061100335448064
1341061087156953088
1341061074355949568
1341061064025366528
1341061051572482048
1341061041443250176
1341061031574065152
1341061021469986816
1341061009381986304
1341060999177236480
1341060983515705088
1341060972572790784
1341060957754290176
1341060943908917248
1341060921498726400
1341060907523293184
1341060891576549376
1341060866733649920
1340657282300964864
1340653781072171008
1340653768803819520
1340653761560256512
1340653751590334464
1340653743793201152
1340653730493067264
1340653693360885760
1340653681402900480
1340653671512727552
1340653662302056448
1340653653456252928
1340653644065230848
1340653634791628800
1340653624406499328
1340653614608634112
1340653386895675392
1340653371431260160
1340653335368642560
1340653245170151424
1340653227864416512
1340653142942371840
1340653127096262912
1340653115322851328
1340653102597353472
1340653091528597504
1340650507375955968
1340457451519430912
1340457280303751168
1340457268723265536
1340457256131948288
1340457245918826496
1340457236125114368
1340457226234900480
1340457213995999232
1340457204118392832
1340457191652864000
1340457182337396736
1340457169800495104
1340457158853455872
1340457146203435008
1340457135604445184
1340456916267511808
1340456892427083776
1340456879600914432
1340456860017684480
1340456838416969728
1340456724461981696
1340443517454348288
1340443493014134784
1340443464580915200
1340443435778629632
1340443109226897408
1340440567910703104
1340440553889140736
1340440448519856128
1340439588091904000
1340439564511526912
1340437496644194304
1340437356709556224
1340436380195971072
1340436360017162240
1340435606955053056
1340435564143779840
1340435537807683584
1340434955588022272
1340434840072687616
1340434608698101760
1340434538347057152
1340434125468168192
1340434109005492224
1340434094942003200
1340434078068318208
1340434067775471616
1340434056807366912
1340434044086054912
1340309482933530624
1340309017218965504
1340308984423706624
1340308854173790208
1340308744341696512
1340308598010867712
1340308501890019328
1340308486111047680
1340308478884253696
1340307800694681600
1340307782495563776
1340307739512365056
1340307656544841728
1340304936274423808
1340304462045356032
1340304319858552832
1340303701257412608
1340303403705131008
1340303004147343360
1340302846776979712
1340302581353111552
1340302355171045376
1340302339887026176
1340302322400948224
1340302238133215232
1340302196081090560
1340302152288362496
1340302055454494720
1340301597159649280
1340301559012462592
1340301499419815936
1340301422638804992
1340301399016521728
1340300709011578880
1340300454257954816
1340300205506383872
1340300107112197888
1340299888886771712
1340299804627365888
1340299578004938752
1340298811139354624
1340298794961920000
1340298738569494528
1340298720819163136
1340298092835446784
1340297979329204224
1340297659333095424
1340297385193447424
1340297221082918912
1340297146302652416
1340296603639418880
1340296580537200640
1340296381563604992
1340294070774747136
1340294059861151488
1340294048368775168
1340294036637294592
1340294023911788288
1340294014529056768
1340294002218819584
1340293990927757312
1340293981813547008
1340293968643416064
1340293958228959232
1340293948355559424
1340293940281561088
1340293929640603648
1340293919502970880
1340293817266802688
1340293747804913664
1340293737805692928
1340293726040711168
1340293703416635392
1340293693132189696
1340293679286784000
1340293668318679040
1340293657178599424
1340293463133343488
1340293445915688960
1340293414353551360
1340293361907982336
1340293330408792064
1340293064536014848
1340293047607840768
1340293036954292224
1340293015127076864
1340293005203431424
1340292994310828032
1340292982008930304
1340292945438773248
1340292932520333312
1340292923032809472
1340292912702210048
1340292894079545088
1340292881253330944
1340292868678840320
1340292859308761088
1340292849804427264
1340292838207221760
1340292828983865088
1340292812013748224
1340292803453181952
1340292697316356096
1340292685450665984
1340292670585974784
1340292656350584832
1340292639023886336
1340292626168369152
1340292613656764416
1340292603384893440
1340292590491545600
1340292579225726976
1340292566969954304
1340292557457256448
1340292545159589888
1340292535126789888
1340292523093348352
1340292513148645376
1340292501358428160
1340292492093255680
1340292480307257088
1340292470765211648
1340292458320699392
1340292444659863552
1340292434811609088
1340292425533812736
1340292412690862080
1340292402297401088
1340292374757556224
1340292348174057472
1340292334353854464
1340292322936930304
1340292298647736320
1340292286970781696
1340292277613289472
1340292265470816512
1340292246919385088
1340292232939786240
1340292220658855936
1340292180670361600
1340292163595329536
1340292129885724672
1340292117982294016
1340292105353252864
1340292095081373696
1340292082775322624
1340292070544715776
1340292059874418688
1340292050642722816
1340292039666249728
1340292023035805696
1340292011228848128
1340291991104569088
1340291983131222016
1340291957860552704
1340291945155981312
1340291921927933952
1340291908812337152
1340291896002949120
1340291884816711680
1340291852357013504
1340291842471038976
1340291823256932352
1340291814239182848
1340291804697161728
1340291794739851264
1340291781808836608
1340291766658985984
1340291732286689280
1340291642948005888
1340291616733618176
1340290931082321920
1340290851340226560
1340290840602828800
1340290813713104896
1340290803453800448
1340290793370767360
1340290783711268864
1340290768683098112
1340290756246953984
1340290746545557504
1340290701528084480
1340290674336346112
1340290662172864512
1340290649493561088
1340290639565643776
1340290630073917440
1340290621525921792
1340290611761602560
1340290601993064448
1340290558007361536
1340290548222062592
1340290537908219904
1340290525606371328
1340290512457240576
1340290499379388416
1340290488830668800
1340290478474997760
1340290466084958208
1340290442320105472
1340290425794555904
1340290410430787584
1340290397738835968
1340290385571176448
1340290367019753472
1340290351429529600
1340290326670536704
1340290303283109888
1340290292445032448
1340290278247313408
1340290267723812864
1340290254566252288
1340290243413626880
1340290232294518784
1340290219522871296
1340290163520499712
1340290143106834432
1340290133678034944
1340290124001755136
1340290113927073792
1340290046079975424
1340290028224823296
1340290012680744960
1340289966178529280
1340289953008381952
1340289942359060480
1340289929776128000
1340289920271855616
1340289911270875136
1340289901418438912
1340289892006436864
1340289882888003584
1340289872653856768
1340289863116066816
1340289848301764608
1340289834959704064
1340289825870635008
1340289816664158208
1340289807239569408
1340289797257084928
1340289785328525312
1340289775081811968
1340289761613930496
1340289750616461312
1340289740948566016
1340289728600522752
1340289718102179840
1340289703048847360
1340289692714102784
1340289673265070080
1340289663106502912
1340289653073653760
1340289625634565888
1340289603954241536
1340289583137865728
1340289576884195328
1340289502460436480
1340289491819491328
1340289480570392576
1340289155813806080
1340289107407347712
1340289023101820928
1340289003405369088
1340288971075706880
1340288473161486336
1340288455516024832
1340288287748009984
1340287597906685952
1340287564050288640
1340287520114925568
1340287485541306368
1340287411167895552
1340287356079906816
1340287052118700032
1340287030572494848
1340286992647663616
1340286906022674432
1340286694747193088
1340285880980922368
1340285863922692096
1340285751372726272
1340284048611172352
1340282867130249216
1340282531883724800
1340282463550136320
1340282428716429312
1340282307660410880
1340282214043570176
1340282117427781632
1340282085341278208
1340281991925739520
1340281660802273280
1340130129893355520
1340129632952180736
1340128342062878720
1340126869593665536
1339885012301340672
1339884848819912704
1339884788145111040
1339884749284896768
1339884682532560896
1339884680531877888
1339884041559044096
1339883524577439488
1339883054744088576
1339882876339412992
1339882858110980096
1339882654729158912
1339882566367756288
1339882106030321664
1339881591989014528
1339881465958592512
1339881257770098688
1339881201088278528
1339881129978044416
1339880951871135488
1339880822921412608
1339880357194305536
1339880168178020352
1339879983637008384
1339879729835470848
1339879568094670848
1339879484653244416
1339879285709041664
1339879224820305920
1339879016224985088
1339878993990971392
1339878962969923584
1339878941172133888
1339878871651512320
1339690532587626496
1339689739201507328
1339545335128068096
1339545323694411776
1339545294380396288
1339545270758109184
1339545198100144128
1339544960685797376
1339544934873894912
1339544270009712640
1339544072084709376
1339543839045013504
1339543815116484608
1339543783969570816
1339543768840761088
1339543344473583616
1339543267034206208
1339543206250356736
1339543188231626752
1339543161769783296
1339543145105788928
1339543102424539136
1339543046854160384
1339542965480505088
1339542950003548160
1339542937957494784
1339542923856257024
1339542876582195200
1339542432598376448
1339541789292851200
1339541751044972288
1339541438963564288
1339541427257303040
1339541416184320000
1339541405224628224
1339541385003851776
1339541371703713792
1339541357195608064
1339541342125518848
1339541318553509888
1339541295249973248
1339541282390159360
1339541267378790400
1339541256909824000
1339541243961995264
1339541231651745792
1339541218536112128
1339541204975955968
1339541194360180736
1339541181575933952
1339541171232792576
1339541158649880576
1339541137200205824
1339541126559232000
1339541112663515136
1339541080463855616
1339541055138631680
1339541045491740672
1339541035421196288
1339541013430489088
1339541002386878464
1339540992744181760
1339540979674734592
1339540969503526912
1339540959193870336
1339540908598018048
1339540891762122752
1339540878881411072
1339540869859463168
1339540859243671552
1339540849827438592
1339540839668834304
1339540828759482368
1339540817606807552
1339540807318196224
1339540797176295424
1339540787017756672
1339540776519426048
1339540755145138176
1339540744256839680
1339540731367731200
1339540696429187072
1339540685960179712
1339540672056094720
1339540651784986624
1339540641819353088
1339540630788321280
1339540619346194432
1339540604917846016
1339540594549530624
1339540580871880704
1339540560126877696
1339540549137801216
1339540539088187392
1339540526727630848
1339540514408939520
1339540502098698240
1339540492095279104
1339540481940840448
1339540470855323648
1339540458331115520
1339540444217286912
1339540433555369984
1339540401489899520
1339540383215341568
1339540374654775296
1339540349732139008
1339540332678135808
1339540322360147968
1339540301728329728
1339540288260481024
1339540278315781888
1339540268270366720
1339540199840374784
1339540188528308224
1339540175853109248
1339540163287019520
1339540143011635200
1339540130198110208
1339540111688646912
1339540102645727232
1339540089949609984
1339540077354082304
1339540064179728384
1339540054327365632
1339540041081696512
1339540017149063168
1339540004134129664
1339539993858084864
1339539981061263360
1339539963470200832
1339539950124097536
1339539929488122112
1339539917035216896
1339539904460697600
1339539894113366016
1339539884185423872
1339539871329882112
1339539860839952384
1339539827415461888
1339539808155299840
1339539794838339584
1339539752845008896
1339539741012860928
1339539728333500416
1339539718002892800
1339539705428373504
1339539683399888896
1339539555318423552
1339539413609668608
1339539402901647360
1339539380038492160
1339539370471256064
1339539360547528704
1339539350359592960
1339539340305829888
1339539330063282176
1339539317740482560
1339539307430883328
1339539291366707200
1339538658987282432
1339538616792576000
1339538555362811904
1339538508248170496
1339538458910535680
1339525567939526912
1339525312716140288
1339522912387276800
1339522900265733888
1339522887741485056
1339522873636118528
1339522786847567872
1339519621301498112
1339519593061216512
1339519128118452224
1339519089694416896
1339517725941637120
1339517637034987520
1339507750552956928
1339507329490939904
1339507287224938496
1339506942918725632
1339506695123464192
1339506572616212480
1339506500943949824
1339506431763091712
1339506333096308736
1339506293661442048
1339505898750959616
1339505827066032128
1339505816018296832
1339505789510307840
1339505718291025920
1339505665849618432
1339505650645262336
1339505631275995136
1339504731723616512
1339504553729826816
1339504522805338112
1339504076074213376
1339503018136449024
1339502761977769984
1339502609498066944
1339502527390347264
1339502421354098688
1339502309722763264
1339502140700717056
1339501842053689088
1339501718443347968
1339501299843395584
1338464326521384960
1338464114134437888
1338464067300765696
1338463973277052928
1338463931644440576
1338463886312398848
1338463842519687168
1338463790493528064
1338463727386058752
1338463693068247040
1338463566144397312
1338463512939667712
1338463435458277376
1338463396824539136
1338463350485905408
1338463203949506560
1338461876242485248
1338461716603088896
1338461541776187392
1338461492266606592
1338461423635214336
1338461322850217984
1338461254478913536
1338461109158879232
1338461060236513280
1338461043337662464
1338460888819511296
1338460847350435840
1338459152226586624
1338320813196538112
1338307945428361216
1338306694586228736
1338306548716670976
1338306470400700416
1338305799471439872
1338305694622216192
1338304119250046976
1338303846670626816
1338303830363168768
1338303817134338048
1338303800445178112
1338303783672164352
1338303505921085440
1338303431824429056
1338303416788004864
1338303386228314112
1338303065825402880
1338303049710886912
1338303036326899712
1338302836178874368
1338302783351557888
1338302765945196288
1338302744805994496
1338302571988086784
1338302505592217600
1338302449598279680
1338302435056611328
1338302419181121536
1338302394854236160
1338302373526122496
1338302337778130944
1338302314994671616
1338302291917594624
1338302218152316928
1338302192927772672
1338302168777035776
1338302098111389696
1338302060761141248
1338302040414556160
1338301240711798784
1338301153055023104
1338301126383374336
1338301099359543296
1338300903485530112
1338300820710961152
1338290836203843584
1338290798710960128
1338290731782467584
1338290702099369984
1338289634128826368
1338289618731593728
1338289604605178112
1338289576834686976
1338289565744967680
1338289551031349248
1338289486543859712
1338289462577606912
1338289443472613376
1338289425923661824
1338289391136088064
1338289342712786944
1338287382488092672
1338287367547973632
1338287352641368064
1338287320408223488
1338287308190179328
1338287294546120704
1338287280822362112
1338264751466569728
1338264012744781824
1338263971837710336
1338263919949967360
1338263876694106112
1338263839297695488
1338263801179860992
1338263761854066688
1338263648012263424
1338263584208510976
1338263519716921088
1338263412434931712
1338263303957721088
1338263260404051968
1338263149900926976
1338263096297730048
1338262977561161728
1338262939627888640
1338262859508310016
1338262763366457088
1338262725835845632
1338262656311045888
1338262613243940864
1338262440140812288
1338262422822526976
1338262395538518016
1338262363934429184
1338262349606776832
1338262329453056000
1338262314563346432
1338262285815582720
1338262256912621568
1338262235840385024
1338262221865054208
1338262175400534016
1338262142160613376
1338262128248107008
1338262062766710784
1338262009339637760
1338261992583409664
1338261978264064000
1338261892322779136
1338261877508485120
1338261862878760960
1338261843039707136
1338261827025854464
1338261784063569920
1338261750873985024
1338261736072294400
1338261718569512960
1338261703851700224
1338261689981087488
1338261667470319616
1338261655252312064
1338261624910721024
1338261610805256192
1338261575879315712
1338261560385548288
1338261484011479040
1338261469289476096
1338261455284604928
1338261419125563392
1338261404130881536
1338261389606064128
1338261370702340096
1338261354822717440
1338261338259394560
1338261324606955520
1338261308639236096
1338261291195113472
1338261277764939776
1338261264947142912
1338261251097497600
1338261231665340416
1338261177844068352
1338261161024819200
1338261145765949440
1338261129592705024
1338261114958860288
1338261019173543936
1338260997325418496
1338260979692539904
1338260963758366720
1338260950047199232
1338260919755870208
1338260871496208384
1338260855184642048
1338260838189306112
1338260790164467712
1338260774662369280
1338260642508271616
1338260627576467712
1338260614163140608
1338260597490786304
1338260582647144448
1338260565966401536
1338260548971094016
1338260485775503360
1338260454150430720
1338260438077812736
1338260415143358464
1338260393433718784
1338260379433111552
1338260319827849216
1338260305412059136
1338260284914475008
1338260257517146112
1338260174675570688
1338260160758870016
1338260111417110528
1338259974112292864
1338259811029364736
1338259773725224960
1338259704670285824
1338259661909336064
1338259559576707072
1338259486008614912
1338259368182239232
1338259275035107328
1338259190582812672
1338259111419449088
1338258914320797696
1338258614100914176
1338258561290432512
1338258370634125312
1338257635041300480
1337754950215094272
1337754622971228160
1337754522006020096
1337754258549174272
1337754220741726208
1337753850833465088
1337753701893730304
1337753666493755392
1337753544989028352
1337753519512805376
1337753476055576576
1337753440081096704
1337753410779672576
1337753358401228800
1337753225798279168
1337752631670878208
1337752247061671936
1337752211783376896
1337752175972331520
1337750647110856704
1337750611949989888
1337750561278529536
1337750526998552576
1337750316553543680
1337750280818089984
1337750216229990400
1337750164111564800
1337750121581260800
1337750081659936768
1337749962222940160
1337749919818543104
1337749889695051776
1337749852357320704
1337749771952459776
1337749735285919488
1337749691518300160
1337749455186128896
1337749417076645888
1337749391164182528
1337749348948602880
1337748910316646400
1337748888879591424
1337748870449795072
1337748851147632640
1337748834533957632
1337748764224872448
1337748746290032640
1337748733036011520
1337748719312187392
1337748706288922624
1337748684793131008
1337748668737331200
1337748651469369088
1337748637342986240
1337748621148696576
1337748606267363328
1337748592275099648
1337748541356318720
1337748523681541888
1337748509563478016
1337748495952965632
1337748479603519488
1337748466274021376
1337748433415835648
1337748407268610048
1337748393163165696
1337748376872480768
1337748361454247936
1337748347407495168
1337748329560748032
1337748315996368896
1337748284601982976
1337748270295224320
1337748255304724480
1337748159737589760
1337748144092811264
1337748128490004480
1337748113507962880
1337748097724604416
1337748085125107712
1337748070885429248
1337748057480368128
1337748041206533888
1337748006607708160
1337747991113969664
1337747977981620224
1337747965654540288
1337747952572444672
1337747937749856512
1337747921362706432
1337747903104905216
1337747876311687168
1337747864274014208
1337747850277642240
1337747838038650880
1337747823933218816
1337747808254824448
1337747787019137024
1337747733009010688
1337747717511057408
1337747701115613184
1337747686666153984
1337747671990329088
1337747655250862080
1337747639929098240
1337747625622335488
1337747591866556416
1337747577995923712
1337747564041474048
1337747550733000704
1337747534127767552
1337747496395808768
1337747478888722432
1337747463160143872
1337747434076835840
1337747420701134848
1337747303210373120
1337747246289481728
1337747233261973504
1337747218904834048
1337747203897561088
1337747187636334592
1337747176966004736
1337747160289464320
1337747141788360704
1337747125980065792
1337747089992921088
1337746930387079168
1337746890931249152
1337746858937028608
1337746825021886464
1337746788703416320
1337746649788145664
1337746613276712960
1337746562638819328
1337746516073648128
1337746480598171648
1337746392773750784
1337746349031243776
1337746200997617664
1337745602650714112
1337152189035327488
1337149609014079488
1337149299927478272
1337149284140060672
1337149269904650240
1337149240393535488
1337148996951879680
1337148950772649984
1337148712737501184
1337148684027502592
1337148638880026624
1337148496072364032
1337146500074381312
1337146069445193728
1337145874573570048
1337144826635161600
1337144699669405696
1337144425697464320
1337144352943054848
1337144340179726336
1337144316221906944
1337144302540107776
1337144270172590080
1337144253777027072
1337144236458831872
1337144215697051648
1337144097002414080
1337143857235058688
1337143800280592384
1337143798116343808
1337143796136615936
1337143793984921600
1337142616790609920
1337142590127427584
1337142319221534720
1337142293044883712
1337141973208215552
1337141933534310400
1337141576754208768
1337141393895075840
1337141153486020608
1337141133965717504
1337140831833239552
1337140703919542272
1337140257922445312
1337140218013618176
1337140175911137280
1337140118851907584
1337140072097910784
1337140020872957952
1337139642869698560
1337139585382572032
1337139524393181184
1337139477899325440
1337139426556776448
1337139373297590272
1337139329701974016
1337139284449652736
1337139187682856960
1337139091738157056
1337138987379650560
1337138929003339776
1337138886817042432
1337138841438855168
1337138786044698624
1337138742516133888
1337138696030707712
1337138617714663424
1337138318157504512
1337138260779405312
1337138204433125376
1337138011348357120
1337137962333712384
1337137879835938816
1337137826681516032
1337137513710882816
1337137199033278464
1337088630230282240
1337088598970077184
1337088532372992000
1337088486726397952
1337088335135830016
1337088316878020608
1337088288386068480
1337088273311817728
1337088250742247424
1337088233910525952
1337088216202153984
1337088167875391488
1337088154369732608
1337088116931383296
1337088095766843392
1337088065639243776
1337087881991630848
1337087837498462208
1337087800752136192
1337087782909587712
1337087769181609984
1337087754627411968
1337087662897979392
1337087609408004096
1337087591548641280
1337087561475481600
1337087544245293056
1337087528868974592
1337087514335731712
1337087500460945408
1337087483390144512
1337087468458401792
1337087455107932160
1337087441006714880
1337087407410253824
1337087389865488384
1337087375432880128
1337087361067474944
1337087343333928960
1337087332386824192
1337087314376478720
1337087285414801408
1337087253177376768
1337087234902814720
1337087217261547520
1337087110159986688
1337087085254209536
1337087069215186944
1337087022574530560
1337087007407927296
1337086928412438528
1337086909433131008
1337086895130603520
1337086880425385984
1337086814394396672
1337086797298462720
1337086729795366912
1337086717275279360
1337086696224075776
1337086682903023616
1337086666952105984
1337086626766364672
1337086614472888320
1337086597037223936
1337086563164033024
1337086547464777728
1337086461896777728
1337086156446556160
1337086088037478400
1337086073097359360
1337086050603249664
1337086033813528576
1337086014750404608
1337085985096609792
1337085540869562368
1337085524998295552
1337085508497846272
1337085485546659840
1337085472242331648
1337085455670644736
1337085441569398784
1337085424569880576
1337085406635024384
1337085389987868672
1337085372380143616
1337085354977923072
1345492484944756736
1345492426559991808
1345492409355002112
1345492333337448448
1345492319420755968
1345492308997844992
1345492249690451968
1345492237426286592
1345492224411369472
1345492209068605440
1345492196414390272
1345492181855985664
1345492159563264000
1345492144044322816
1345492127749439488
1345492110020136960
1345492028164100096
1345491969670311936
1345491952045842432
1345491933234421760
1345491904675377152
1345491890033070080
1345491878742011904
1345491853853007872
1345491838438928384
1345491784248549376
1345491744025096192
1345491723531780096
1345491617717874688
1345491600194088960
1345491591868379136
1345491464877436928
1345491401291800576
1345491386544631808
1345491370862145536
1345491358958690304
1345491344756715520
1345491323202236416
1345491298757857280
1345491275525496832
1345491239030951936
1345491223809818624
1345491198312673280
1345491133233823488
1345491115517112320
1345491095476719616
1345491072567406592
1345491031828140032
1345491013641641984
1345490968900988928
1345490939566034944
1345490899392991232
1345490857777094912
1345490840291069952
1345490814139559936
1345490794610888704
1345490779335176192
1345490765032677376
1345490744891613184
1345490729783717888
1345490691540070400
1345490678315438080
1345490663165583360
1345490576846819328
1345490549332193280
1345490526846513152
1345490500980252672
1345490484177858560
1345490226622439424
1345490162990649088
1345490147173871616
1345490117574668288
1345490099031703552
1345490084032897024
1345490065414352896
1345490054475608064
1345490039808077824
1345490016169041920
1345489957012598784
1345469761799524352
1345469746205044736
1345466245592862720
1345466221572067328
1345466181583568896
1345466134661836800
1345466067322359808
1345466052977840128
1345466039417638912
1345466025614200832
1345466006894993408
1345465994513440768
1345465976607956992
1345465952591355904
1345465939479973888
1345465924418228224
1345465909335490560
1345465892046561280
1345465855342227712
1345465836908240896
1345465755542958080
1345465736882495488
1345465698223595520
1345465539561476096
1345465498247553024
1345465462583406592
1345465441054040064
1345465392341405696
1345465329196138496
1345465310439157760
1345465293871718400
1345465269922230272
1345465235185016832
1345465219657715712
1345465205753569280
1345465180239621888
1345465151554777088
1345465135675150336
1345465118428192768
1345465099864178688
1345465083154096128
1345465064980160512
1345465033019576320
1345465017395773440
1345465006545104896
1345464989918879488
1345464976073519104
1345464929122480128
1345464912143921152
1345464892288098304
1345464869185855488
1345464850160476160
1345464836071821312
1345464819688812288
1345464679951441920
1345464667955720192
1345464643855278080
1345464477614022912
1345464455279354112
1345463774153756672
1345463761533075712
1345463745347284992
1345463716129726464
1345463702150115328
1345463686991900672
1345463674249637888
1345463660869775360
1345463640317681664
1345463620457652224
1345463609170784512
1345463561645133824
1345463526148747264
1345463509501546496
1345463497002545152
1345463484138594304
1345463468762288128
1345463451532066816
1345463435618889728
1345463424013234176
1345463412059471872
1345463399203942400
1345463384913940480
1345463367755038720
1345463341343535104
1345463329574318080
1345463101865521152
1345463062015447040
1345462942536445952
1345462922173173760
1345462906754920448
1345462894520131584
1345462880972533760
1345462833761419264
1345462802778099712
1345462779961106432
1345462764601561088
1345462749866946560
1345462735161729024
1345462714282487808
1345462655155376128
1345462640928321536
1345462628144001024
1345462613099094016
1345462596284141568
1345462580693884928
1345462554185904128
1345462532291645440
1345462514830733312
1345462473248432128
1345462417166315520
1345462404843507712
1345462388670259200
1345462324338040832
1345462306952589312
1345462292641677312
1345462276946538496
1345462263457705984
1345462238157697024
1345462177432535040
1345462163285139712
1345462150970695680
1345462129978191872
1345462076295294976
1345462061258727424
1345462047971139584
1345462036625567488
1345462019194019840
1345462007907180288
1345461986813992960
1345461663315734528
1345461602234097664
1345461589722411008
1345461578737586176
1345461567824011264
1345461480280481792
1345461464946106368
1345461379696877568
1345461304727891968
1345461287346696192
1345461276223406080
1345461224931274752
1345461134539763712
1345461119788462080
1345461090319294464
1345461073399468032
1345461032228106240
1345460984958365696
1345460972425785088
1345460956885872640
1345460942570725376
1345460930424020992
1345460905321050112
1345460893648355328
1345460877705826304
1345460866217598976
1345460520065839104
1345460470619271168
1345460456840949760
1345460445512167424
1345460430047686912
1345460398816976896
1345460382547251200
1345460372619358208
1345460346883026944
1345460331687141376
1345460319141957632
1345460263399677952
1345460244646920192
1345460225441210368
1345460211885240320
1345460197402279936
1345460138862399488
1345460120420036608
1345460105542848512
1345460082398658560
1345460037263757312
1345460020654309376
1345459990602067968
1345459975670390784
1345459941956591616
1345459912722309120
1345459886570811392
1345459875002920960
1345459838403416064
1345459822163013632
1345459805524258816
1345459790819045376
1345459774012477440
1345459765665792000
1345459737937276928
1345459719167749888
1345459704072442112
1345459682580848640
1345459671025516288
1345459653795307520
1345459590746558464
1345321791103918080
1345321765095014400
1345321751895560192
1345321740960985088
1345321720140460032
1345321679531208704
1345321630013251584
1345321614666301440
1345321247408848896
1345321091212967936
1345320589960077312
1345320560201506816
1345320534020673536
1345320466358149120
1345320438818353152
1345320392605511680
1345320308501323776
1345320292495872000
1345320177819394048
1345320166234742784
1345320153492447232
1345320138602647552
1345320117958287360
1345319980171223040
1345319967873495040
1345319955584196608
1345319929172680704
1345319911539814400
1345319892380229632
1345319879868616704
1345319854757335040
1345319841545265152
1345319824633831424
1345319796120776704
1345319780627205888
1345319767125729280
1345319754320519168
1345319732145229824
1345319716529840128
1345319702294355968
1345319680857288704
1345319667817177088
1345319655846650112
1345319637995683840
1345319622166327296
1345319607876386816
1345319592093224960
1345319577627066368
1345319558358380288
1345319529384128512
1345319518248300288
1345319500489613312
1345319487663468288
1345319460186566912
1345319448518000640
1345319433271726080
1345319417446592512
1345319405455085568
1345319392775708672
1345319378284376064
1345319363293957888
1345319348559360000
1345319326052720640
1345319309149675520
1345319240967065600
1345319209375555584
1345319197451165696
1345319181055631360
1345319165708673024
1345319142392537088
1345319126408040448
1345319078815268864
1345319062931443712
1345319046108086272
1345318997185724416
1345318985101963264
1345318943804841984
1345318844525637632
1345318806839848960
1345318792684036096
1345318775516786688
1345318755740622848
1345318739441496064
1345318713453654016
1345318695569157888
1345318683309187072
1345318671699341312
1345318646080536576
1345318632486744064
1345318618037424128
1345318601880952832
1345318587511283712
1345318563968643072
1345318542959398912
1345318530078666752
1345318494049628160
1345318480623624192
1345318463045324800
1345318324440338432
1345317507784204288
1345317167730987008
1345317150408531968
1345317134126243840
1345317120469573632
1345317107899236352
1345317096100667392
1345317085182877696
1345317070309892096
1345317056145727488
1345317040584798208
1345317020041175040
1345317004396408832
1345316988768432128
1345316976592351232
1345316960532357120
1345316939783172096
1345316923228217088
1345316900788723712
1345316884611215360
1345316853820878848
1345316836292911104
1345316820778156032
1345316799328481280
1345316788473647104
1345316765929250816
1345316749294645248
1345316733821865984
1345316719645122560
1345316696089886720
1345316682068340736
1345316665693777920
1345316650724302848
1345316640028839936
1345316595829272576
1345316568746618880
1345316549075345408
1345316531610267648
1345316518293196800
1345316494033489920
1345316474982969088
1345316410042560512
1345316384503431168
1345316370179735552
1345316355738923008
1345316343311179776
1345316326848528384
1345316303259791360
1345316288328036352
1345316277162807296
1345316263619395584
1345316243453210624
1345316217977008128
1345316203787644928
1345316187798908928
1345316167532081152
1345316128164339712
1345316107452821504
1345316086745427968
1345316055699349504
1345316037693239296
1345316019884142592
1345316005640359936
1345315993749491712
1345315982026403840
1345315967518310400
1345315955040202752
1345315941626875904
1345315923243229184
1345315911704653824
1345315885393784832
1345315869849739264
1345315855261986816
1345315843685687296
1345315825268514816
1345315813478309888
1345315802745090048
1345315768171438080
1345315747598315520
1345315735917232128
1345315715411271680
1345315695601610752
1345315682842513408
1345315664651816960
1345315649929805824
1345315636843462912
1345315623832866816
1345315611518398464
1345315596712497152
1345315571735396352
1345315560293330944
1345315547903361024
1345315533839863808
1345315518513864704
1345315489229254912
1345315459034472448
1345315429615595520
1345315343502344192
1345315328117645312
1345315305241915392
1345315284920508416
1345311199894896640
1345311188352200704
1345311168936685568
1345311004138332160
1345310978821533696
1345310927751667712
1345310899452706816
1345310872172961792
1345310811217157888
1345310789150900224
1345304118538153984
1345304099487678464
1345304083599646720
1345304073113890816
1345304057188118528
1345304027505033216
1345304009771515904
1345303990398029824
1345303976250638336
1345303956558405632
1345303724835696640
1345303707819397120
1345303688001314816
1345303669126942720
1345303656548216832
1345303642023342080
1345303625975869440
1345303608129155072
1345303591469383680
1345303578521559040
1345303562230919168
1345303544438665216
1345303529511153664
1345303513136582912
1345303495109390336
1345303477094854912
1345303462100262912
1345303450821779712
1345303429015601152
1345303417141547008
1345303397147303936
1345303378386170112
1345303356059889664
1345303341543383040
1345303326955601920
1345302850650460160
1345302827678257152
1345302804190138368
1345302774771281920
1345302754370195712
1345302739211988992
1345302712943046912
1345302697231192064
1345302676356128768
1345302662909198336
1345302649969778688
1345302633054138368
1345302618244059136
1345302596685361152
1345302570907131904
1345302548283072512
1345302535503015936
1345302523037573120
1345302511796805632
1345302496839930112
1345302487788609536
1345302475776122880
1345302456218112000
1345302433661136896
1345302421132750848
1345302409447436288
1345302392489848832
1345302379873370112
1345302367671967488
1345302346356686848
1345302323795472384
1345302307081228288
1345302292455714816
1345302280086675712
1345302254006530048
1345302233865457664
1345302217948065792
1345302195953164288
1345302181843521536
1345302167159242752
1345302146724613888
1345302135261581312
1345302123056082944
1345302110301265920
1345302078223228928
1345302024460656640
1345302002142752768
1345301977492819968
1345301956752003072
1345301939282710528
1345301922593517568
1345301905430499328
1345301879786532864
1345301863990767616
1345301827118575616
1345301805354405888
1345301772009660416
1345301753059811328
1345301686110334976
1345301621350281216
1345301589272252416
1344966541012566016
1344966325467230208
1344966304063749888
1344966225936470016
1344966205820579840
1344966187667611648
1344966166519959552
1344966150413836288
1344966113931751424
1344966093815881728
1344966073712594944
1344966060852834304
1344966042192379904
1344966020268699648
1344965997451743232
1344965977725952000
1344965951876456448
1344931025672089600
1344923177701486592
1344784357156904960
1344784307198554112
1344784292619186176
1344784267008729088
1344784249673687040
1344784224256221184
1344784208313594112
1344784196246630400
1344784177095446528
1344784165322055680
1344775554508218368
1344775518994968576
1344775487613267968
1344774904890187776
1344774869892919296
1344774793783103488
1344774712375861248
1344774691777638400
1344774670571200512
1344774652170805248
1344774635213254912
1344774611934838784
1344774594813701888
1344774576870457088
1344774561619996672
1344774545828433920
1344774530632458240
1344774514949955584
1344774492317429760
1344774462537945088
1344774441696436224
1344774419047215104
1344774344950640640
1344774312918659072
1344774300516163584
1344774284716232704
1344774269939683328
1344774235726749696
1344774220790853632
1344774199471181824
1344774180731031552
1344774160531271680
1344774103568416768
1344774079245656064
1344774054201454592
1344774026066075648
1344774004758949888
1344773945753530368
1344773931367100416
1344773915483250688
1344773902044721152
1344773885108113408
1344773868951642112
1344773806699802624
1344773760029700096
1344773746532491264
1344773731604951040
1344773716488630272
1344773690412691712
1344773670099673088
1344773277194072064
1344773209170829312
1344773142179405824
1344773127704866816
1344773115377840128
1344773103021338624
1344773087296974848
1344773053453119488
1344773042300452864
1344773024273330176
1344772512899604480
1344772487566004224
1344772457358626816
1344772427725869056
1344772371706765312
1344772284016418816
1344772251690930176
1344772241859481600
1344772226705457152
1344772210280566784
1344772181637566464
1344772134120419328
1344772106135941120
1344772079867072512
1344772064406892288
1344772037575901184
1344772008555458560
1344771989978947584
1344771966612500480
1344771911822290944
1344771780540583936
1344771716585762816
1344771703273041920
1344771553465147392
1344771510272143360
1344771467821637632
1344771450947985408
1344771426717495296
1344771409432731648
1344771335013150720
1344770556529434624
1344770325033181184
1344770305441599488
1344770200793739264
1344770190354092032
1344770098607910912
1344770085165129728
1344770056383836160
1344770044203577088
1344770030769156096
1344769891388313600
1344769875609329664
1344769810656350208
1344769797150674944
1344769663960567808
1344769602597900288
1344769586453950464
1344769573367779328
1344769333193560064
1344769280144011264
1344769267791769600
1344769244312039424
1344769232479936512
1344769216361230336
1344769163806568448
1344769066846842880
1344769045938270208
1344769006096543488
1344768960164728832
1344768940078202880
1344768924634779648
1344768568643219712
1344768534803570688
1344768472908226560
1344768447687897088
1344768417744777216
1344768360886669312
1344768333023997952
1344768298425188352
1344768260194119680
1344768219534434304
1344768168112369664
1344768150244618240
1344768133853278208
1344768120473452288
1344768095471214592
1344768070624169984
1344768058762567680
1344768046343270400
1344768027183734784
1344768009735385088
1344767992152924160
1344767975795159040
1344767962440495104
1344767946124623872
1344767918190579712
1344767905959993088
1344767885969940480
1344767871466020864
1344767695175245824
1344767664523194368
1344767571946569728
1344767542057951232
1344767502220484608
1344767487662039040
1344767458540924928
1344767437368143872
1344767425041068032
1344767402064670720
1344767366870266112
1344767349786816512
1344767331319369728
1344767316010151936
1344767281658793984
1344767253670219776
1344767097914716160
1344767074665689088
1344767042453450752
1344767011520458752
1344766996198678528
1344766977290760192
1344766964305174528
1344766950648516608
1344766939302924288
1344766919245778944
1344766893190770688
1344766851591634944
1344766834806021888
1344766795366985728
1344766780598849536
1344766766526951424
1344766742388744192
1344766721396191232
1344766706363879424
1344766689309843712
1344766679306407936
1344766655705055232
1344766642396557312
1344766628597268480
1344766614684708864
1344766603263684608
1344766570413912064
1344766554894987264
1344766528080793600
1344766510640865280
1344766480269897728
1344766466688773888
1344766446606438400
1344766325957283840
1344766312208281600
1344766293635903488
1344766274279239680
1344766251386724352
1344766223695884288
1344757027504074752
1344757017974632448
1344756997078577152
1344756987893055488
1344756968376971264
1344756955877879808
1344756928942141440
1344756869043249152
1344756853893439488
1344756835203608576
1344756825401544704
1344756737140731904
1344756716311875584
1344756700805529600
1344737088181317632
1344736886410141696
1344736653164883968
1344736589570846720
1344736572755894272
1344736411321311232
1344718960361672704
1344690578005643264
1344689221949394944
1344689185320529920
1344689167482163200
1344689152533659648
1344689138369523712
1344689123404230912
1344689107788853248
1344689096204177408
1344689069373218816
1344689042282188800
1344689027090419712
1344689008404799488
1344688993867362304
1344688976179982336
1344688964175802368
1344688950183661568
1344688925076549632
1344688912673988608
1344688896966340608
1344688881422245888
1344688866888965888
1344688851474903040
1344688832457879552
1344688822177689600
1344688793492856832
1344688781161598976
1344688765974016000
1344685129931894784
1344685119190282240
1344685098856292352
1344685084448878592
1344685062961442816
1344685040291164160
1344685023719530496
1344685006380261376
1344684982023966720
1344684966551154688
1344684954165379072
1344684938998771712
1344684825597399040
1344677488488804352
1344614165260939264
1344614129529716736
1344614097829175296
1344614058910240768
1344614040253956096
1344614022520430592
1344614005202153472
1344613920833740800
1344613905230950400
1344613893092634624
1344613877108109312
1344613855247392768
1344613829397897216
1344613813446987776
1344613793784061952
1344613257412284416
1344613235350188032
1344613182560755712
1344613152747622400
1344613089308717056
1344613075882815488
1344613054068224000
1344613034040426496
1344613020266344448
1344613003317149696
1344612960786927616
1344612940910104576
1344612925865127936
1344612906831405056
1344612889211056128
1344550886639546368
1344546820517752832
1344546806240342016
1344419217232318464
1344410361760506112
1344404276886515712
1344404245806776320
1344404230489198592
1344404215217745920
1344404183991132160
1344404155247562752
1344404136083783680
1344404118115389440
1344404087094308864
1344404074276544512
1344404056559783936
1344404042181730304
1344404029263278080
1344404017808596992
1344404002780421888
1344403989832605696
1344403970245144576
1344403944508944384
1344403924133019648
1344403910790959104
1344403883767062528
1344403770822828032
1344403163252719616
1344403126443499520
1344403072022409216
1344403059343028224
1344403001038012416
1344402948344918016
1344402889796694016
1344402867017408512
1344402835644018688
1344402741188325376
1344402468407546112
1344402417488703488
1344402406034071552
1344402371208749056
1344402337947856896
1344402237074927616
1344402227339927552
1344402214966718464
1344402199527436288
1344402186579693568
1344402137778966528
1344402038680129536
1344402015980498944
1344401958996684800
1344401915275304960
1344401892982599680
1344401571698900992
1344401536227672064
1344401519823777792
1344401504959164416
1344401493068230912
1344401469315932160
1344401452299644928
1344401442296242176
1344401422612312064
1344390908054220800
1344390865251405824
1344390210684129280
1344390179595939840
1344390162764206080
1344390082942423040
1344390059919892480
1344390021512646912
1344389992676806912
1344389973433344000
1344389935344869376
1344389920958377984
1344389735758835712
1344389513360113664
1344389487875547136
1344389472180436992
1344389439531999232
1344389424084361216
1344389413615382528
1344389400516579328
1344389202205691904
1344389162443694080
1344389127551283200
1344389110379786240
1344389094466588672
1344389079765549056
1344389035515633664
1344389008273637376
1344388991055966208
1344388933539532800
1344388917081088000
1344388897715986432
1344388880691310592
1344388864153161728
1344388848084787200
1344388832465219584
1344388743160098816
1344388723740471296
1344388708204769280
1344388667251556352
1344388504726499328
1344388481984978944
1344388454415802368
1344388421213687808
1344388383276208128
1344388372329099264
1344388334374760448
1344388322509119488
1344388310731522048
1344388299352322048
1344388285905440768
1344388267031093248
1344388250891407360
1344388239482888192
1344388216682590208
1344388203885826048
1344388189629378560
1344388168200683520
1344388101154680832
1344388079117856768
1344388068929896448
1344388051280269312
1344388031042772992
1344388018266890240
1344388008129269760
1344387992266354688
1344387980165869568
1344387967675203584
1344387952877703168
1344387939799805952
1344387924125741056
1344387911089852416
1344387900797022208
1344387871252353024
1344387858208071680
1344387839895728128
1344387826851459072
1344387807301804032
1344387793464815616
1344387778453319680
1344387764754784512
1344387748459851776
1344387735084277760
1344387713332604928
1344387696924438528
1344387666633224192
1344387654381670400
1344387644487323648
1344387629031301120
1344387614103756800
1344387597016190976
1344387583644753920
1344387571095257088
1344387552527183872
1344387538438529024
1344387522353356800
1344387504036847616
1344387485779042304
1344387471287713792
1344387458977443840
1344387443139739648
1344387417013411840
1344387405835546624
1344387382993444864
1344387362407796736
1344387345810862080
1344387329063079936
1344387316660523008
1344387304576704512
1344387288806076416
1344387268484718592
1344387253242654720
1344387237375520768
1344387218211819520
1344387199643561984
1344387184175042560
1344387172061745152
1344387159344734208
1344387130286608384
1344387112938975232
1344387094219796480
1344387068127031296
1344387050712215552
1344387031917596672
1344387015287197696
1344386987357253632
1344386969405714432
1344386953421193216
1344386938065846272
1344386917828321280
1344386900254191616
1344386882763956224
1344386833283764224
1344386771908493312
1344386756326650112
1344386743018151936
1344386652618293248
1344386335147241472
1344381770989506560
1344320177714962432
1344320139794247680
1344320078515417088
1344320050312970240
1344319950429814784
1344319882498891776
1344319859858034688
1344319825863172096
1344319798856003584
1344319745236099072
1344319713720066048
1344319662415376384
1344319644275011584
1344319614088601600
1344319599056216064
1344319578738978816
1344319562280538112
1344319548602933248
1344319532626796288
1344319515769896960
1344319502931161088
1344319488460775424
1344319472400801792
1344319457322299392
1344319438401765376
1344319420651479040
1344319367408971776
1344319348807266304
1344319313306595328
1344319292012171264
1344319213155049472
1344319192997257216
1344319159799308288
1344319143697395712
1344319131542315008
1344319116006592512
1344319102488371200
1344319078291415040
1344319055843500032
1344319043440934912
1344318843104223232
1344318792302792704
1344318753702621184
1344318743401402368
1344318732399685632
1344318716058722304
1344318703396147200
1344318684735664128
1344318664380710912
1344318647049850880
1344318636157251584
1344318614699200512
1344318599683579904
1344318586643505152
1344318570767986688
1344318557631492096
1344318538782281728
1344318522164436992
1344318506989465600
1344318485464309760
1344318476677226496
1344318463628767232
1344318451595304960
1344318438450356224
1344318421304037376
1344318409044086784
1344318397459345408
1344318384662585088
1344318374617231360
1344318349690478592
1344318318698762240
1344318306195484672
1344318293491015680
1344318158300176384
1344318123567144960
1344318111969898496
1344318089744306176
1344318074300882944
1344318065815777280
1344318048099041280
1344318038594740224
1344318028062871552
1344318014297137152
1344317980587548672
1344317768909336576
1344317731030634496
1344317629767548928
1344317599316897792
1344317573798785024
1344317526503809024
1344317426125729792
1344317413559562240
1344317393577930752
1344317383431888896
1344317312787226624
1344317297138266112
1344317268021415936
1344317255522398208
1344317223310139392
1344317205631131648
1344317194214252288
1344317179588730880
1344317173125287936
1344317155181998080
1344317132457308160
1344317124702040064
1344317124693602304
1344317080733151232
1344317067286245376
1344317045115138048
1344317028195311616
1344316979876941824
1344306812871471104
1344303055588745216
1344300582308376576
1344251225953464320
1344234854142140416
1344229052832473088
1344229038236307712
1344229011644428288
1344228963971956736
1344228852810330112
1344228795306438912
1344228769800855552
1344228740763705088
1344228709906210816
1344228684706803712
1344228672304246784
1344228660048515072
1344228637655109632
1344228614854815488
1344228598564212736
1344228439046430720
1344228387695562752
1344228340882952192
1344228328623005696
1344228314806956032
1344228294661709824
1344228282187870208
1344228136674873088
1344228103904780288
1344228085202345984
1344228070958526464
1344228059445080064
1344228045830430720
1344228035499876352
1344228023525138432
1344228002721378304
1344227985013006336
1344227970609795072
1344227935088226304
1344227916675166208
1344227856612777984
1344227841009967104
1344227823565877248
1344227743001665536
1344227721560420352
1344033595833380864
1344033553164726272
1344033509053259776
1344033461913399296
1344033403008655360
1344033369735258112
1344033337707524096
1344033309538574336
1344033259601227776
1344033213442912512
1344031238735208448
1344031189183700992
1344029230921900032
1344026646731497472
1344019153301200896
1344015153159954432
1344013731395735552
1344013705164549888
1344013632460496896
1344013603972780032
1344013584171462912
1344013503821205504
1344013483776634880
1344013420790652928
1344013381620150272
1344013345314238464
1344013333230456832
1344013253182107648
1344013233066102784
1344013187415420928
1344013127793463296
1344013102011084800
1344013081769349120
1344012798213447680
1344011922052673536
1344011901366390784
1344011869170900992
1344011851735162880
1344011839265517568
1344011825155874816
1344011811968921600
1344011592019668992
1344011579109617664
1344011567319281664
1344011551112650752
1344011538009567232
1344011490748223488
1344011477670354944
1344011466685501440
1344010368344055808
1344010319727886336
1344010304829726720
1344010296793423872
1344010284860637184
1344010273921896448
1344010261217337088
1344010245111238912
1344010231127408640
1344010208427859968
1344010184516108288
1344010169336868864
1344010144670240768
1344010132045389824
1344010114706116608
1344008348740562944
1344008302804537088
1344008285209419776
1344008272458764288
1344008259351556096
1344008244503715840
1344008227957190912
1344008211561656320
1344008198609633280
1344008185900883968
1344008173146005504
1344008158633717760
1344008045026795520
1344008016027377664
1344007956732530688
1344007933437349888
1344007810997231616
1344007796061298688
1344007754067963904
1344007741770256384
1344007666444738560
1344007650648985600
1344007620022165504
1344007607665782784
1344007591119237120
1344007574060990464
1344007546416345088
1344007526443053056
1344007493291282432
1344007475960422400
1344007453344735232
1344007438228467712
1344007420125831168
1344007395043909632
1344007384960741376
1344007372986068992
1344007355151896576
1344007342166331392
1344007324025958400
1344007303972970496
1344007285803274240
1344007241779847168
1344007227389189888
1344007206254096384
1344007190290575360
1344007172162785280
1344007154949370112
1344007116890238976
1344007101358735360
1344007088800997376
1344006950510596096
1344006936564535296
1344006923641909248
1344006907762249728
1344006895720398848
1344006883150098432
1344006870181273600
1344006857690648576
1344006841282539520
1344006830880677888
1344006818431979520
1344006804741758976
1344006793408749568
1344006781408784384
1344006769085976576
1344006756456919040
1344006743098093568
1344006729051332608
1344006712471277568
1344006698235736064
1344006673900466176
1344006657089613824
1344006590924541952
1344006573199392768
1344006550021668864
1344006536872525824
1344006523186458624
1344006507352961024
1344006492748443648
1344006475258208512
1344006451132559360
1344006436200861696
1344006425937371136
1344006408266723328
1344006394853396480
1344006379409956864
1344006327232851968
1344006289903513600
1344006278016733184
1344006260975407104
1344006249021636608
1344006197607866368
1343997670893957120
1343997644750905088
1343997628741259264
1343997612073086976
1343997590338232320
1343997548994953216
1343997500445896704
1343997483635105792
1343997461677944832
1343997449300533248
1343997433697722368
1343997421341306880
1343997408401874944
1343997389091336192
1343997365179604992
1343997349954260992
1343997332803760128
1343997301090607104
1343997279628386304
1343997265489367040
1343997247101562880
1343997227505766400
1343997210430734336
1343997185051004928
1343997155237883904
1343997108463013888
1343997075432890368
1343997057850355712
1343997037356978176
1343997023574503424
1343996962660438016
1343996861548527616
1343996829470486528
1343996810390601728
1343996751968137216
1343996733131522048
1343996719277727488
1343996640877797376
1343996622108315648
1343996606958473216
1343996593209368576
1343996570002464768
1343996514125963264
1343996431896555520
1343996417858158592
1343996371725070336
1343996328515411968
1343996310249205760
1343996294579318784
1343996282751299584
1343996268079706112
1343996255215742976
1343996243090014208
1343996229508878336
1343996142766456832
1343996129705406464
1343996092967514112
1343996054707068928
1343996037984301056
1343996015611883520
1343991115855360000
1343991029406568448
1343990973806870528
1343990944119595008
1343990903309021184
1343990832240717824
1343990817652961280
1343990782064275712
1343990758139957248
1343990741509562368
1343990732793720832
1343990719208415232
1343990652477059072
1343990630981263360
1343990135579410432
1343990111025979392
1343990088980692992
1343990065408733184
1343990026384896000
1343990010874392576
1343989991874187264
1343989954423238912
1343989939181133824
1343989917886648320
1343989890564952064
1343989872516866048
1343989847992758272
1343989835443396608
1343989815075860480
1343989796826460160
1343989775343247360
1343989760105320448
1343989745421053952
1343989725900713984
1343989710922911488
1343989695731167232
1343989681336315904
1343989664840118272
1343989625908568064
1343989599270526976
1343989566118748160
1343989551770042368
1343989525018767360
1343989502830895104
1343989461668032512
1343989447596134400
1343989432026853376
1343989414440136704
1343989396408827904
1343989396111032320
1343989357120782336
1343989341111152640
1343989322635210752
1343989286333538304
1343989259951341568
1343986708845645824
1343948148662792192
1343648231104913408
1343648146291908608
1343648114931019776
1343648055741001728
1343648022190845952
1343648008328638464
1343647973876637696
1343647884726722560
1343647840640380928
1343647780569559040
1343647718862946304
1343647696859574272
1343647591985278976
1343647579171598336
1343647548079276032
1343647527225098240
1343647496489332736
1343647456240795648
1343647425924370432
1343647376918110208
1343647316234940416
1343647231631650816
1343647213008916480
1343647180872155136
1343647151612682240
1343647130251124736
1343647116158234624
1343647097346777088
1343647053625384960
1343647024663715840
1343647004384235520
1343646909467160576
1343646892924792832
1343646347828867072
1343642383527895040
1343642362552193024
1343642317543137280
1343642295791464448
1343642249603784704
1343642212890980352
1343642199800623104
1343642173514907648
1343642159686307840
1343642144532271104
1343642130221322240
1343642078706888704
1343642057320116224
1343642038512844800
1343642011233103872
1343641996884402176
1343641983227752448
1343641971135569920
1343641956132532224
1343641938327711488
1343641921684709376
1343641908397142016
1343641896116219904
1343641866751913984
1343641854181601280
1343641845004288000
1343641832438312960
1343641811248676864
1343641788318412800
1343641770849136640
1343641758987657216
1343641744462774272
1343641731691122688
1343641718391009280
1343641704826548224
1343641681703424000
1343641663529504768
1343641653475766272
1343641344997269504
1343641313489674240
1343641185240420352
1343641160514990080
1343641122384572416
1343641080726778112
1343641039429517312
1343641024120434688
1343641005308993536
1343640977764986880
1343640957556830208
1343640943254241280
1343640933233995776
1343640920441421824
1343640893891502080
1343640881266569216
1343640868314624000
1343640853580026112
1343640840963559424
1343640829370499072
1343640817433530368
1343640802203938816
1343640789302325248
1343640777323327488
1343640763800948736
1343640749531914240
1343640700605313024
1343640687686909952
1343640668447657984
1343640656552583168
1343640645542547712
1343640631617462272
1343640612856324096
1343640612617285632
1343640574348419072
1343640521747664896
1343640508397219840
1343640493545107712
1343640480286994432
1343640468937203712
1343640459361583104
1343640445809733632
1343640437324734464
1343640416546140160
1343640378461855488
1343640366663274496
1343640353291841536
1343640340532764672
1343640308089823232
1343640290452774912
1343640263923814400
1343640246802665472
1343640234072928512
1343640221469073408
1343640214342946816
1343640213969641472
1343640179651784704
1343640153399689216
1343640139055190016
1343640125222354944
1343640111100141568
1343640098928287488
1343640082599829504
1343640063926743040
1343640027964858368
1343640006527741952
1343639994058092288
1343639977847119872
1343639964114968576
1343639943407677440
1343639931709751296
1343639920028610560
1343639907940626432
1343639892635619328
1343639883722719232
1343639870120615936
1343639857860669440
1343639835341414400
1343639807281528832
1343639790948933632
1343639760938692608
1343639429525733376
1343639402321477632
1343639381152837632
1343639366183374848
1343639350861582336
1343639328686288896
1343639316761878528
1343639305017831424
1343639287745687552
1343639272985948160
1343639257626370048
1343639243277672448
1343639226773106688
1343639210151043072
1343639198222471168
1343639167092273152
1343639154408771584
1343639126889943040
1343639102940459008
1343639090621796352
1343639079074885632
1343639067389546496
1343639056492744704
1343639036972433408
1343639023684898816
1343638991401332736
1343638975374893056
1343638958253740032
1343638934824374272
1343638922090467328
1343638905782988800
1343638893254602752
1343638878545207296
1343638858852925440
1343638831661277184
1343638812912738304
1343638790762541056
1343638767429693440
1343638740653248512
1343638684181127168
1343638656809119488
1343638634461851648
1343638589280841728
1343638572109332480
1343638211940278272
1343638140821581824
1343638066951499776
1343638047821357056
1343638034344980480
1343638018658349056
1343638003743412224
1343637988350291968
1343637988203442176
1343637958101004288
1343637945534869504
1343637001065668608
1343636985227988992
1343636963098820608
1343636945776353280
1343636889673363712
1343636855921766400
1343636812493893632
1343636741459238912
1343636710937292800
1343636696529838080
1343636677630324736
1343636656193216512
1343636619618897920
1343636558008741888
1343636543014117376
1343636519530209280
1343636473145405440
1343636308439293952
1343636286809243648
1343636273500717056
1343636260661956608
1343636212159041536
1343636135042572288
1343636115396431872
1343636095402205184
1343635959640969216
1343635933271351296
1343635735925161984
1343635693604646912
1343635676923908096
1343635656355020800
1343635639464550400
1343635591620132864
1343635552290148352
1343635548053917696
1343635509495689216
1343635495130169088
1343635473634385920
1343635461458296832
1343635428478484480
1343635416658948096
1343635402889043968
1343635345250906112
1343635330113658880
1343635307737075712
1343635291219881984
1343621770981605376
1343583560092049408
1343524241786994688
1343524216298201088
1343524162556604416
1343524111180509184
1343524091601580032
1343524077517107200
1343524063331938304
1343524050329546752
1343524002745241600
1343523988350390272
1343523972114223104
1343523955219554304
1343523944188555264
1343523935204290560
1343523866744918016
1343523852601716736
1343523837934264320
1343523807810695168
1343523766563983360
1343523754207551488
1343523726814490624
1343523320113885184
1343523307996508160
1343523295531061248
1343523279617871872
1343523267940909056
1343523252136783872
1343523240153636864
1343523226056597504
1343523209652686848
1343523193517207552
1343523173342580736
1343523152916307968
1343523134872367104
1343523121287098368
1343495304277012480
1343495284907794432
1343495166552928512
1343495150165774336
1343495135053676288
1343495124542697472
1343495111662067712
1343495094142459904
1343495082117386240
1343495040723804160
1343495029755670528
1343495013842485248
1343495000471072768
1343494988634718208
1343494954769907712
1343494932582064128
1343492757504069632
1343304796313419776
1343304709977878528
1343304273908682752
1343304224403296512
1343304010116296704
1343303727512514560
1343303623867035648
1343303588920107008
1343303565889196032
1343303535195267072
1343303516216025088
1343303498423799808
1343303467897663488
1343303455587377152
1343303436931112960
1343303398641307648
1343303381415317504
1343303357344206848
1343303345583349760
1343303293003587584
1343303264494825472
1343303209851506688
1343303194596827136
1343303151403880448
1343303094948519936
1343303070390898688
1343303053835968512
1343303041164959488
1343301938625073152
1343301921667428352
1343301643232817152
1343301631379693568
1343301617777582080
1343301600803172352
1343301577826840576
1343301507828117504
1343301481936642048
1343301466791022592
1343301453612527616
1343301439301550080
1343301428257951488
1343301387581579264
1343301375854333952
1343301355784597504
1343301340496338944
1343301323874250752
1343301309018099712
1343301231415095296
1343301203174842368
1343301180919844864
1343301169037377536
1343301154718052352
1343301143250743296
1343301128902107136
1343301113349632000
1343301099038658560
1343301083259691008
1343301070357987328
1343301027953565696
1343301002070532096
1343300955916414976
1343300920650715136
1343300899511422976
1343300874970558464
1343300824676630528
1343300745672728576
1343300716794961920
1343300699443097600
1343300659186167808
1343300647261757440
1343300631638007808
1343300601757708288
1343300601715822592
1343300502348582912
1343300438167318528
1343300345947160576
1343300294097121280
1343300206494945280
1343300191185735680
1343299925245882368
1343299910976860160
1343299886092079104
1343299860590718976
1343292223530655488
1343292209886588928
1343292187770019840
1343292162474180608
1343292139170574336
1343292122972221440
1343292105196789760
1343292092282499072
1343292078638456832
1343292065543827712
1343292003459751936
1343291975718547712
1343291886287646720
1343291857024016384
1343291836664844288
1343291821955440640
1343291789982236672
1343291707899727872
1343291676081709056
1343291600374550528
1343291574319505408
1343291502257180672
1343291258752675840
1343291240750702592
1343287123600879616
1343286896143822848
1343286857967267840
1343286837243224064
1343286607852544000
1343286560201039872
1343286536285134848
1343286521961598976
1343286503594717184
1343286487970938880
1343286476772151296
1343286465216839680
1343286440030068736
1343286426075598848
1343286410204295168
1343286331267543040
1343286319259283712
1343286306730876928
1343286291597840384
1343286278180270080
1343286265286955008
1343286243493367808
1343286229534707712
1343286214657527808
1343286200610795520
1343286188631879680
1343286159137505280
1343286147099844608
1343286131295707136
1343286115344781312
1343286098617888768
1343286079785472000
1343286058360954880
1343286046029709312
1343286033149005824
1343286020717088768
1343286010029993984
1343285995639353088
1343285958754578432
1343285943105683712
1343285934637404160
1343285918761951232
1343285881122267136
1343285865137770496
1343285853636980736
1343285838109683712
1343285820141301760
1343285813103177728
1343285751581126912
1343285728076296192
1343285714805534720
1343285691615162368
1343285677971156992
1343285658668978176
1343285642122452992
1343285627098431488
1343285615551520768
1343284725440507904
1343284700320837632
1343284689457598464
1343284675473788928
1343284664123977728
1343284650253365248
1343284621312741376
1343284609220538368
1343284597417783296
1343284584780357632
1343284571081764864
1343284546360537088
1343284532238307328
1343284504711065600
1343284492128165888
1343284480296017920
1343284465670434816
1343284452621955072
1343284439191871488
1343284420787265536
1343284408225312768
1343284396296724480
1343284384980492288
1343284373207080960
1343284361303629824
1343284342232121088
1343284307650080768
1343284290113724416
1343284275144249088
1343271817369292800
1343271732577230848
1343271722687074304
1343271709357568000
1343271696057442304
1343271670757388288
1343271659722190848
1343271643402149888
1343271619444277248
1343271600427294720
1343271588884582400
1343271572686176512
1343271535923097600
1343271485843107840
1343271469179170816
1343271457183436800
1343271444386635776
1343270006436613888
1343269965626007552
1343269885292511232
1343269787766583296
1343269760750989312
1343269737992769536
1343269648133980160
1343269636612255488
1343269608070012928
1343269578747613184
1343269562976854016
1343269543209283584
1343269530710274048
1343269503145304064
1343269414565777408
1343269399965421568
1343269318633598976
1343269302959534080
1343269270059446272
1343269217060220928
1343269193249153024
1343269083496779776
1343269040148643840
1343269016761204736
1343268956258394112
1343251626241495040
1343251485480677376
1343251412940152832
1343251385433935872
1343251341863477248
1343251189572497408
1343251163538460672
1343251013201965056
1343250915042713600
1343250885938475008
1343250844804915200
1343250810151579648
1343250753390059520
1343250690622320640
1343250632954802176
1343250593113137152
1343249549993930752
1343229289748115712
1343229236224684032
1343229225126551552
1343228263901110272
1343228207156363264
1343228142769594368
1343228113329803264
1343228088948297728
1343228051388305408
1343219028983242752
1343215320916496384
1343195288224325632
1343195275129724928
1343195247350788096
1343195236344991488
1343195217206370304
1343188600142356480
1343188582257860608
1343188566508265472
1343188549676490752
1343188532165271552
1343188518860955648
1343188503694352384
1343188485046415360
1343188463554854912
1343188453895319552
1343188431527173888
1343188417316872192
1343188396857057280
1343188382428631040
1343188367014563840
1343188351432667136
1343188338182906112
1343188327344828416
1343188315185491968
1343188290741088512
1343188276895768576
1343188260772835328
1343188246822584320
1343188234403246080
1343188221472202752
1343188199926063104
1343188178195390464
1343188165830598912
1343188146658439168
1343188138596966400
1343188128643895296
1343188115381498112
1343188100030324736
1343188084758863872
1343188059463024640
1343188047681236992
1343188031528964096
1343188018128171008
1343188005981478912
1343187974004027392
1343187948938915840
1343187912297472000
1343187873445637888
1343187830051368960
1343187813714563072
1343187797499379712
1343187768655155200
1343187746744053760
1343187728951894016
1343187702418731008
1343187688841760768
1343187677965910016
1343187642381438976
1343187620952764416
1343187609208684288
1343187586425225216
1343187565130735616
1343187548177379328
1343187526060810240
1343187508419551232
1343184688404434944
1343178158661656576
1343178076470075392
1343178035672068096
1343178012842459136
1343177828020457472
1343177796252807168
1343177770235547648
1343177668745949184
1343177644628717568
1343177611850223616
1343177555818520576
1343177493122076672
1343177339266596864
1343177246756974592
1343177228046241792
1343177175965589504
1343177152594927616
1343177113030033408
1343177088396906496
1343177064963256320
1343176955340980224
1343176932163280896
1343176919026642944
1343176756069621760
1343176742345838592
1343176661991350272
1343176640097095680
1343176598787395584
1343176533070901248
1343176447167524864
1343176432181260288
1343176336681140224
1343176297082720512
1343176236487618560
1343176195639275520
1343176086633508864
1343172150149214208
1343154202172936192
1343154171084734464
1343146258526044160
1343146243464298496
1343146228251553792
1343146211415568384
1343146200099401728
1343146186283380736
1343146175634034688
1343146104821604352
1343146091915735040
1343146072953278464
1343146058407419904
1343146041445646336
1343146028103561216
1343146010453958912
1343145998978265088
1343145986173054976
1343145965436489728
1343145952207638528
1343145934453149696
1343145893617393664
1343145881307119616
1343145858133618688
1343145845097717760
1343145828295323648
1343145813963370496
1343145784259260416
1343145766987169792
1343145751673761792
1343145739610947584
1343145726918930432
1343145714558394368
1343145682643914752
1343145665526960128
1343145652851716096
1343145637773246464
1343145617221169152
1343145598778822912
1343145579149488128
1343136690832027648
1343130336507666432
1343130320770576384
1343126248416047104
1343120501829472512
1343120448368869376
1343120430614405120
1343120410582396928
1343119843164352512
1343119799493210112
1342981587160461312
1342970583852703488
1342917252123947008
1342917239171903488
1342917214647824384
1342917194955575296
1342917182062211072
1342917087816253440
1342917059873800192
1342917039581777920
1342917026113794048
1342917010024497152
1342916990395179008
1342916886758100992
1342916872707170304
1342916858631102464
1342916844525678592
1342916768336146432
1342916753928712192
1342916734668443648
1342916720210698240
1342916693648158720
1342916681178476288
1342914077094535168
1342914049961586688
1342913933817110528
1342913908600938496
1342913874996195328
1342913864783060992
1342913851394810112
1342913766967685120
1342913698097147904
1342913626634657792
1342913606049013760
1342913588999159808
1342913553251098624
1342913538264887296
1342913525128302592
1342913507755520000
1342913493322838016
1342913471474769920
1342913456454955008
1342913422921510912
1342913403082387712
1342913341992411136
1342913327673077760
1342913310304432128
1342913292470284288
1342913276259282944
1342913204989677568
1342913180339752960
1342913128640688128
1342913108944293888
1342913094222278912
1342913056536489984
1342913030431125504
1342913012991209472
1342913000446029824
1342912476317364224
1342912464011358208
1342912446571442176
1342912433791373312
1342912403277811712
1342912389176586240
1342912332373106688
1342912313674887168
1342912298567020288
1342912284348321792
1342912270301540352
1342912249128775680
1342912232821297152
1342912216387956736
1342912182649049088
1342909657581572096
1342901392999141376
1342901312921460736
1342901040149049088
1342901003331506176
1342900971194691584
1342900955705204736
1342895275468324864
1342895090608562176
1342895065035919360
1342895050624270336
1342895034824347648
1342895017648672768
1342894999168569088
1342894987294486528
1342894951085076480
1342894894877204480
1342894880222310400
1342894852481159168
1342894835389370368
1342894819123847168
1342894801872687104
1342894784999022592
1342894659618680832
1342894538222874624
1342894517113008128
1342894500021198848
1342894463178461184
1342894398443573248
1342894364557799424
1342894349974200320
1342893154501074944
1342893117989646336
1342893086662385664
1342893046468370432
1342893024356012032
1342893013840834560
1342892999680917504
1342892984006803712
1342892966474604288
1342892945670860800
1342892934790860800
1342892919292907520
1342892858450341888
1342892846907617280
1342892828511367168
1342892814204624896
1342892796047450112
1342892783397384192
1342892772114784512
1342892758240005888
1342892744377847808
1342892726782725888
1342892707082022912
1342892687377182720
1342892665709408512
1342892650261868288
1342892635736989696
1342892617055539200
1342892603721838592
1342892588010000384
1342892574235881472
1342892563532046336
1342892547849515008
1342892536449347584
1342887694205128704
1342887641642098688
1342887623824707584
1342887605290098688
1342887540274163712
1342887518375706624
1342887503704051712
1342887490441666560
1342887478982807552
1342887467691683840
1342887454114799616
1342887439753469952
1342887427770343424
1342887417662103552
1342887388440358912
1342887375131783168
1342887363329073152
1342887351920566272
1342887336737189888
1342887290755018752
1342887243321638912
1342887165148147712
1342887127588208640
1342887109372370944
1342887093861806080
1342887081169870848
1342887062928818176
1342887047598637056
1342887030494289920
1342887011070451712
1342887000140091392
1342886985397133312
1342886973091012608
1342886946205540352
1342886934704697088
1342886917956890624
1342886903301996288
1342886888777068288
1342886873656668160
1342886860432023552
1342886823102730240
1342886810150645760
1342886798603780096
1342886786322853888
1342886774176100352
1342886760985071616
1342886748536381440
1342886735873716224
1342886721554362368
1342886709697110016
1342886697860816896
1342886677967233024
1342886660955123712
1342886648636469248
1342886632089923584
1342886617816694784
1342886604780810240
1342886592457961472
1342886575982735360
1342886557511004160
1342886543615258624
1342886521209282560
1342886505795231488
1342886488846053376
1342886459066429440
1342886445363720192
1342886422479568896
1342886404989349888
1342886393404600320
1342886378535854080
1342886366460436480
1342886352770240512
1342884624435916800
1342884599450521600
1342884581301743616
1342884104036093952
1342884070938836992
1342884036277104640
1342883998754877440
1342883984909492224
1342883966001549312
1342883951388585984
1342883927204241408
1342883909252608000
1342883880987222016
1342883869826166784
1342883855989145600
1342883844542836736
1342883781968068608
1342883764050026496
1342883711927386112
1342883697289293824
1342883679383805952
1342883666318536704
1342883654113046528
1342883642587148288
1342883630356553728
1342883612757286912
1342883602896449536
1342883586849058816
1342883572022190080
1342883529462603776
1342883519551467520
1342883507144716288
1342883495027351552
1342883479827181568
1342883466162167808
1342883423220862976
1342883415213924352
1342883400114429952
1342883389796470784
1342883360851582976
1342883345127137280
1342883303272161280
1342883289930092288
1342883276013363200
1342883263136804864
1342883247538249728
1342883235869712384
1342883224570241024
1342883108341899264
1342882933414236160
1342882895480893440
1342882866011774976
1342882847716216832
1342882827319308288
1342882814367326208
1342882803508256768
1342882791156051968
1342882779512631296
1342882763712692224
1342882746453143552
1342882734448979968
1342882720427503616
1342882703692210176
1342882690840854528
1342882670649475072
1342882655017304064
1342882629713096704
1342882614009594112
1342882601523154944
1342882583999373312
1342882560771313664
1342882544019267584
1342882528303210496
1342882509563047936
1342882490315378688
1342882467779407872
1342882455292936192
1342882443053957120
1342882425148502016
1342882404541849600
1342882392701349888
1342882377803198464
1342882360111603712
1342882340067016704
1342882325223378944
1342882309679230976
1342882295666139136
1342882275676082176
1342873869338759168
1342801754887499776
1342783608017268736
1342781328043999232
1342780971201028096
1342780943677988864
1342780915999760384
1342780887289757696
1342780857824780288
1342780763150950400
1342780751679541248
1342780728661188608
1342780710491447296
1342780690547539968
1342780666170269696
1342780647211937792
1342780631521099776
1342780598197383168
1342780564701667328
1342780509349437440
1342780489845919488
1342780478542258176
1342780466777231360
1342780447013695488
1342780408526680064
1342780389295874048
1342780373084811264
1342780345087885312
1342780330286194688
1342780317963333632
1342780306357694464
1342780292067713024
1342780274573246464
1342780235104837632
1342780216901562368
1342780205732147200
1342780166423109632
1342574610223652864
1342574600966828032
1342574588564295680
1342574576388202496
1342574562232463360
1342574550874255360
1342574534956900352
1342574520100655104
1342574511347134464
1342574494855159808
1342574483232731136
1342574466388422912
1342574454308798464
1342574442032078848
1342574430279639040
1342574419072446464
1342574407340974080
1342574389930446848
1342574378626777088
1342574366639460352
1342574353205125120
1342574188809367552
1342574152872554496
1342574092726251520
1342574063080910848
1342574050183409664
1342574028117188608
1342574015890812928
1342574004650074112
1342573989324009472
1342573958101692416
1342573939453808640
1342573919144960000
1342573904263577600
1342573886978854912
1342573869819949056
1342573841768460288
1342573765624999936
1342573752060669952
1342573728681631488
1342573673186795520
1342573605855645696
1342573592115105792
1342573568962551808
1342573554727071488
1342573526746853376
1342573510913306624
1342573499165134848
1342573471897939968
1342573458979479552
1342573418105942016
1342573395628728320
1342573359071191040
1342573333381083136
1342573322123534336
1342573310144557056
1342573298723524608
1342573280537030912
1342573248006021120
1342573197380775936
1342573180855209984
1342573166644879360
1342573149561495552
1342573133627322368
1342573039553310720
1342573021639429888
1342573006900633600
1342572982774996992
1342572966287171584
1342572950332071936
1342572938613161984
1342572912952438784
1342572893847363584
1342572881310580736
1342572866915758080
1342572848423071488
1342572804517072896
1342572783792959488
1342572769289056512
1342572748623785984
1342572735541735424
1342572721142702080
1342572692394946560
1342572670274166784
1342572652439998464
1342572635193044992
1342572625520947200
1342572612204036096
1342572593296125952
1342572568813985792
1342572541395820288
1342572516695568384
1342572501499568128
1342570404720816128
1342570307064881152
1342570178635321088
1342570140492296192
1342570126504292352
1342570094774378496
1342570077800058880
1342570027153809408
1342570010666033152
1342569987601539072
1342569970019012608
1342569904667553792
1342569892378193920
1342569877559771136
1342569865748606976
1342569849780903936
1342569833980981248
1342569792335720448
1342569780952363008
1342569760693882880
1342569614824382464
1342569585799811072
1342569570008260608
1342569557312081920
1342569537556852736
1342569520150552576
1342569450982223872
1342569428798599168
1342569414177267712
1342569398901628928
1342569373962285056
1342569109159104512
1342569090796421120
1342569071439708160
1342569048190676992
1342569033560956928
1342569020315348992
1342568995233423360
1342568944750776320
1342568928443330560
1342568889213988864
1342568872252157952
1342568858012573696
1342568840660709376
1342568825200513024
1342568797883002880
1342568774621409280
1342568756841754624
1342568743738732288
1342568727288700928
1342568709244801024
1342568693734256640
1342568680832573440
1342568667595362304
1342568603443490816
1342568575425523712
1342568560527368192
1342568544882593792
1342568495079432192
1342568480370020352
1342568470345613312
1342568455053180928
1342568419074433024
1342568394122473472
1342567889514221568
1342564539703963648
1342564508754206720
1342564471160631296
1342564429792206848
1342564363270565888
1342564123243122688
1342564109175427072
1342564090661789696
1342564073972649984
1342564049259794432
1342564033506013184
1342564007685840896
1342563982973022208
1342563949104013312
1342563931160768512
1342563908448616448
1342563853742301184
1342563827251093504
1342563815288930304
1342563793721843712
1342563763099205632
1342563675027214336
1342563654923911168
1342563640365481984
1342563626029355008
1342563614117535488
1342563598237884416
1342563574963691520
1342563563072860160
1342563540029362176
1342563519292723200
1342563503878647808
1342563486510051328
1342563463760142336
1342563441152827392
1342563428024659968
1342563041959940096
1342562926130061312
1342562913366798336
1342562888561659904
1342562873919332352
1342562859193135104
1342562845976899584
1342562829732356096
1342562769330184192
1342562758018146304
1342562735591223296
1342562707027988480
1342562668163584000
1342562640086913024
1342562604842147840
1342562587792330752
1342562571845595136
1342562550450417664
1342562536680521728
1342562520813498368
1342562495228239872
1342562482666295296
1342562457794052096
1342562445928312832
1342562431042772992
1342562417566429184
1342562395517030400
1342562386851589888
1342562373006192640
1342562360897236992
1342562228684414976
1342562209549975552
1342562194618281984
1342562175085387776
1342562143623909376
1342562115643731968
1342562092910600192
1342562013982191616
1342561999352422400
1342561981002297088
1342561957329702912
1342561944599990272
1342561917987139584
1342561869941379072
1342561852446879488
1342561838270197760
1342561823623671808
1342561814245203968
1342561796436209664
1342561784356593664
1342561770137919488
1342561760134524928
1342561742463721472
1342561717566451712
1342561706661322752
1342561609114415104
1342561592941146112
1342561581373255680
1342554890887950336
1342554874328834048
1342554860034682880
1342554833530793984
1342554819005972480
1342554808021094400
1342554762580004864
1342554750219399168
1342554731953197056
1342554681730609152
1342554623392014336
1342554592287010816
1342554573068709888
1342554560779464704
1342554395335131136
1342554243929174016
1342554192037240832
1342554166913327104
1342554149943205888
1342554016815992832
1342553997010489088
1342553981906800640
1342553968044552192
1342553930811715584
1342553909362106368
1342553897307672576
1342553850469883904
1342553754562916352
1342553738817527808
1342553729875259392
1342553715367157760
1342553687206612992
1342553674590150912
1342553660480479232
1342553647276818432
1342553633066524672
1342553593535148032
1342553395132067840
1342553288156307712
1342542888752865280
1342540658695930112
1342539275309641728
1342458406070841088
1342458379780968448
1342458234670469120
1342458223975149568
1342458211253805056
1342458198113005568
1342458175698690048
1342458161232490496
1342458140701421568
1342458117901197312
1342458098783498240
1342458082127998976
1342458064973266944
1342458051014615040
1342458028570910720
1342458009117728768
1342457989052165888
1342457973961064448
1342457936912801792
1342457906764132352
1342457892205711360
1342457876753895424
1342457859662114816
1342457838900277248
1342457826153783296
1342457810710355968
1342457795321470976
1342457772500267008
1342457754007588864
1342457738807414784
1342457725532438528
1342457710604931072
1342457697065693184
1342457688538701824
1342457668066287616
1342457646121582592
1342456927872278528
1342456905114017792
1342456892715634688
1342456867692359680
1342456752797868032
1342456737580916736
1342456726730235904
1342456715074277376
1342456697642749952
1342456672468541440
1342456648019963904
1342456635399282688
1342456622556315648
1342456605535821824
1342456590352470016
1342456573923389440
1342456552297541632
1342232496528830464
1342232481714601984
1342219214250274816
1342218494000189440
1342216080891248640
1342212142221635584
1342210677348442112
1342210666032214016
1342210110643450112
1342210072827592704
1342209366494216192
1342209352673996800
1342209341231919104
1342209324710572032
1342209296893947904
1342209265973555200
1342209252866326528
1342209241764032512
1342209223673982976
1342209211061710848
1342209190786445312
1342209155726245888
1342209138043088896
1342209122385547264
1342209104346017792
1342209044422012928
1342209030878613504
1342209014894112768
1342208986888753152
1342208970568724480
1342208957998370816
1342208944303968512
1342208884870701056
1342208853350477824
1342208790758895616
1342208773109264384
1342208753240846336
1342208733858947072
1342208706365304832
1342208164842917888
1342208148313169920
1342208124229464064
1342208109931089920
1342208090972827648
1342208059213573888
1342208040997679104
1342208007481012224
1342207958176952320
1342207926178607104
1342207887100289024
1342207826245120000
1342207803117727488
1342207765394170112
1342207752190496768
1342207697194790912
1342207672150601728
1342207604169330688
1342207576856014848
1342207561022509056
1342207540336209920
1342207526436286464
1342207508140666880
1342207488981147648
1342207469548953600
1342207375411982336
1342207349763796992
1342203056897855488
1342203035993444352
1342202995166085120
1342202976589516800
1342202932222111488
1342202892124565504
1342202836961079296
1342202821664530432
1342202790752432128
1342202746510913536
1342202717264076800
1342202702336565248
1342202687593607168
1342202624234430464
1342202566319476736
1342202533746515968
1342202520974843904
1342202483595161600
1342202444592328704
1342202152534618112
1342202137477001216
1342202103138308096
1342202070720458752
1342201983164362752
1342201952596353024
1342201940663480320
1342201913505443840
1342201885571297280
1342201773830926336
1342201658474979328
1342201570281324288
1342201559149588480
1342201547611115520
1342201509019348992
1342201491520684032
1342201478463811584
1342201462185746432
1342201447824424960
1342201421656190976
1342201316257517568
1342201269260267520
1342201179468607488
1342201161806454784
1342201073185009664
1342201047255805952
1342201034563792896
1342200987071766528
1342200921971953664
1342200029986042112
1342200015985455104
1342199994850357248
1342199983349653504
1342199970535976960
1342199951409999872
1342199939246469120
1342199930333626368
1342199910414872576
1342199893209788416
1342199881755226112
1342199864340393984
1342199850117509120
1342199835437490176
1342199825413136384
1342199812649873408
1342199791984504832
1342199779183439872
1342199764788654080
1342199753765957632
1342199741380222976
1342199725102137088
1342199710824718336
1342199648862220288
1342199634505191424
1342199622425522176
1342199603878391808
1342199270821257216
1342199256359333888
1342199240525819904
1342199217360678912
1342199203112644608
1342199143171829760
1342199120237383680
1342199107297964032
1342199041745104896
1342198983322644480
1342198857959165952
1342198839978176512
1342198828963930112
1342198809976315904
1342198775306215424
1342198756620595200
1342198742070522112
1342198707341697024
1342198689591390208
1342198671027396608
1342198648743096320
1342198635417710592
1342198606519013376
1342198595517296640
1342198544778883072
1342198533999439872
1342198509311848448
1342198475677687808
1342198386682974208
1342198373764501504
1342198154276569088
1342198115655429888
1342198103118643200
1342198082277154816
1342198068020727808
1342198053764296704
1342198031798644736
1342198012639141888
1342197996482670592
1342197989046185984
1342197970016608512
1342197959774121984
1342197943265337088
1342197922860048384
1342197913745817600
1342197899183194112
1342197880275279872
1342197856204181504
1342197835396214784
1342197818665086976
1342197806560403712
1342197794140991488
1342197771072364288
1342192199463800832
1342192188118208512
1342192162700750848
1342192148603686912
1342192132455620608
1342192123337207808
1342192097726750720
1342192086439899136
1342192070191099904
1342192049261572096
1342192037395890176
1342192025765097472
1342192012364279808
1342191993246593024
1342191981926223872
1342191968970043392
1342191957624434688
1342191945955897088
1342191930600546304
1342191921494712320
1342191909331152896
1342191893137002496
1342191881745215488
1342191871494410240
1342191853362417664
1342191837528911872
1342191817740185600
1342191803966099712
1342191786568134912
1342191774924738560
1342191764111810560
1342189489624670208
1342174861288996864
1342173776511983616
1342173573704773632
1342173036762562560
1342173020165705728
1342173003006808064
1342172989895409664
1342172973034299392
1342172956118675712
1342172930722115584
1342172897943629824
1342172884966535168
1342172862233325568
1342172849834962944
1342172835054301184
1342172822198767616
1342172805828325376
1342172793253875712
1342172779475570688
1342172766682947584
1342172749909917696
1342172737889050624
1342172722802126848
1342172709170638848
1342172682310332416
1342172662181863424
1342172649045319680
1342172636416237568
1342172624542199808
1342172610487070720
1342172589314207488
1342172572058849280
1342172558523830272
1342172544737161216
1342172532913418240
1342172513133064192
1342172500483039232
1342172489540112384
1342172476328046592
1342172464273616896
1342172448104570880
1342172435416817664
1342172422032781312
1342172408082558976
1342172375098544128
1342172352466059264
1342172341703467008
1342172325341487104
1342172312322371584
1342172286808444928
1342172263714578432
1342172225626140672
1342172212988686336
1345667117211909888
1345525011659042816
1345486165474947072
1345486071212232704
1345476818858614784
1345475661457195008
1345440816941174784
1345433535440695296
1345430204332838912
1345402814265241600
1345388831017733888
1345388386287280128
1345383116450521088
1345382658390568960
1345379628488286208
1345375450969886720
1345375321072291840
1345374845933150208
1345374656430268416
1345374353152757760
1345366427784667136
1345358157107912704
1345357071592656896
1345355944335728640
1345355672997797888
1345355045055979520
1345351565578797056
1345340377251905536
1345339906709745664
1345335570126483712
1345332560583340032
1345331739359662080
1345331723912044288
1345331710339244032
1345331691959808000
1345331618446270464
1345330523489644288
1345330352399781888
1345317132821819392
1345314081822146560
1345313616191479808
1345302170153967616
1345301377434660864
1345294789370138624
1345293739724595200
1345292757401792512
1345291516273696768
1345287770965684224
1345195513944170496
1345152963979997184
1345152702502862848
1345152387082833920
1345151006905085952
1345150807918915584
1345148205445607424
1345119083897958400
1345118603620843520
1345118021799587840
1345117929067716608
1345117821286625280
1345117756157521920
1345115823720034304
1345115696133505024
1345115504780914688
1345115132146413568
1345115047140466688
1345115014223581184
1345112729066090496
1345110637429534720
1345110338023383040
1345110171257864192
1345108481674797056
1345108184185380864
1345105199749279488
1345104260820819968
1345062921810935808
1345062079783436288
1345052290516983808
1345005692793532416
1345004293666066432
1344994465019256832
1344994236551335936
1344992761334943488
1344992581873229824
1344978970949902336
1344790247838724096
1344786249287086080
1344785982080643072
1344785797724200960
1344785597542625280
1344784762213437440
1344784362659844096
1344783764820553728
1344781246317158400
1344775597923446784
1344775111228989440
1344775062797299712
1344769638727561216
1344769577427890176
1344761230217641984
1344752961898106880
1344752669294997504
1344752094331482112
1344751818866356224
1344751476263022592
1344751382780375040
1344751134897008640
1344743587074990080
1344718067998351360
1344679556528152576
1344642191361241088
1344642149426597888
1344635795320221696
1344633988544139264
1344632957013798912
1344612575057743872
1344608916475432960
1344608787966124032
1344608537914339328
1344601159550578688
1344601025437720576
1344601004281634816
1344600566052384768
1344600426075848704
1344584008479469568
1344412717440970752
1344407652122701824
1344407033752281088
1344403069098930176
1344398377598013440
1344380235580628992
1344379956823023616
1344370920320806912
1344366521200627712
1344355449949351936
1344347610648346624
1344343452046266368
1344342512983560192
1344340958280876032
1344267930943549440
1344265254205874176
1344264294981103616
1344102996704112640
1344102912331542528
1344102385568935936
1344046102614593536
1344033011415855104
1344032396853829632
1344032374280118272
1344032355951009792
1344032341950406912
1344031514309370112
1343996216133169152
1343978577851777024
1343977754719617024
1343977427651989504
1343972390993276928
1343971771280748288
1343971320191713280
1343971293574656000
1343971275795034112
1343940300532801536
1343930872987324416
1343929334436868096
1343928984820707328
1343925720385548288
1343909940004577280
1343905256254664704
1343902410801082368
1343901753415184384
1343899091357626368
1343898194024026112
1343896315537846272
1343891368922509312
1343886645762920448
1343885370702909440
1343883566149742592
1343883158190755840
1343878844466540288
1343878833095794688
1343878811063037952
1343878795594506240
1343878465267916800
1343782439827730432
1343782241344892928
1343780454437158912
1343721575380627712
1343721217723944960
1343626683035869184
1343626495441448960
1343595978604077056
1343593757581713408
1343585437798051840
1343549712830525440
1343549310298894336
1343548388755853312
1343518592315305984
1343506901003362304
1343491834266308608
1343491499535835136
1343491007304900608
1343490966636949504
1343490225474064384
1343490093978443776
1343489735499653120
1343487720073662464
1343485988778205184
1343485657424023552
1343476202271633408
1343475040080318464
1343471969405173760
1343320940080488448
1343309199774785536
1343308208602050560
1343307655935373312
1343298416823193600
1343298264804847616
1343297771189776384
1343260596544950272
1343259984696647680
1343259608933130240
1343259596950016000
1343259568604930048
1343259544932274176
1343259522631143424
1343232159331594240
1343231959619817472
1343231384706551808
1343230739308023808
1343230185659891712
1343218368560685056
1343213179036446720
1343212583994740736
1343212563530739712
1343212530857078784
1343212508161724416
1343212487055978496
1343194504808034304
1343177552702173184
1343175762967482368
1343170093220388864
1343170070994890752
1343170049302003712
1343170029110628352
1343169711937380352
1343169533121605632
1343139324892741632
1343137966391230464
1343132499455717376
1343130082668380160
1343128113790771200
1343127297835073536
1343123732710240512
1343123329713135616
1343123006307131392
1343122972337442816
1343122924400758784
1343122891886440448
1343122853147914240
1343122818884636672
1343122778719989760
1343122747841511424
1343015229685432320
1342976396566667264
1342975309663100928
1342975301584879616
1342967354179932160
1342966542707945472
1342964559569674240
1342946419079057408
1342928881297317888
1342906773385187328
1342906722533437440
1342898440594972672
1342897198980329472
1342886307618500608
1342885493789372416
1342873180558536704
1342864949908013056
1342846606081712128
1342845662614974464
1342822905223254016
1342814947089252352
1342814489738096640
1342814382141690112
1342814039982956288
1342812534622060288
1342812466074546176
1342812019624439808
1342811872605646848
1342811578614362112
1342811499119697920
1342811065990729728
1342811065336344576
1342810582257463296
1342810520332759040
1342809087357153280
1342809036656357376
1342808450401763328
1342808300128247808
1342807723197542400
1342807534072188928
1342806819329236992
1342806447709630464
1342806251114295296
1342805780660105216
1342783952868831232
1342776440295747584
1342775927508500480
1342775853944598528
1342597086223720448
1342594250169610240
1342592167529873408
1342591653140422912
1342505203577348096
1342492881077080064
1342491708056088576
1342490783375626240
1342490781303660288
1342489854509277184
1342485561278427136
1342480707550109696
1342480406764023808
1342453244082212864
1342453072161812480
1342452617184739328
1342451342951018496
1342450623221035008
1342449924395433984
1342445630556413952
1342443005282758912
1342442356436566016
1342423757206544384
1342421550147002368
1342420751853506560
1342408981021679616
1342387799824150528
1342387250575921152
1342385967680860160
1342369663947309056
1342368720266604288
1342361768761438208
1342359825871761408
1342185562074210304
1342155008129847296
1342153138715963392
1342142239229751296
1342141864263249920
1342129251710095360
1342121091288985600
1342083372949057536
1342050236177510400
1342049382401716224
1341844256089137152
1341843938668400640
1341843854719414272
1341843045734608896
1341842505491501056
1341842469319749632
1341840428946116608
1341839697572720640
1341831480767594496
1341809401418706944
1341806366407725056
1341802121033859072
1341800936415633408
1341800379839864832
1341778168953364480
1341742999655604224
1341739481444081664
1341738271097958400
1341736019616550912
1341735735385338112
1341735365988802560
1341677824080572416
1341677696242298880
1341466825356431360
1341465930174525440
1341457512961363968
1341424352051511296
1341423269216473088
1341420279587885056
1341411843777175552
1341392863616233472
1341391988227235840
1341390744414810112
1341390305178882048
1341376865542520832
1341360245801676800
1341351610677682176
1341351179570311168
1341331454178058240
1341329555970289664
1341328119794446336
1341327858577379328
1341327373392855040
1341311192925679616
1341310886556909568
1341308903456387072
1341305852440031232
1341304562054025216
1341303272041291776
1341302489598013440
1341300403233841152
1341296501297967104
1341293850682421248
1341293828288950272
1341293802267570176
1341293785742004224
1341293751482920960
1341293729202749440
1341293698303311872
1341293673099784192
1341293170374692864
1341179121863421952
1341173523465822208
1341124501489278976
1341107292868112384
1341097726549880832
1341095394525278208
1341094289485520896
1341068896397373440
1341057448703102976
1341040854006456320
1341040328959270912
1341040202744270848
1341038916502245376
1341016138856194048
1341016136285102080
1341005050752200704
1341003265375412224
1340974531641487360
1340968951950569472
1340966025949528064
1340960267891580928
1340958953157570560
1340958951257632768
1340956768923512832
1340955819903504384
1340949080072138752
1340949059855675392
1340801076757483520
1340799033250635776
1340798396010008576
1340798094284361728
1340795541312200704
1340795100666990592
1340790123777191936
1340784971569647616
1340784717084372992
1340784557117890560
1340783921009713152
1340783563218841600
1340777191932653568
1340776402484932608
1340756588341170176
1340737056381820928
1340736801955311616
1340736694551777280
1340722289567010816
1340721679090245632
1340721506414944512
1340719147991375872
1340718873209876480
1340718576676851712
1340718218953035776
1340713519591919616
1340711802993307648
1340711368278863872
1340710979647188992
1340710313063280640
1340710236626235392
1340709372956188672
1340708071459479552
1340707941993865216
1340707250915184640
1340706672654880768
1340706622000287488
1340686805423808512
1340682381959835648
1340682346757058560
1340681611424256000
1340681147244834816
1340680395763888128
1340679538725011712
1340651774236090368
1340651498687111168
1340646032963723264
1340644565217325056
1340634729972965376
1340588047642050560
1340585157439438848
1340438773641994240
1340438048933376000
1340437683181662208
1340437133757198336
1340436143154839552
1340432213125566464
1340431711247740928
1340430698247811072
1340430042887839488
1340429542578679808
1340428377107410944
1340428300523626496
1340425654760853504
1340425433804906496
1340425343254073088
1340422402212302848
1340421842037858304
1340421780167667712
1340421608029245440
1340419431651024896
1340419256467468288
1340418226140930048
1340413439722844160
1340411401735720960
1340410773605117952
1340410383048294400
1340410077824638976
1340409826619342848
1340409575334359040
1340409392626356224
1340409260421882112
1340408926546833408
1340407965086609408
1340365227213410304
1340354489493155840
1340347548394000384
1340346967713574912
1340345629579620352
1340345200032538624
1340345157577809920
1340344598833541120
1340344344981754112
1340343601172254720
1340343349505617920
1340267815635435520
1340267625419579392
1340267576191053824
1340249434144301056
1340248329968627712
1340241522994913280
1340240836051791872
1340240786823245824
1340055145598562304
1340054206737203200
1340052481406078976
1339989584453746688
1339985229067546624
1339984778540544000
1339966086104698880
1339965480182968320
1339965010374750208
1339945435541213184
1339909197916467200
1339908423299772416
1339908045502107648
1339899568180383488
1339896898610745088
1339895672569552896
1339894013676142592
1339893564990509056
1339890328069914624
1339886934940901376
1339859421669838848
1339857091733929984
1339855639636566016
1339632710831075328
1339618686710259712
1339616111130755072
1339615392088662016
1339612283908087808
1339611781711470592
1339611492312883200
1339605440007720960
1339586849950425088
1339576382997860352
1339576213862567936
1339535731883175936
1339351333565050880
1339351007973810176
1339321103576145920
1339317979763367936
1339293347815579648
1339291396788920320
1339290238468976640
1339286471375806464
1339286167360065536
1339264815777374208
1339245500390903808
1339085978221367296
1339007491057790976
1338989723625381888
1338989319755862016
1338989055313399808
1338988178850652160
1338988141919809536
1338988106331148288
1338987731775598592
1338987340623122432
1338986792498900992
1338986161365278720
1338983936568020992
1338982953158914048
1338982197043277824
1338981923776045056
1338981288620027904
1338971223452225536
1338969618086567936
1338969101700636672
1338968635541512192
1338967374356164608
1338958352114704384
1338957160491802624
1338948118268833792
1338943709937881088
1338927014741479424
1338919352670834688
1338914086520762368
1338891024370966528
1338890577912483840
1338890376359387136
1338890271237484288
1338889512655745024
1338887936360767488
1338886490902982912
1338886147607564288
1338865649112686592
1338862840527028224
1338832334683058176
1338829974304862208
1338809537042788352
1338808657463693312
1338807599408574464
1338753697116020736
1338747692370059264
1338611166646571008
1338600672682536960
1338599716934864896
1338599422284926976
1338591732355751936
1338590263674081280
1338588804572176384
1338581633868423168
1338573123927601152
1338573109981556736
1338571656910999552
1338571466451918848
1338571443483848704
1338571425314197504
1338571395257786368
1338571372205838336
1338571339385491712
1338503412770631680
1338500433480986880
1338500217029713920
1338496795643666432
1338496414456950784
1338495167968456704
1338491768816496640
1338482936715337728
1338482175876927488
1338479443917103104
1338464341214044160
1338447256991707136
1338446313260773376
1338444171498106880
1338443696182857728
1338441298232086528
1338367286021935104
1338260513868931072
1338260188428709888
1338238149944864768
1338236268833099776
1338229469425901568
1338226669002362880
1338224875392135168
1338224597490151424
1338217153112272896
1338215567359139840
1338213909631823872
1338213818086920192
1338213596619284480
1338212936280584192
1338212842336636928
1338212395655761920
1338211519612530688
1338210459049189376
1338207108840484864
1338206792350920704
1338203511021047808
1338203285887528960
1338198917280903168
1338198476375674880
1338197460125151232
1338197378210422784
1338197267019423488
1338197052497522688
1338186720886616064
1338180233640468480
1338179838159556608
1338179132111380480
1338177864504647680
1338177487654805504
1338177363536994304
1338177091532169216
1338176978038427648
1338176690246205440
1338174043212685312
1338171026186833920
1338169961831936000
1338169761650323712
1338166452877221888
1338151686255341568
1338151217327988736
1338150970635718912
1338150292446015488
1338149986782089216
1338149162056118272
1338148973643767808
1338148818152542208
1338142508967202816
1338135606854098944
1338134249434656768
1338132674255474688
1338132391500648448
1338132301021065216
1338132225678782464
1338121125520355328
1338120703648952320
1338120663735947264
1338104837377028096
1338092386912710912
1338076587967852288
1338076255271391232
1338076166343847936
1338076075537162240
1338075292150140928
1338056695185100800
1338056626851508224
1338048174364233728
1337915146270892032
1337914573559648512
1337913892144615424
1337905289572573184
1337903065937162240
1337901510819241984
1337895864854077440
1337895701523689472
1337895587014979584
1337895296244854784
1337895165667766272
1337888982391283712
1337883737346863104
1337880950802423808
1337879125269360640
1337878411461730304
1337878304762830848
1337877846832910336
1337877754491113472
1337877463892889600
1337877124070436864
1337871616404049920
1337871467808239616
1337848101474885632
1337847791977115648
1337847584694603776
1337842839800176640
1337833693423996928
1337827484293861376
1337826880670617600
1337823313784090624
1337807241974583296
1337804554985934848
1337799232129032192
1337782863387824128
1337773625496231936
1337773397246414848
1337768988605034496
1337768634396110848
1337768204802924288
1337747236147654912
1337746031086341888
1337745118787497984
1337741644754546688
1337731879924092928
1337707196428259328
1337706675227287552
1337690697470795776
1337689279242375168
1337688879856553984
1337688589602271232
1337675693401010176
1337543583109353472
1337542621334564864
1337533341042683904
1337516573830111232
1337515504286769152
1337514930682146816
1337514450472099840
1337513920869883904
1337513703873409024
1337513340239802368
1337513123633356800
1337512766962364416
1337512178237247488
1337511905594839040
1337511596093022208
1337511273278431232
1337510963969478912
1337510807509344512
1337510529900945408
1337510180540575488
1337495200432852992
1337493836625571840
1337493190044241920
1337493034204860416
1337489960769908736
1337488333568667648
1337488094174584832
1337487091954016512
1337486048029503488
1337465593054834688
1337463614022832128
1337442672630435840
1337441840858079232
1337440107813548032
1337440087366394112
1337440040444710912
1337439692871110912
1337419745797283840
1337415379174510592
1337405386664669184
1337405332230991872
1337400313490370560
1337394779852828672
1337394517503258624
1337394220676624384
1337392914784194560
1337379988765614080
1337378998490451968
1337378336293707776
1337376851635920896
1337375520363868160
1337375415741116416
1337375165043400704
1337373572625477632
1337373056898125824
1337372957547638784
1337372793747468288
1337372469074817024
1337360319325368320
1337359483274747904
1337354628334235648
1337331853099986944
1337326375884230912
1337163059572432896
1337160317365784576
1337159571962552320
1337108812671627264
1337108741674708992
1337108665929773056
1337094810092658688
1337094365173440512
1337090615616606208
1337085186417291264
1337084329307090944
1337083934350454784
1337083115374784512
1337081997978701824
1337080206281101312
1337070125065904128
1337050443193733120
1337037950840934400
1337037183790837760
1337026530132815872
1337019029953916928
1337018488557285376
1337017628964114432
1337014908827947008
1336943711746469888
1336776811901050880
1336776443125182464
1336776026358239232
1336729729882271488
1336728889188642816
1336727503621267712
1336719908554625024
1336718240370860032
1336714513714909184
1336710320493125632
1336698158496313088
1336655717105745920
1336651337438818304
1336648984572653568
1336603472368705536
1336600660821897216
1336580309131927552
1336580131838717952
1336579595693420288
1336471351524282368
1336448008360169472
1336401738056798208
1336399346074587136
1336381492361097216
1336377384006774784
1336375424830541824
1336374821228318720
1336374059936997376
1336373068990730240
1336372212027301888
1336367207106949120
1336365163583320064
1336364134892498944
1336352766336364288
1336342403452551168
1336304634919591936
1336303732464771072
1336298814966214912
1336297408804900864
1336296851889381376
1336296534082793472
1336294601456541696
1336293633130180608
1336290855695610112
1336290485174931712
1336288827497979904
1336288648912887808
1336288420776316928
1336266953191723008
1336266898661642240
1336244109124771840
1336244006649466880
1336238806484348928
1336211406383935488
1336210790009933824
1336084672720359424
1336082125595037696
1336081055657259008
1336079688440160512
1336073513199866112
1336071212338995200
1336070105701249024
1336069838851158016
1336068810638548992
1336042888136957952
1336042375056068608
1336037347205533696
1336036972943581184
1336036431718993920
1336035819182842112
1335989598103724032
1335975915600437248
1335975687199612928
1335975649102749696
1335975454256279552
1335975183434326016
1335968359805022208
1335968147749416960
1335967614032601088
1335967084451418112
1335966745216094208
1335965212059586560
1335964193003069440
1335955483845390336
1335951266476908288
1335925811900272640
1335925013506101248
1335924810933821440
1335923982340648960
1335894557108662272
1335888824342368512
1335887299268255488
1335886235735298048
1335885957053157376
1335885531973029888
1335883950141665280
1335882789418377216
1335864232701779968
1335726817890742272
1335724672042856448
1335710834891386880
1335702041889562624
1335700200057413632
1335699949359673088
1335699380763041792
1335696895059128320
1335696752217886720
1335686054519713792
1335685669046325248
1335685018967040000
1335684157020794880
1335682966492688384
1335682415923228672
1335679073448816640
1335676033224290304
1335675934024851712
1335675201200267264
1335674066976583680
1335672139106676736
1335659503342247936
1335654588419026944
1335653151043706880
1335645531461312512
1335645463123464192
1335644297182507008
1335643578433933312
1335642613572046848
1335633538239111168
1335622580213047296
1335610731065192448
1335603219179954176
1335601981365362688
1335601027656142848
1335576074256855040
1335575175354601472
1335561661055438848
1335559017347878912
1335558915166150912
1335558679584776192
1335558399115866112
1335558303494131712
1335558196744908800
1335557974383882240
1335557858037993472
1335557553837772800
1335557447998574592
1335557387302932480
1335557253949231104
1335557055692869632
1335556927942746112
1335556705409753088
1335556563017281536
1335556072157962240
1335555920303108096
1335555731312029696
1335555567826460672
1335555516970438912
1335555425270427648
1335555277983272960
1335554599940464640
1335553930525351936
1335553678665723904
1335553676048478208
1335551295122452480
1335550952556945408
1335548024307773440
1335545783349874688
1335543182432538624
1335539377607495680
1335538847116128512
1335528702797639680
1335501510139109376
1335365347491328000
1335348141185503232
1335334371373576192
1335329982588055552
1335329565430992896
1335325273055703040
1335324343631568896
1335323590015717376
1335299052297138176
1335292154869059584
1335291416965214208
1335291348828753920
1335291172047233024
1335268598575734784
1335267006187180032
1335258671673184512
1335258022264905728
1335199445630246912
1335198911515021312
1335198685039300608
1335169093054455808
1335155249263370240
1335148182121091072
1335147673704394752
1335145293826895872
1335090023717363712
1334996921455431680
1334996096888807424
1334995526689955840
1334994800689475584
1334994732603289600
1334994435831193600
1334986686644760576
1334986346763603968
1334985589507166208
1334985002212339712
1334983362935738368
1334982801851117568
1334982259460419584
1334982002999767040
1334980377644064768
1334979764055134208
1334978208677171200
1334975689318133760
1334974963783266304
1334974817792036864
1334974271051993088
1334973520254816512
1334973007639568384
1334972808468852736
1334972732635811840
1334972415294758912
1334972351478427648
1334970903449440512
1334970778752868352
1334970642467344384
1334970378570100736
1334952955045437440
1334950930039627776
1334935191408812032
1334934725023195136
1334934234985848832
1334933824615149568
1334933276767739904
1334932852157403136
1334932758968365056
1334932689372258304
1334932390788145152
1334932276602413056
1334931595720060928
1334930599996493824
1334928300339245056
1334927991571423232
1334920576721424384
1334920449772433408
1334920223485554688
1334918808809730048
1334918584607404032
1334917566280691712
1334875232050536448
1334873834168741888
1334870278904696832
1334856416109195264
1334852981611749376
1334851030656364288
1334836213719633920
1334836081234206720
1334834598719709184
1334833849247948800
1334804387106074624
1334666179521155072
1334648990487502848
1334647905504927488
1334646359807418368
1334644443564142592
1334628365706407936
1334570980346392576
1334563443895115776
1334500289064349696
1334498478471458816
1334442765434966016
1334442696883236864
1334441319045984512
1334441287437705216
1334441267384750080
1334441233268281088
1334441190712864768
1334441162023821312
1334383248055668736
1334255770314149888
1334252673554653184
1334251545198780416
1334251121985118208
1334250631499030528
1334248102430208000
1334246717651365888
1334232662748389376
1334231828828463104
1334231627279568896
1334224302338674688
1334197227305242624
1334186590256713728
1334142842281848832
1334142809109131264
1334142775768604672
1334142755753357312
1334123848753614848
1334120935083929600
1334103642836770816
1334101433109635072
1334080973642866688
1334079430885597184
1334078834887548928
1334078797977690112
1333846030039781376
1333835614324744192
1333835399664373760
1333829757285306368
1333827409125191680
1333818452952440832
1333801359125069824
1333763969895567360
1333757286775402496
1333738484264284160
1333737214510034944
1333735691122044928
1333711205387493376
1333553788007931904
1333542131995209728
1333531988502982912
1333505688434315264
1333502681349058816
1333493965480398848
1333493824207921152
1333489203544530944
1333468442708611072
1333456572345933824
1333456181566840832
1333455170320158720
1333454528755216384
1333453547153846272
1333452868054085632
1333452694909046784
1333450215689515008
1333449279562715136
1333442426204205056
1333442328766328832
1333411199963328512
1333411013891399680
1333408530003599360
1333404446173372416
1333395379082186752
1333372838024261632
1333372438319681536
1333369241337262080
1333368715056984064
1333330743133687808
1333327090092027904
1333327088137466112
1333326761027899392
1333326240514789376
1333326004790710272
1333322066095910912
1333156970602389504
1333156724048531712
1333154179473354752
1333147953754673152
1333146001675325440
1333118852696317952
1333115495919316992
1333096552055889920
1333018050774376448
1333013900586070016
1333002170250260480
1332999036668932096
1332996918776111104
1332996288762228736
1332995888084639488
1332994808097484800
1332978407727042560
1332871092512419840
1332868947239165952
1332868230151540736
1332782696985190400
1332744403522359296
1332730720947671040
1332727222533300224
1332724820862251008
1332722003808280576
1332720863364456448
1332718395050123264
1332711222848999424
1332710531208257536
1332709836732178432
1332709625452503040
1332709415988965376
1332705677400301568
1332687442042892288
1332686577596854272
1332685962527334400
1332676691727175680
1332674889766068224
1332668952103833600
1332668119584747520
1332667967969103872
1332664152364638208
1332664079983538176
1332660851984248832
1332660718781542400
1332660585775947776
1332660371040169984
1332659732792930304
1332658880745238528
1332658158129590272
1332655752750751488
1332655071675490304
1332654778946637824
1332653278010683392
1332652537082679296
1332652111725785088
1332650385199095808
1332650002456440832
1332649778732216320
1332643207394562048
1332630627867353088
1332587584988606464
1332488725801132032
1332467542020001792
1332463254518583296
1332458918681907200
1332458034992472064
1332454555276161024
1332453613545938944
1332453161408323584
1332453096669245440
1332452268873043968
1332452098789826560
1332450890830241792
1332446280468074496
1332446217196986368
1332444289331302400
1332442386065223680
1332441219352457216
1332390647433728000
1332390400485707776
1332389728465936384
1332388891492495360
1332388125021261824
1332368532177383424
1332368412442566912
1332331391737008128
1332316768501698560
1332302329912172288
1332300932659499008
1332300667541655552
1332295959636832512
1332290870633254912
1332261536526643200
1332260979464429568
1332248735779336192
1332248359327961088
1332247047362252800
1332103378344742912
1332101636035055616
1332099568310300672
1332098873775583232
1332096959553957888
1332095526930685952
1332095231538434048
1332094866692648960
1332093058364677888
1331926732165828608
1331903627196305408
1331887366034903040
1331879816098930688
1331876461616263168
1331872026693349376
1331869231244316672
1331868836879011840
1331862783646970112
1331862580617469952
1331862243303153664
1331861944404467712
1331716639306485760
1331713364133896192
1331712732509429760
1331712129506963712
1331703384185901056
1331701253143982080
1331698892967190528
1331697630557184000
1331697556313812992
1331696976493244416
1331696304351797248
1331695516514721792
1331695425418616832
1331695069926199296
1331694521621602304
1331682065079816192
1331680710009171968
1331680278948040704
1331678252482654208
1331668190628360192
1331664623766999040
1331659823646199808
1331652741853286400
1331610444373647360
1331379711923150848
1331378824186097664
1331378355954982912
1331377728994611200
1331376879392190464
1331376064753528832
1331375342725058560
1331368837573390336
1331368414296870912
1331367781498032128
1331367389292867584
1331366657663623168
1331366200060874752
1331364296056516608
1331363796011638784
1331363525491630080
1331276779215069184
1331275987263385600
1331275514997305088
1331262535065079808
1331229562936684288
1331190590793506816
1331154442503204864
1330992870417965056
1330973124809150464
1330970939148951552
1330952065179410432
1330951446452461568
1330949707695263488
1330946356375121920
1330945224332488704
1330943461978148864
1330904581258276864
1330900965667561472
1330875941401321472
1330837828511686912
1330837115303833600
1330835649591726080
1330825201223946240
1330824875712372736
1330815608062160896
1330815468484128768
1330814835223891968
1330792160883511296
1330791728496975872
1330621610802470912
1330618150283603968
1330617505153507328
1330588242253647872
1330587196492050432
1330565947233628160
1330487632435011584
1330483331549569024
1330477321669709824
1330461655910780928
1330458823870570496
1330456679545180160
1330453121399709696
1330452821133692928
1330452304412151808
1330449202611167232
1330434222549577728
1330433297810386944
1330432573537923072
1330432456311377920
1330291707137634304
1330291334259806208
1330267723679625216
1330267388793729024
1330266695047524352
1330265989209071616
1330265397036249088
1330264738043998208
1330264411668406272
1330259119069163520
1330257948040421376
1330257251546836992
1330256952744620032
1330256493527109632
1330229777958129664
1330204851331010560
1330202124370796288
1330200702241677312
1330200691776905216
1330167254454067200
1330166597097578496
1330165699894013952
1330153026636689408
1330149115347537920
1330119674374270976
1329851814741729280
1329850688671780864
1329850590982238208
1329849644730511360
1329848218876858368
1329843360467706112
1329842231168151552
1329515744435056640
1329515409029140480
1329506841081024512
1329505622249906176
1329495016830590976
1329494763356221440
1329478311035228160
1329474610254016512
1329474204375388160
1329473027323666432
1329472928359067648
1329472465370832896
1329472291198164992
1329472162776948736
1329460931265486848
1329451284810829824
1329151508076761088
1329129810946298112
1329129489675264000
1329124000262402048
1328999671352745984
1328999241356808192
1328983394844364800
1328791225604956160
1328785125069479936
1328784229027733504
1328784092410818560
1328750087309303808
1328747543124185088
1328746914741968896
1328722146399543296
1328712272517226496
1328675272846176512
1328670065525481472
1328458102325260288
1328437809447833600
1328431865452240896
1328428882538663936
1328356971712536576
1328348851825209088
1328293417164693504
1328290951794749440
1327878845366751232
1327724562784661504
1327721677443231488
1327720892084973568
1327717192566251520
1327715759464837120
1327667325609390080
1327659835500998912
1327619489807167488
1327617075003731968
1327616186000044032
1327611937555943424
1327602824612634624
1327602322172677888
1327602270452723712
1327600315177312512
1327596555134701568
1327596113445216512
1327595571167760384
1327586202569089024
1327573274851729408
1327536891466539008
1327360454742700032
1327311044402941952
1327310694811898112
1327308714681004032
1327306469872689152
1327305003715993600
1327238724925726720
1327102507961757696
1326991181113405440
1326961538222190592
1326958101694717952
1326957667781316608
1326941193721286912
1326923566441443328
1326891771654189056
1326888644704079872
1326887865553391616
1326887565815914496
1326807172206964736
1326804837175078912
1326648677721628672
1326648286464397312
1326647684183232512
1326641330236350464
1326640926949842944
1326640240736546816
1326600045198790912
1326596081879310336
1326594109583335424
1326593340536655872
1326580339272249088
1326556296297009152
1326507325176377088
1326493681793323008
1326489930500100096
1326487613742706688
1326486661690253312
1326486468383166464
1326484891463258112
1326484603830472704
1326477473941483520
1326455304377278464
1326454863392350208
1326266115434180608
1326256306899005440
1326248446295240704
1326218168386412288
1326190328618102784
1326189962421792768
1326162412236632064
1326148676738298112
1326148367253172224
1325936286532853760
1325897748739219712
1325893470343532288
1325892502239449088
1325882947233320960
1325882361754644480
1325881742155247616
1325856194435706880
1325824656776040448
1325822405890207488
1325816764723302400
1325765535599124480
1325756417844842496
1325755485182685184
1325572725994352640
1325538398833139712
1325530385955098624
1325528978350870528
1325522870253084672
1325516281978773504
1325506199400443904
1325332108097818624
1325199267233996800
1325186669146824704
1325173185382281216
1325134091596001280
1325130962775072768
1325129931496579072
1325128855133122560
1324996058007691264
1324847445889744896
1324840777814581248
1324804404898398208
1324802924422287360
1324802695019089920
1324795067438112768
1324794921119866880
1324794714244190208
1324770852378914816
1324767303943233536
1324766770075414528
1324753650196074496
1324737833660276736
1324718422152892416
1324640117911392512
1324492164542484480
1324490642689531904
1324490309691166720
1324480946595352576
1324480835811237888
1324480162164023296
1324478021601054720
1324476627619819520
1324475075932966912
1324442568826986496
1324426551723761664
1324283820057702400
1324283640537296896
1324079469770977280
1324070484405899264
1324068438151696384
1324040536462905088
1324038484181557248
1324026230149160960
1324025791068410112
1324004898904723712
1324003974341632000
1323999734600765440
1323996690374922240
1323996651573444608
1323996544748703488
1323995578221711360
1323994803382661120
1323699320474996736
1323382913438797824
1323378564205580288
1323297044447006720
1323256802390192128
1323191893363142912
1323191832017313792
1322998544161296384
1322997208329932800
1322965260920303616
1322915293363118080
1322903260433420288
1322870011321589760
1322869129557233664
1322868113822654464
1322866936955502592
1322859762489458688
1322852463720976384
1322849161629310976
1322842555084660736
1322683418719768576
1322682765939216384
1322650199119011840
1322622901690994688
1322620461260439552
1322619533421617152
1322594699291643904
1322592479275868160
1322584470340423680
1322556216518856704
1322556115599708160
1322551873430323200
1322551445749702912
1322289596965801984
1322262294487830528
1322259933677629440
1322259197422116864
1322258644403191808
1322257919749070848
1322257096348442624
1322256484370157568
1322223329978290176
1322223296037924864
1322216145609466112
1322213310318727168
1322212262854184960
1322193632649236480
1322177702271635712
1322157997792120832
1322152285246554112
1322151762996928512
1322104267596026112
1322054021700530176
1321909566972547072
1321909510156525568
1321907630126862336
1321907475755487232
1321906613746307072
1321890168740188160
1321875868143308800
1321875223449317376
1321871637319426048
1321870718850781184
1321869399263977472
1321839735741042688
1321831256196337664
1321827818095976448
1321745229507166208
1321744865458327552
1321537397323169792
1321536285350236160
1321525229043273728
1321521773192613888
1321443216093335552
1321431551507341312
1321386830789517312
1321383510016466944
1321376920706129920
1321270217658503168
1321267108265811968
1321266788383023104
1321164368126627840
1321160802720796672
1321160712232816640
1321160638039756800
1321159977856360448
1321159846654316288
1321159623173459968
1321139786200027136
1321139713147871232
1321138858373893888
1321138770796814336
1321138599379820288
1321135448945774592
1321134879820664832
1321133812420661248
1321130153842515968
1321123016353501184
1321122667534209024
1321068496403529728
1321067951982870528
1321066721734701056
1321066098243051520
1321064869081325568
1321061150155563008
1321060214024642560
1321059009466638336
1321058800095367168
1321058707610968064
1321054277247377408
1321054202886561792
1321039690728919040
1321038927566938112
1321038571009167360
1321038314678456320
1321037354640019712
1320986994156146688
1320824467187261440
1320821294238208000
1320819704399880192
1320819549625864192
1320802459107950592
1320800894104018944
1320800423436001280
1320786433167294464
1320781168577449984
1320781107558834176
1320780833859555328
1320779542915633152
1320772830464823296
1320771860448092160
1320770213378445312
1320769550686822400
1320768147088133888
1320744002958856192
1320714791929991168
1320692265703120896
1320687765537935360
1320669223421644800
1320637620930678784
1320613422409654272
1320613360514248704
1320507573758550016
1320506441581645824
1320504786857431040
1320492141735481088
1320489893458567168
1320481401876172800
1320477172310642688
1320473313236422912
1320471065890562048
1320465283514015488
1320451125368233984
1320448787844898816
1320444707219132416
1320444525320511488
1320444095798665216
1320408825074253824
1320408707394621440
1320408583624863488
1320408270599786496
1320408161258438912
1320407504187162624
1320406973611986944
1320405465210277888
1320400793879646208
1320399861489991680
1320394702806536192
1320391436018266112
1320389782602731520
1320387274509570048
1320381260292829184
1320356202149220352
1320350920601894912
1320347518220357632
1320342849259556864
1320342792464453632
1320342326334599168
1320339730064703488
1320337183677566976
1320324832555388928
1320324257851838464
1320322982858862592
1320322229834518528
1320312961223827712
1320078212660137984
1320078011627089920
1320077769536057088
1320047612481982464
1320046582323183616
1320042345727987712
1320040679331057664
1320040548439330816
1320039808941641728
1320039420016328704
1320038808197484288
1320035263641432064
1320035074218315776
1320030296637607936
1320029896589119488
1320016843852099584
1320012898245267712
1320011141242933248
1320011081218215936
1320008272833880064
1319965191610748928
1319963815669321728
1319963250616897536
1319810342017552384
1319771844132602112
1319769660368314368
1319722693722362112
1319719470240354304
1319719340837580800
1319718992630657024
1319715974552182784
1319714962319835136
1319713748064571392
1319713710970179584
1319710779957006336
1319705884428275712
1319705738785267712
1319704445228355584
1319704262574825472
1319703927458304000
1319703658792165376
1319695418297622528
1319695141859360768
1319695000821780480
1319694741655703552
1319694681450663936
1319693902132203520
1319691711019364352
1319689978809602048
1319689911574929408
1319687852075192320
1319687254802038784
1319678912935362560
1319678705925586944
1319664703530991616
1319663933297479680
1319663715134902272
1319662986886320128
1319660744980529152
1319659796094767104
1319659299266793472
1319657290803314688
1319656163940716288
1319655972684574720
1319655259938148352
1319654298335256576
1319654185114230784
1319654069879844864
1319651545793875968
1319645609352192000
1319633632420630528
1319633177875484672
1319632137377677312
1319621621628440576
1319610064202858496
1319591692362711040
1319572762638360576
1319569290752937984
1319566872107491328
1319550018441891840
1319508452063019008
1319414807288795136
1319413981891776512
1319413111292645376
1319412059721838592
1319402316722733056
1319401066111389696
1319400025366138880
1319399812513603584
1319399652341567488
1319398968548347904
1319396100210647040
1319394473118519296
1319393973111324672
1319393825861795840
1319392568006873088
1319392168646184960
1319391077565140992
1319390576484245504
1319389980456869888
1319389636049907712
1319388992064847872
1319388902994726912
1319387343992872960
1319384902417211392
1319383706855931904
1319382990758305792
1319380011778977792
1319379908494299136
1319379393102417920
1319379124981534720
1319376183226748928
1319375700109987840
1319374896473006080
1319374570965655552
1319334718631010304
1319334549248245760
1319334119231422464
1319333921864155136
1319332556177891328
1319332388820877312
1319331667769806848
1319331604758659072
1319323405494243328
1319321175059845120
1319321079521943552
1319320617087324160
1319320468214730752
1319319321408135168
1319318806678900736
1319318540424499200
1319318108075708416
1319317595502280704
1319311444001853440
1319310343223595008
1319310026457157632
1319269919066853376
1319269391851266048
1319264906303123712
1319239958905892864
1319225960500256768
1319222867704373248
1319222218505785088
1319221308861939712
1319221194281943040
1319219929548193792
1319219889694003200
1319218393191469056
1319217371006074880
1319216590643187712
1319216100299755520
1319209482598141952
1319209396929441792
1319209233028665088
1319209076191088640
1319208974248513536
1319208692244512768
1319197952192221184
1319194633864359936
1319193343310561280
1319192918004015104
1319192111489650688
1319190949772349440
1319190302884794368
1319128767336452096
1319007583311712512
1318997927549960192
1318979589952200704
1318975410768629760
1318975286273335296
1318974753122717696
1318974581009469440
1318966527643836416
1318966045718302720
1318962521378856960
1318962269775122432
1318960599347461888
1318956942623125504
1318956427151610112
1318955912174968832
1318948594540478464
1318912990435999488
1318890793537589248
1318890143500193792
1318877728033153024
1318876912190631936
1318844597779505152
1318844494985482240
1318844099173167104
1318821617112317952
1318821543011667968
1318819037850312704
1318699249278791680
1318694330249449472
1318693808821948416
1318687895872483328
1318683997053046784
1318670222707118080
1318669856745656320
1318666747415875584
1318665803294740480
1318664533423104000
1318663543609303040
1318663434888761088
1318663049339961088
1318662990426681088
1318662884558315520
1318662548510691328
1318661890445352960
1318661736594051072
1318661323551539200
1318661108631277568
1318661076024762368
1318657142413549568
1318657076005114112
1318657031121895424
1318656979678670848
1318656946430509056
1318656895809368064
1318656816004452352
1318656716582641664
1318653450960424960
1318653419951951872
1318652426627485696
1318652201208860672
1318651911910903808
1318649021062316032
1318648702647603200
1318648465380003840
1318645537407705088
1318645340086689792
1318644805237415936
1318643458505101312
1318638946637795328
1318638304305287168
1318636634968117248
1318607668140003328
1318606761302069248
1318592623796518912
1318591774001106944
1318591511571976192
1318591194423767040
1318543743369334784
1318542176394108928
1318542058056044288
1318540303729643520
1318490460428636160
1318487108978397184
1318477494912208896
1318477360040206336
1318454111843528704
1318451715021197312
1318409004247359488
1318408366536986624
1318306809590010112
1318288522554626048
1318261488679899136
1318256483742736384
1318256337852268288
1318256070096281600
1318232982872837888
1318232619071557632
1318231970317553664
1318230681814732800
1318201394466344960
1318194864920682496
1318160563814412288
1318158675022913536
1318134949594206208
1318127173652414464
1317891930471149568
1317889553684979712
1317886168260902912
1317843108197957632
1317836141710684160
1317834421404389376
1317834039693377536
1317833580442157056
1317829342634926080
1317828205714300928
1317824496963883008
1317820049101627392
1317818622455185408
1317817909536849920
1317806876793409536
1317765926658445312
1317765488416522240
1317742451260620800
1317732282363424768
1317722084609560576
1317720374319120384
1317714496111185920
1317559936608571392
1317550708539928576
1317537084228456448
1317536168867758080
1317523469240774912
1317511360713052160
1317510691419455488
1317510153906868224
1317509725244850176
1317508513296490496
1317507843952726016
1317488538070536192
1317461080340385792
1317453206851563520
1317418034898796288
1317416835558592512
1317415398531358720
1317414560974909440
1317414043158708224
1317407006026846208
1317380950217674752
1317203030815707136
1317202232895471616
1317201336157569024
1317200061105901568
1317189140186845184
1317167451793129472
1317153351814041600
1317145097767735296
1317138151090114560
1317135353535483904
1317082439903334400
1315354445371371520
1315353575044902912
1315345325167607808
1315344416274550784
1315343089079386112
1315328578653913088
1315316285220282368
1315315501078380288
1315315221624483840
1315314877624463360
1315314240610349056
1315314191847350272
1315313752422650112
1315300348509159424
1315299033078992896
1315298555720945664
1315298288686510080
1315297498131558400
1315296658926842112
1315286598355947520
1315037538671759360
1315029328179138560
1315026646039179264
1315019143607988224
1315016453444300800
1315015847635750912
1315012424261677056
1315008885489573888
1315008459247673088
1315005181122285568
1315002886821220352
1315001966414770176
1315001641591083008
1315001100118958080
1315000536954007552
1314999758474424320
1314986479026933760
1314984279781314560
1314981335518318592
1314980233414537216
1314978780960743424
1314947606385172480
1314892947515748352
1314892406089814016
1314718919073116160
1314718065976913920
1314717414047780864
1314717056282038272
1314714111389859840
1314713966472503296
1314674914486611968
1314669720621273088
1314669508251062272
1314669224879632384
1314668933044150272
1314668764349300736
1314668451227750400
1314652706422882304
1314652665087918080
1314651908649422848
1314651147458801664
1314651021331886080
1314650354701697024
1314650227094237184
1314649810922807296
1314649197279416320
1314639499557822464
1314639378308837376
1314635942188081152
1314634416581423104
1314632004521152512
1314630552344035328
1314627678922780672
1314621560628613120
1314618192887767040
1314617960674197504
1314616849204760576
1314615986289553408
1314614797044977664
1314614234009960448
1314614161561837568
1314614066774716416
1314606246608228352
1314606219613614080
1314606191000072192
1314606165783908352
1314606096191979520
1314605961965973504
1314592404381593600
1314587490410520576
1314585740710477824
1314581293611524096
1314580432625827840
1314579269729869824
1314578211813158912
1314577826725662720
1314577724221124608
1314576960018841600
1314576548847063040
1314575760129241088
1314575302404771840
1314574367871897600
1314573810931245056
1314573426141650944
1314572090163552512
1314571684704407552
1314566715423031296
1314566329416978432
1314566110675717888
1314565449749860352
1314565309999837184
1314562982022709248
1314561185186971648
1314560142676029440
1314559392595968000
1314558444226187264
1314554752622112768
1314553614791323648
1314527358448218112
1314525812121534464
1314525792349687808
1314524423706365952
1312981852374867968
1312981336790097920
1312961429289472000
1312957565408555008
1312906392689205248
1312883670932426752
1312881206887882752
1312880388671442944
1312879957249589248
1312879697454346240
1312877451727470592
1312877381091287040
1312877323893563392
1312876368439508992
1312876005141499904
1312875785498304512
1312875471684722688
1312870640354025472
1312868096407998464
1312867873841348608
1312866621514559488
1312866563608006912
1312866098652606464
1312866007367725056
1312865477497159680
1312865099368091648
1312864504150097920
1312864176587657216
1312862912944525312
1312862527735369728
1312862196649656320
1312862019545116672
1312859967494422528
1312842288977121280
1312841579623845888
1312841382311100416
1312841137208676352
1312840735985668096
1312840281616773120
1312840084031508480
1312839753948069888
1312839351819292672
1312839045526032384
1312838810053599232
1312837724794163200
1312836871957946368
1312836787891511296
1312836605745430528
1312836371824992512
1312835965170454528
1312835807607164928
1312835259948556288
1312834860977983488
1312834124239994880
1312833555563794432
1312829195811254272
1312828422276685824
1312827284550758400
1312827046880587776
1312826779703312384
1312826600120094720
1312821956681633792
1312818957112561664
1312818924392787968
1312818873419276288
1312818835985178624
1312818813008838912
1312814533413658624
1312814269470314496
1312810357530992640
1312810262660030464
1312809976918953984
1312809906479783936
1312809569639378944
1312809468623761408
1312808876434239488
1312808747358654464
1312808281237319680
1312808097216368640
1312806100157243392
1312805392745934848
1312804907443986432
1312804188875829248
1312804024413040640
1312775924509798400
1312773749704470528
1312773596507406336
1312773499262509056
1312746460677636096
1312746234319380480
1312746099875237888
1312745224033181696
1312743946104246272
1312743461691494400
1312740589780205568
1312740419143434240
1312739283875356672
1312738857826365440
1312738581690097664
1312736973984014336
1312736384759803904
1312736204002131968
1312736055460757504
1312734724830441472
1312715986743816192
1312709756222672896
1312706442647031808
1312706380818718720
1312663156146266112
1312658464171269888
1312658032288034816
1312657305704566784
1312598880530333696
1312588652564840448
1312489466938839040
1312489419283205888
1312489362987249664
1312489346482626560
1312457812056764416
1312457310753615872
1312454060314783488
1312438005815078912
1312423735350251520
1312421622545035264
1312420448601354240
1312420023164497920
1312418550393470976
1312392607176241152
1312392578113966080
1312392548829274112
1312392500099854336
1312392461436809216
1312370777484931072
1312326237650587648
1312320249837105152
1312282216647602176
1312154809131130880
1312154005972291584
1312153687339397120
1312153424033541888
1312152392893251584
1312149034300108800
1312147802655387648
1312145397129777152
1312143455657758720
1312143314892677120
1312143193308192768
1312142880547368960
1312142554238840832
1312141885255737088
1312141748752191488
1312141704531599360
1312141288808960000
1312123065585688576
1312121185635717120
1312120941418143488
1312118116579594240
1312117244520919040
1312117093639180288
1312116245672546304
1312116240060538880
1312115451103604736
1312114432521117696
1312113340634734592
1312112038672433152
1312106494691692288
1312104918178623488
1312104866014097408
1312104698535583488
1312104658333126912
1312104607959531520
1312104563508350976
1312104485162942464
1312104401369096192
1312104323023683584
1312104174838931712
1312086284085723136
1312083461784690688
1312062663158042624
1312049391507779584
1312044129921183488
1312042117364101120
1312037150842654720
1312035716872970240
1312035429236060160
1312031803629334528
1312030294246141952
1312029356823371776
1312028473502978048
1312027087096684288
1312026478905827328
1312024826350010368
1312023520550023168
1312021062461386752
1312020253132681216
1312019036088291328
1312015974720319488
1312007967089332224
1312000835619037184
1312000107961823232
1311992131372941312
1311990711252856832
1311990046434697216
1311975924817068032
1311975633065586688
1311974958667571200
1311974636289224704
1311974090157285376
1311973138574586112
1311963585296379904
1311962839360442368
1311775067047694336
1311764098988863488
1311763505163444224
1311763116489953280
1311762703552311296
1311762437490855936
1311761862971842560
1311761307922767872
1311761226607849472
1311760773287415808
1311760109375291392
1311729231152504832
1311728769728643072
1311728470318370816
1311725876543991808
1311725360065773568
1311703052978618368
1311702581085863936
1311702103920988160
1311684873317482496
1311683754793013248
1311682944109551616
1311682272458924032
1311682270009470976
1311656375769063424
1311644404843794432
1311623678954795008
1311617725257723904
1311615649807052800
1311590981423312896
1311580029294448640
1311577588834471936
1311572727053070336
1310432977604808704
1310425308345008128
1310407130873241600
1310347426973319168
1310304391031816192
1310297047464108032
1310293852188803072
1310291286780456960
1310290337001340928
1310289906724413440
1310276867883175936
1310275084364460032
1310274105069965312
1310273685861826560
1310273211804848128
1310251115464798208
1310249205739515904
1310247546590236672
1310243628204384512
1310243481093316608
1310233078187556864
1310221057262071808
1310194793365082112
1310194737647955968
1310193376298496000
1310192239604269056
1310191456515170304
1310191371194699776
1310189199597895680
1310185794993356800
1310174546675326976
1310173414997491712
1310168075015204864
1309994391914807296
1309992340547870720
1309991873407332352
1309991509882810368
1309991101458251776
1309990649308082176
1309990385226219520
1309990169202876416
1309989954651664384
1309989686283251712
1309989454212292608
1309988918033555712
1309988499324633088
1309987888071933952
1309985889309908992
1309979557295017984
1309978483498643712
1309977803337740288
1309976133694361600
1309975409426038784
1309972525905051648
1309972365502279680
1309968937673723904
1309963441776586752
1309947414082711552
1309941017467027712
1309940699928891392
1309938990339022848
1309938033328828416
1309936321713053696
1309936316373754112
1309928578285555712
1309918416808148992
1309918120958734336
1309904135114850304
1309899289976545280
1309899169671327488
1309898424234500096
1309891862967197696
1309889630339301376
1309882769439428608
1309877665004912640
1309871702252322816
1309853579801440512
1309850830217138176
1309850746477842432
1309828997661028352
1309828623231262720
1309827463564886016
1309827140674875392
1309796023129251840
1309795963737866240
1309793115016965888
1309785665400340480
1309784701616435200
1309773525075492864
1309772958978781184
1309628879003320320
1309628200381681664
1309627177902710784
1309627067395383296
1309621093892849664
1309571464597733376
1309571462454562816
1309492429414903808
1309465292867862528
1309462264756482048
1309462262906789888
1309460463391051776
1309460002978103296
1309445590804291584
1307751571791511552
1307751394217205760
1307750155307888640
1307749303067308032
1307748835150761984
1307748518757629952
1307748213940781056
1307747183438041088
1307747033961426944
1307746390173462528
1307745977907007488
1307745409083858944
1307729259973218304
1307728354586562560
1307727778582855680
1307718339855347712
1307711579069255680
1307710073108656128
1307709014860595200
1307697376103145472
1307696272204275712
1307693872508801024
1307683686922571776
1307683397179977728
1307681614575685632
1307670539721469952
1307670119263482112
1307669924148662272
1307653874845704192
1307653526450044928
1307653259558039552
1307653044931358720
1307423016503181312
1307420555554021376
1307417066673242112
1307416594516246528
1307415082658394112
1307411108194652160
1307381889720881152
1307379575337431040
1307379096255692800
1307371861379035136
1307366446624903168
1307350758652870912
1307350054743822336
1307349838246412288
1307341895970979840
1307341766601969664
1307341314523123712
1307315501253693440
1307297543991242752
1307294591037722624
1307288315155152896
1307287622319050752
1307282060973871104
1307281683687895040
1307281436337147904
1307280723913646080
1307280630682726400
1307279694405021696
1307276796744921088
1307276100498751488
1307274709915049984
1307272158729695232
1307271859512250368
1307271484382081024
1307268138334068736
1307266991720407040
1307266474348810240
1307265698054524928
1307264744710180864
1307264459887575040
1307264055808266240
1307241375646261248
1307236610665218048
1307233832521936896
1307233761998897152
1307233176780144640
1307215400468451328
1307212987007152128
1307212307303411712
1307212054978277376
1307193598648242176
1307192744910163968
1307192064149467136
1307063508773863424
1307063306969063424
1307063305085820928
1307062878336409600
1307062472508145664
1307061567440248832
1307058145467002880
1307057333772705792
1307055941058166784
1307054810252947712
1307054313936687104
1307053669532217088
1307053232468959232
1307046742651789312
1307040932206981120
1307040089541877760
1307032621923303424
1307031229867458560
1307030585127428096
1307027660036476928
1307025609185464320
1307025100848459776
1307024068907085824
1307024023625306112
1307024003832459264
1307023880591155200
1307023492534198272
1307017993860374528
1307017038615937024
1307005579618025472
1307003869197631488
1306989817448878080
1306988550659997696
1306988438357512192
1306987661555621888
1306987412640411648
1306984332628766720
1306982304162738176
1306980019999322112
1306971657295335424
1306966205765484288
1306965735747522560
1306962721397706752
1306949832586735616
1306949607272914944
1306949171430203392
1306948771356573696
1306948036149612288
1306946077837451264
1306945038577020928
1306944000209891328
1306912866071719936
1306911412476956672
1306909831912140800
1305510353212710912
1305506255423893504
1305495476947607552
1305492604956610560
1305491828750323712
1305478870100045824
1305434521979019264
1305430891032870912
1305430485317963776
1305419488213577728
1305408081770295296
1305259187576987648
1305255783517560832
1305255616366219264
1305255551819972608
1305234368894566400
1305232826082693120
1305228724925690112
1305227499945758720
1305222072411607040
1305219925745831936
1305219862856429568
1305219363721695232
1305218948049313792
1305214624372002816
1305214260822319104
1305212735974780928
1305211597737078784
1305201724081221632
1305200043323011072
1305196339991662592
1305167028555309056
1305165939558752512
1305164071453495296
1305158400981041152
1305157922272563200
1305157324592549888
1305150634702888960
1305138202190262272
1305129232767557632
1305128669208293376
1305127526235361280
1305127353744592896
1305113093891121152
1305109648790499328
1305109431869493248
1305108660176203776
1305085957742432512
1305073098044116992
1305072055826690048
1305036659730378752
1305029058133188608
1304974513680125952
1304974159508840448
1304927078324875264
1304926168114753536
1304905972209590272
1304903401940103168
1304902645434527488
1304902377313652736
1304901330729947136
1304900846392692736
1304899816158265088
1304899541213290496
1304890861390618624
1304855712695308288
1304855673289814016
1304855343298732032
1304854787251482624
1304854472976465920
1304854139432841216
1304853299179532288
1304852651075489792
1304852277405024512
1304852102305509376
1304845707556409088
1304845443764023296
1304842494128123904
1304842185582481408
1304841466955653120
1304841358872653824
1304840878645743616
1304834097685110784
1304832503467958272
1304828489514835968
1304828439908823040
1304828287240351488
1304827930997030912
1304822019024924672
1304821841635291136
1304821834731397120
1304820870649729024
1304818119769292800
1304817950877274112
1304817800851194112
1304816967501709312
1304809525292290048
1304809405351964672
1304807106525134848
1304806687916912640
1304805809323413504
1304804029260804096
1304801997812531200
1304798391617155072
1304794668228435968
1304793768311377920
1304791669288701952
1304791595762561024
1304788357902405632
1304781650958725120
1304778248296042496
1304776288071282688
1304772271404449792
1304771734516707328
1304770986567442432
1304768337671524352
1304759909087666176
1304754912677507072
1304753136633024512
1304747503514984448
1304747030175244288
1304746731507195904
1304746308939415552
1304744408500363264
1304725154371645440
1304724705358876672
1304724622886211584
1304724498218913792
1304715846108016640
1304715483434844160
1304715220649160704
1304681617517170688
1304589211086061568
1304551050901442560
1304543702887661568
1304543338054418432
1304543280152162304
1304541430933852160
1304541169662210048
1304540877612818432
1304540570602418176
1304539977984995584
1304538545554624512
1304537710342877184
1304537582479593472
1304537331177787392
1304537193491378176
1304536395336347648
1304527802985787392
1304527715824013312
1304506163627778048
1304499143889608704
1304497862143860736
1304497567900860416
1304497413932093440
1304497041645731840
1304496831532068864
1304496547204337664
1304495776584867840
1304494236663009280
1304493383486930944
1304493127408005120
1304491387069566976
1304490657667579904
1304489268371492864
1304482470549745664
1304475961828802560
1304474835469434880
1304469075075231488
1304466497742548992
1304464151943745536
1304463418561310720
1304462494698790912
1304457040794976512
1304455697837498368
1304445133228773376
1304437587860426752
1304436930696884224
1304435794111803392
1304435180673937408
1304434847038033920
1304395664282058752
1304390018207801088
1304389688241914112
1304386451392671488
1304386294743805952
1304385850353037312
1304383194674933760
1304382681455693824
1304377837705662464
1304377582884999168
1304377522524651520
1304377441184555008
1304377391607877632
1304375256870776832
1304375186662322176
1304375155511226368
1304374031991427072
1302808868834213888
1302805610791079936
1302805327973429248
1302805085886578688
1302804479130165248
1302804227866136576
1302799130155192320
1302734582412914688
1302734367572348928
1302734297284177920
1302726548957659136
1302725323675643904
1302721528140910592
1302721260590333952
1302717473851138048
1302716094772322304
1302696139251159040
1302675090795114496
1302666517847388160
1302666215928877056
1302663102765432832
1302658968418955264
1302658638016901120
1302658209262579712
1302656582707183616
1302655450194808832
1302634208016424960
1302630848009773056
1302630306692894720
1302621946132262912
1302616220416516096
1302615703250501632
1302610990698303488
1302606892330557440
1302604036357664768
1302598663659806720
1302597918566817792
1302597478835986432
1302597391560912896
1302597196458717184
1302596655242514432
1302596585495371776
1302595641248448512
1302595561221230592
1302595419168530432
1302594807894814720
1302594154502008832
1302593629421211648
1302593447719825408
1302593241427202048
1302593163773841408
1302592318684397568
1302592182113783808
1302591887283490816
1302591730403991552
1302591531149385728
1302591277087756288
1302589967017930752
1302587896604626944
1302584417848905728
1302583930084823040
1302579918925172736
1302578540471349248
1302577602465541888
1302577312190337024
1302576564572426240
1302576043602128896
1302575644556120064
1302575584208355328
1302575113641037824
1302570344419602432
1302553762549190912
1302553364899803136
1302552777307099136
1302552662144057088
1302552245867876352
1302551868623683584
1302551526628613888
1302507003357605888
1302506849187618816
1302389501067755520
1302389392519106560
1302389177623998464
1302388963278282752
1302388722575585280
1302388628274974720
1302383402390351872
1302381920739786752
1302377429722427392
1302376393938997248
1302373413303058432
1302372949685661696
1302372671590723584
1302372466065637376
1302371871091044352
1302370148519743488
1302367562584518912
1302366649174102016
1302366265638559488
1302365559192014848
1302364914011516928
1302364710206083072
1302364509064048640
1302359723757441024
1302359051137937408
1302358925547892736
1302358467357954048
1302353606423785472
1302352840690749440
1302351720505319424
1302345383222407168
1302344850029907968
1302336747423006720
1302335607751028736
1302335290950942720
1302335237171576832
1302334840990244864
1302334658861043712
1302334460462075904
1302329134325137408
1302328920247808000
1302328649585229824
1302328307585814528
1302328137590755328
1302326389450903552
1302326213390856192
1302323647038844928
1302322939820466176
1302322831691337728
1302322476328849408
1302317638132039680
1302316861569355776
1302316576859922432
1302316491195510784
1302305733896175616
1302302808927023104
1302302688512741376
1302302573437898752
1302292683784884224
1302292271891730432
1302291351850156032
1302291054570491904
1302290852316839936
1302287830367047680
1302287320150880512
1302286644381450240
1302283755432882176
1302283393619628032
1302283288455905280
1302282039010484224
1302281303895813888
1302263876176748288
1302263685814128640
1302253096110825472
1302252899163086848
1302252497344622592
1302252183501656064
1302251873018183680
1302251226755719168
1302250738505183232
1302249648820809728
1302247237356003328
1302246753782112512
1302246544155041792
1302246196707287040
1302246128608595968
1302245517016137728
1302244713454604288
1302224340449198080
1302224302910119936
1302224279162019840
1302224257884336128
1302224233070764032
1302224211143020288
1302224183137628160
1302209895425544192
1302207491925848064
1302207210261544960
1302206837178150912
1302206515932270592
1302206349682659328
1302206348017496064
1302200791655211008
1302199031989448704
1302198242311106560
1302198094042402816
1302184338205937664
1302177137080893440
1302174738438066176
1302174356383072512
1302168261983903488
1302165755438542848
1302085918724104192
1302077257868103680
1302076492298543104
1302066118702628864
1302062511957700608
1301968500836229120
1301967783194959872
1301967337160085504
1301965772965711872
1301965462729822208
1301964867738443776
1301964433141509888
1301963599670374400
1301963209902043136
1301962801372712960
1301962617523761152
1301962532786262016
1301961858275049472
1301960885221626112
1301960808432365568
1301954998859902976
1301954977783582720
1301954953284587520
1301954936553582592
1301954914722230272
1301952177376825088
1301951379133599488
1301937876213673984
1301929626479013888
1301929190309142528
1301929155353772032
1301929135003045888
1301929107689799680
1301927995305844736
1301896051155251200
1301895315688247296
1301885315628630016
1301884851574931712
1301868515033526272
1301867879776780288
1301854871998599168
1301853171111821312
1301852307471175680
1301852190592634880
1301852017644666880
1301851746642333696
1301835334024605696
1301824615715606528
1301824491178393600
1301823696336818176
1345675267210170368
1345491667588100096
1345458716318060288
1345394917963665408
1345394073394434048
1345393792980017152
1345393609777029120
1345393587538833408
1345393492131008512
1345393408374931712
1345393351017816064
1345393050990866432
1345392957059444736
1345392918404739072
1345392847911051264
1345392627190018048
1345392382636941312
1345392321672704000
1345392249702645760
1345392238042427392
1345391715692195840
1345391677528285184
1345391649623564288
1345391571903127552
1345391515519037440
1345349197629947904
1345344193468784640
1345344167225028608
1345344138036842496
1345344068407226368
1345344019140915200
1345344002527264768
1345343496056680448
1345343469322174464
1345343444567384064
1345343425923735552
1345343367543218176
1345343321254850560
1345343303445843968
1345343193940959232
1345343143974203392
1345343124470718464
1345343082611544064
1345343058146164736
1345342997936877568
1345342944535064576
1345342905821622272
1345342775609450496
1345342633640603648
1345342476937261056
1345342440446767104
1345342419626287104
1345342189501558784
1345342106433433600
1345342064943357952
1345326904409206784
1345326544722522112
1345130319771533312
1345130266382233600
1345130225286455296
1345130043060715520
1345021926838841088
1345021894253228032
1345021103161438208
1345021050254405632
1345021015538233088
1344998769251786752
1344950479596433408
1344950449238114304
1344795028942675968
1344708198704553984
1344680220515831808
1344678996236247040
1344678933304905728
1344678893396094976
1344678861292908288
1344678640106274816
1344678573387476992
1344678558564810752
1344678510934323200
1344678422539358208
1344678376875950080
1344678321255292928
1344677928014114816
1344677664137879552
1344677577189974016
1344577165182947328
1344577113601560576
1344577027031113728
1344576981451628288
1344576942117429248
1344576862526316288
1344576839201808384
1344576804661694464
1344576762630582272
1344576738181992448
1344544999204134912
1344544975783157760
1344544949195468800
1344544906891710464
1344544877988745216
1344544779913359360
1344544511838588928
1344544312441393152
1344544235803078912
1344544194786955264
1344544155637346304
1344544066579660800
1344544033725681664
1344544015878942720
1344543961319403520
1344543877194272768
1344543830939480064
1344543630648893440
1344542812449234944
1344542792631132160
1344542777699414016
1344542643536195584
1344542409003327488
1344542376551993088
1344542349393879040
1344542286747758592
1344542198394724352
1344542116903591936
1344542007566479360
1344541985244405760
1344541883087904768
1344541761255960576
1344511523142688768
1344511496383066112
1344511085072814080
1344511032673398784
1344318169121484800
1344318074653208576
1344318014955659264
1344259167981334528
1344259124675141632
1344259075614396416
1344258993011777536
1344258801562738688
1344258277937393664
1344258179228717056
1344257862193864704
1344257836138819584
1344257686066618368
1344257641946734592
1344257497251655680
1344257451877670912
1344257266715930624
1344162604240015360
1344025199314874368
1344021470939402240
1344021453050675200
1344013493935202304
1344013456693989376
1344013368047398912
1344009393923383296
1344008656262672384
1344008641020653568
1344008621336768512
1344008538885120000
1344008450922192896
1344008389383385088
1344008296152375296
1344008148609355776
1344008112865501184
1344008094448295936
1344007873903386624
1344007788440252416
1344007473372528640
1344007443592974336
1343886026733924352
1343714008071860224
1343713868686745600
1343713829738450944
1343713786939781120
1343713678873518080
1343713516633673728
1343713465312169984
1343713410173857792
1343713214081736704
1343713130782875648
1343713108842442752
1343712960951312384
1343712807733309440
1343712649427738624
1343712628041011200
1343712574404177920
1343712481236103168
1343712435472125952
1343712314218983424
1343712289317380096
1343712263212060672
1343712253120573440
1343712077924495360
1343711945980047360
1343711888111243264
1343711832427683840
1343711804753637376
1343711702320340992
1343711640798318592
1343711461072318464
1343711405313285888
1343711392029941760
1343711356193828864
1343711122248105984
1343711079415898112
1343710944325734400
1343697034797314048
1343696954463838208
1343696889053638912
1343696811358367488
1343696751463690240
1343693402362306560
1343693272351440896
1343691925946322944
1343691879188201472
1343691662741135360
1343691550577090560
1343691462677061632
1343691425414787072
1343691361816600576
1343691324462141440
1343691293793378304
1343691270636544000
1343691249866465280
1343691231675740160
1343691137991798784
1343691035063496704
1343690965878525952
1343690939810926592
1343690909548994560
1343690838199693312
1343690787083661312
1343690704552415232
1343690684709150720
1343689999544365056
1343689972696670208
1343689963385348096
1343689757654724608
1343689714835083264
1343689669461082112
1343689331064664064
1343678682012020736
1343678631734898688
1343678604530642944
1343678534812913664
1343678511945494528
1343678486448320512
1343678457616723968
1343678393393565696
1343678344999694336
1343678293225168896
1343678245569507328
1343678193857929216
1343677969173262336
1343677923576971264
1343677718760665088
1343677475562414080
1343677188701351936
1343670806396739584
1343670779993534464
1343658917616898048
1343658881768062976
1343658312777289728
1343658242866601984
1343645820063776768
1343645733862461440
1343623008926248960
1343622945927782400
1343608650196250624
1343608609624743936
1343608415252344832
1343548111290060800
1343542054719266816
1343522268610179072
1343464883774488576
1343464833895829504
1343464779864801280
1343464740857794560
1343464470765592576
1343464396144726016
1343464017810120704
1343463912939933696
1343463793494548480
1343463756463042560
1343463726591184896
1343463702645891072
1343463622568243200
1343450428428726272
1343450401627058176
1343450364255866880
1343334471660171264
1343323439222976512
1343323347300605952
1343323136733933568
1343323054416539648
1343323001014640640
1343322916650422272
1343322893619494912
1343322871754592512
1343322842750922752
1343321655901347840
1343318367483125760
1343318336747266048
1343318313166925824
1343318247609933824
1343318121701142528
1343318067619762176
1343317955678003200
1343317924535300096
1343317901722443776
1343289727777189888
1343289696877744128
1343289669191163904
1343289646160216064
1343289627499765760
1343289601700622336
1343289576216002560
1343289565575073792
1343289509379715072
1343289488676704512
1343289466048438272
1343289443457900288
1343289427817336832
1343289408204713984
1343289384137846784
1343289368669286400
1343289343134339072
1343289327430873088
1343289310347481088
1343289259936120832
1343289236657737728
1343289223420522496
1343289207314403328
1343289138506821632
1343289108890865664
1343289090679185408
1343289076636651520
1343288999746686976
1343288976631685120
1343288961805021184
1343288952573321216
1343288929563386112
1343288920080048128
1343288884545925120
1343288870629208064
1343288855257034752
1343288818967994368
1343288794917851136
1343288783031181312
1343288734171729920
1343288711463776512
1343288695806427136
1343288672406425600
1343287797923381248
1343287748858404864
1343287716784562176
1343287690238693376
1343287668524937216
1343287657292582912
1343287643552034816
1343282631316795392
1343282605714714624
1343282586660073472
1343282567852781568
1343282553634119680
1343282536311611392
1343282522990538752
1343282506121043968
1343282484830728192
1343282473380306944
1343280789585326080
1343280756425175040
1343280724099661824
1343280666696417280
1343280656562999296
1343280641874554880
1343280611990138880
1343280590653685760
1343280572374913024
1343280559863300096
1343280541601325056
1343280520780779520
1343280484189691904
1343280453948747776
1343280430255108096
1343280407014465536
1343280382989508608
1343280359107153920
1343280341923069952
1343280307789815808
1343280173752479488
1343280152986398720
1343280138486763520
1343279541503078400
1343279522729369600
1343279500092723200
1343279471344967680
1343279451279339520
1343279442295222272
1343279421566935040
1343279365266821120
1343279318038949888
1343279302830395392
1343279263890477056
1343279234589061120
1343279181166235648
1343279165840232448
1343279143950176512
1343279127361712128
1343279100203577088
1343279083975827712
1343279026123796480
1343278993261395968
1343278978723946496
1343278959342084096
1343278934918619136
1343278919114493952
1343278902274359296
1343278884347899904
1343278866400473088
1343278777489612800
1343278761106682112
1343278724565897216
1343278707939700736
1343278688385855488
1343278642424651776
1343278602385813504
1343278581410107392
1343278567761838080
1343278539307679488
1343278524946374912
1343278510761254912
1343278493874974720
1343278479379456000
1343278461717270528
1343278392200884224
1343278374945488896
1343278356591214592
1343278338601857024
1343278290027601920
1343278276052209664
1343278259908259840
1343278232704061440
1343278213028597760
1343278180975730688
1343278160775946240
1343278116966428672
1343278083407802368
1343278060515299328
1343278044899848192
1343278015489466368
1343277999035215872
1343277982539010048
1343277970270642176
1343277935332118528
1343277916415795200
1343277884958507008
1343277868500086784
1343277841753010176
1343277792625119232
1343277778888781824
1343277761356562432
1343277745250455552
1343277723997908992
1343277709221363712
1343277688539262976
1343277677428568064
1343277659535667200
1343277648773074944
1343277623401722112
1343277568104013824
1343277549871365888
1343277532712472576
1343277381855961088
1343277364894195712
1343277349211615232
1343277334187700224
1343277316156370944
1343277298905178112
1343277270165843968
1343277231876038912
1343277190067183616
1343277169099857920
1343277144995196928
1343277128503209984
1343277104511787008
1343277082399432704
1343277065613815808
1343277037738483712
1343277007677882368
1343276984403714048
1343276970688307200
1343276940099248128
1343276908667088896
1343276885602684928
1343276875477639168
1343276794007465984
1343276776873750528
1343276760272687104
1343276737438904320
1343276722595229696
1343276679838445568
1343276664034365440
1343276648309919488
1343276617121075200
1343276584904626176
1343276542831566848
1343276523122524160
1343276502675320832
1343276487592398848
1343276473893998592
1343276444940701696
1343276408831938560
1343276392314761216
1343276378268041216
1343276359943135232
1343276341874069504
1343276203545939968
1343276185464266752
1343276166455685120
1343276143760314368
1343276103591469056
1343276086281588736
1343276055256330240
1343276035329159168
1343275999870517248
1343275546726297600
1343275531568082944
1343275509392830464
1343275474118705152
1343275450026618880
1343275421803159552
1343275410264633088
1343274924790710272
1343274906419683328
1343274892125483008
1343274863260262400
1343274845304401920
1343274831433912320
1343274805890609152
1343274795459293184
1343274780561178624
1343274756569788416
1343274731114536960
1343274712777035776
1343274685744762880
1343274669990883328
1343274654182617088
1343274613460127488
1343274593746903040
1343274579947626496
1343274560322416640
1343274537140580352
1343274507658735616
1343274489358987264
1343274453095096320
1343273947840786432
1343273914877796352
1343273904496926720
1343273880450961408
1343273864533594112
1343273834204561408
1343273808891936768
1343273760141373440
1343273726767411200
1343273667707473920
1343273656286380032
1343273629841305600
1343273530528587776
1343273513516490752
1343273494029758464
1343273479932702720
1343273457321210112
1343273454427123712
1343273417928302592
1343273401889259520
1343273389826469888
1343273037483880448
1343273021738541056
1343272988234362880
1343272971306151936
1343272955518857216
1343271627874832384
1343271598489546752
1343270193284395008
1343270084178022400
1343270046496387072
1343270021208936448
1343172960362893312
1343172925776605184
1343172808579444736
1343024712843198464
1343024691372556288
1343024650230620160
1343019168090750976
1343019111329243136
1343019064407564288
1343019028504309760
1343018998284361728
1343018930856747008
1343018898120208384
1343018782890090496
1343018744889679872
1343018727256813568
1342992078146572288
1342992060585041920
1342991933837352960
1342991891885928448
1342991804573085696
1342991723916623872
1342989986061316096
1342989946769051648
1342989828758106112
1342989799880339712
1342989748718206976
1342989656523239424
1342989492534341632
1342989317048827904
1342989222601482240
1342989191068725248
1342989167060508672
1342989118414987264
1342988939360088064
1342988850919067648
1342988830706724864
1342988774175879168
1342988748414398464
1342988708908310528
1342988657108652032
1342988494331932672
1342988457900183552
1342988446785269760
1342988425738276864
1342988351591297024
1342988279893942272
1342988241599942912
1342987925773037568
1342987900863049728
1342987847528312832
1342987806063394816
1342987789894381568
1342987677034016768
1342987375144742912
1342986851804708864
1342986786243547136
1342986754186477568
1342986723157020672
1342986567221178368
1342963159955632128
1342963142700265472
1342963041583902720
1342960341597237248
1342960213511561216
1342960043302465536
1342959964898418688
1342959950465818624
1342959717719678976
1342959597976510464
1342959480301096960
1342959372268404736
1342959247705964288
1342959142072430592
1342959057871757312
1342958988523171840
1342958894646255616
1342958800777707520
1342958777784545280
1342958673166020608
1342958495998492672
1342958246219362304
1342958173133697024
1342957142182146048
1342957048573648896
1342956929891655680
1342956831375765504
1342956716095401984
1342956683878871040
1342956536130400512
1342956413748994048
1342956267485192192
1342956197398405120
1342956121095626752
1342956024173617152
1342955937733218304
1342954687750955008
1342954614505824512
1342954526165381120
1342954401158332416
1342954371643035648
1342954356010790912
1342954314285735936
1342954214432108288
1342954108295241728
1342953941605228288
1342952659335176192
1342952474655780864
1342952372084088832
1342952333538418688
1342952295982641152
1342951872982822912
1342951800895373312
1342951699846209536
1342950448144281600
1342950373284323328
1342899110647640064
1342849571043614720
1342841251784237056
1342841222231154688
1342841203721719808
1342841174646812672
1342841038893936640
1342840903304687616
1342840839677030400
1342840637574574080
1342840512814997504
1342840451414568960
1342840332011102208
1342840286804897792
1342840255448309760
1342840220228714496
1342829650523942912
1342828672420638720
1342828444296638464
1342828427456425984
1342766659241709568
1342766597728063488
1342766512411717632
1342766446213033984
1342766320891408384
1342766307134087168
1342766136971173888
1342654992801538048
1342631385169846272
1342616209062297600
1342608760028753920
1342608725996146688
1342608605720305664
1342608334252347392
1342608178937212928
1342608064898342912
1342608018467336192
1342607960388882432
1342607774111379712
1342607736173957120
1342607673829838848
1342607597174730752
1342607000656634112
1342606822298054912
1342606757886091264
1342606689749635072
1342606612167585792
1342606545478148096
1342606469884211200
1342606410081824768
1342606343220449280
1342606292402241536
1342606277525057536
1342606209858347008
1342606183232925696
1342606092656893952
1342605852432326912
1342605833079816192
1342605759222321152
1342605596663681024
1342605565239959552
1342605120970883072
1342601212273840128
1342601155793350912
1342601114471059712
1342600656771801088
1342600604229775360
1342600551889047552
1342600446377127936
1342600068642299904
1342600042742493184
1342599980968792064
1342599971535802368
1342599735983616000
1342599078509740032
1342598988931985408
1342598938524864512
1342598881356476416
1342598856748498944
1342598826071388160
1342598709486510080
1342598698593878016
1342598091116048384
1342598064301871104
1342598039832325888
1342597948786536448
1342596905130459136
1342596815867289600
1342596493413384192
1342596455018754048
1342596260579176448
1342596214475399168
1342595982777847808
1342595946157387776
1342595917761929216
1342595885063139328
1342595868860551168
1342595754234437632
1342595664207892480
1342595536101249024
1342595498184744960
1342595336825614336
1342595294459031552
1342595202788306944
1342595092331327488
1342595075075878912
1342594635525480448
1342594202031501312
1342594076395376640
1342593974335377408
1342593965493792768
1342593706826878976
1342592802539122688
1342592779889860608
1342592742044684288
1342592567121207296
1342592538440556288
1342592517468901376
1342588720998977536
1342588666334633984
1342588386205445888
1342582618026598400
1342582522199347200
1342555659720667136
1342555482876235776
1342544892069896192
1342544667649454080
1342544646531031040
1342544499566850048
1342544458349486080
1342544394721898496
1342544326719582208
1342544300622675968
1342544123673370624
1342544067880767488
1342543772580786176
1342543688891817984
1342514626261643264
1342514604837130240
1342514591163625472
1342514555860234240
1342514496787668992
1342514459080847360
1342514363580755968
1342514342777004032
1342514178662293504
1342472427545178112
1342283299725701120
1342283280142528512
1342283103612661760
1342282629358510080
1342282575306501888
1342282555828088832
1342282363791941632
1342282288588070912
1342282197282283520
1342282133470109696
1342282024476958720
1342248820655194112
1342248793534844928
1342248748035039232
1342248692041076736
1342238788890853376
1342238764102463488
1342238713305247488
1342238634154594304
1342238607185215488
1342227508146675712
1342227472528629760
1342226068095315968
1342225763349786624
1342221016928563200
1342217607915692032
1342217516177911808
1342207677192171520
1342207669277437952
1342207454768205824
1342206640335040512
1342206608508641280
1342206463247319040
1342206399166767104
1342206362160398336
1342206313657466880
1342206284465139712
1342206240986959872
1342206218786500608
1342206137974841088
1342206121134731264
1342199282582040576
1342199268774440960
1342199214332383232
1342199134065987584
1342199115946582016
1342199064759332864
1342199031456526336
1342199018848448512
1342198969087221760
1342198938275876864
1342198754141679616
1342198704804143104
1342198658851336192
1342198576961757184
1342198516903518208
1342198462197202944
1342198454047617024
1342198331217477632
1342198313978888192
1342198296459300864
1342198235956436992
1342198088212033536
1342197289704681472
1342197045692608512
1342196970744639488
1342196879426248704
1342196837214801920
1342196735158996992
1342196580955418624
1342196549540061184
1342196530804125696
1342195025426468864
1342065786463150080
1341916924289159168
1341916898980732928
1341916796018958336
1341916746299691008
1341916707678519296
1341916496675614720
1341916426899226624
1341916344002994176
1341916291557445632
1341872628013944832
1341872480152109056
1341859836112363520
1341859708848762880
1341859666586988288
1341859625923194880
1341859495635542016
1341859399271366912
1341859344099454976
1341859278794219520
1341859250033872896
1341859105967894528
1341830302923157504
1341830287374823424
1341830262322282496
1341830172820054016
1341830106076082176
1341825761171402752
1341825548369219584
1341825381238714368
1341819336126771200
1341803039095730176
1341803010989510912
1341802979729530880
1341802942664482816
1341802813228244992
1341802770144387072
1341802701567475712
1341802671087468288
1341802466736783360
1341802426769223680
1341802386436796416
1341802328836481024
1341802311082012672
1341731422244139008
1341498731762475008
1341498638791532288
1341498571036606464
1341498537834655488
1341498268145115136
1341498226885742592
1341498191515152384
1341498109763997696
1341498079539851264
1341498008098234368
1341494878509948928
1341494763074236416
1341494703292866560
1341494642517405696
1341494569960136704
1341494408215195648
1341494307761639424
1341494278535720960
1341494240862494720
1341494208297897984
1341494188102328320
1341494085614448640
1341494029998039040
1341493996846276608
1341493932123951104
1341493722626871296
1341493710517907712
1341493606885044224
1341493495006191616
1341493439184187392
1341493372272427008
1341493319893966848
1341493089865773056
1341492905425465088
1341492670255034368
1341492645793853440
1341492535793999872
1341492392994680832
1341492359570350080
1341492030057422848
1341491807826395136
1341491549323096064
1341491515508580352
1341491426492899328
1341491272498999296
1341491150776090624
1341491084422221824
1341491002029317888
1341490913718259712
1341490807489085440
1341490514596663296
1341490177072611328
1341490144680001536
1341490078007345152
1341490050748526592
1341480058423152640
1341479920220983296
1341479738750210048
1341479672392146944
1341479645733109760
1341479591479808000
1341479552489582592
1341479187195043840
1341479129812766720
1341478778074238976
1341478749842366464
1341476116675108864
1341355025931616512
1341354929462648832
1341143779328335872
1341143735552380928
1341143719924408320
1341143664257609728
1341143624222978048
1341143584582594560
1341143522766950400
1341143451149152512
1341143375555284992
1341143285549641728
1341143210069012480
1341143166238535680
1341143047090958336
1341143001993785088
1341142920284540928
1341142880518287360
1341142818497179648
1341142734724337664
1341142694027022336
1341142646736232448
1341142574929735680
1341142432315027712
1341142388132225024
1341142330083041280
1341142270209388288
1341142197098467328
1341142063203700736
1341141855875043328
1341141791140134912
1341141589389881088
1341141536516558848
1341141430841057280
1341141382199730176
1341141279250522112
1341141247747104768
1341141222052814848
1341141144055537664
1341141062845390848
1341140999272243200
1341140973783576576
1341140938077445888
1341140128371240960
1341140105189310464
1341140086268768512
1341140070712156160
1341127956362616832
1341127418917114112
1341127264377982976
1341127238771732480
1341127201568243712
1341127120236507136
1341127009200726016
1341126899406401536
1341126847111770112
1341126384941412352
1341126279895117824
1341126240053440512
1341126137393500160
1341100885825433600
1341100845203648512
1341058038153809920
1341057957337939968
1341057906792407040
1341057886802350080
1341057760499294208
1341057639309061888
1341057573395546112
1341057554781224960
1341057511860957184
1341057332189532160
1341057226522451968
1341057170167742464
1341057050722316288
1341057011027496960
1341056990710288384
1341056865883611136
1341056387531632640
1341056267889094912
1341056174003785728
1341056072031891712
1341055913059299328
1341055891349626880
1341055815462076416
1341055719928451072
1341055613539934208
1341055340985655296
1341055257946820608
1341049751333199872
1341049720995794944
1341049595183443968
1341049572899115008
1341049534592507904
1341049496453693440
1341049414232793088
1341049388232302592
1341049288068100096
1341048581021716480
1341048460850704384
1341048438096613376
1341048396677861376
1341048119740522496
1341048090841788416
1340848346655830016
1340848246663602176
1340848208155701248
1340848155060019200
1340846098349510912
1340845960814063616
1340845498555613184
1340843762755448832
1340843490318700288
1340838797530046464
1340798732212826112
1340798308894322688
1340797965221453824
1340797954182041600
1340764050804895488
1340763336821141504
1340530456433995776
1340436326924120064
1340427348315955200
1340427245249327104
1340424555731570688
1340424478141149184
1340424429667540992
1340424404606529536
1340424269562605568
1340424257478799360
1340423998178471936
1340423814862303232
1340423760365674496
1340423632347160576
1340423173788082176
1340422994049548288
1340422854752517888
1340422511608164352
1340422482516455424
1340422441055694848
1340422410428887040
1340422246440046592
1340422153909530624
1340422126654943232
1340422081809420288
1340422061945139200
1340421883423051776
1340421265362960384
1340421036815298560
1340420996432605184
1340420874164445184
1340420861766082560
1340420769319432192
1340420708690702336
1340420556932472832
1340403652108890112
1340403578842824704
1340403443245191168
1340403405328707584
1340403342028226560
1340379395559739392
1340375168305274880
1340375070330503168
1340375011664785408
1340374963811971072
1340374807909703680
1340374785193353216
1340309256176857088
1340272883101265920
1340272779346800640
1340272637126307840
1340272572009725952
1340272535561187328
1340272445039718400
1340272415100841984
1340272393076531200
1340239382188584960
1340051265502535680
1340051136448000000
1340051103631728640
1340036898870452224
1340036831572836352
1340036794952331264
1340036350486179840
1340036217958764288
1340036173062934528
1340015871578812416
1340015849663557632
1340015813047271424
1340015748631162880
1340015727122767872
1340015708873306112
1340015582666747904
1340015545303900160
1340015534813884416
1340015499829252096
1340015475443576832
1340015458515337216
1340015439259312128
1340015418619154432
1340015156676489216
1340014735098597376
1340014681361174528
1340014636423364608
1340014470471544832
1340014360387850240
1340014262811504640
1340014225389989888
1340014133991907328
1340014088924131328
1340014049199861760
1340013878080655360
1340013744592744448
1340013679773949952
1340013629492629504
1340013528753860608
1340013411225231360
1340013347501187072
1340013278223884288
1340013180492394496
1340013110065836032
1340013037835739136
1340012836018384896
1340012790648549376
1340012574289616896
1340012324288118784
1340011890009903104
1340009805579214848
1340009768149237760
1340009615560495104
1340009489383211008
1340009248009445376
1340009193173082112
1340009049551679488
1340008923269636096
1340008845482094592
1340008781565091840
1340008652237905920
1340008579676421888
1340008570058883072
1340008556054130688
1340008542099693568
1340008524911415296
1340008513138020352
1340008495706484736
1340008485493354496
1340008469710168064
1340008460528836608
1340008400747438080
1340008349627260928
1340008295365554176
1340008170568167424
1340008117359304704
1340008076867461120
1340008029094350848
1340007942318383104
1340007214313050112
1340007147338395648
1340007069911572480
1340005616211910912
1340005497269792768
1340005476680011776
1340005450708881408
1340005417661976576
1340005389958598912
1340005233519374336
1340005057501274112
1340004870766661632
1340001543425302528
1340001484222717952
1340001262436298752
1340001124032647168
1340000980440670208
1340000875981451264
1340000785644597248
1340000492672475136
1340000374531485696
1340000276183457792
1340000190800015360
1340000082402422784
1340000014848962560
1339999888508121088
1339999672124006400
1339999535406469120
1339999379017650176
1339999326806962176
1339999204941443072
1339999132598099968
1339998808495837184
1339998796625960960
1339997899908898816
1339990655012101888
1339990439433256960
1339990282796937216
1339988520967016448
1339987708035403776
1339953687414923264
1339953591780564992
1339953515159031808
1339953410389532672
1339953392848941056
1339953372338774016
1339953336397819904
1339844097121644288
1339669710628155392
1339669677614768128
1339669549185200128
1339669516964524032
1339669323430948864
1339669285250199552
1339669217004707840
1339492165236485888
1339492120772665088
1339492099390132224
1339491911002931200
1339491713824546816
1339348005418315776
1339310869155631104
1339310844434407424
1339310802294214912
1339310709646258176
1339310663756378112
1339310454020116480
1339310387196518400
1339310006949318912
1339309982291005440
1339309864489791488
1339309797762592768
1339309760303292416
1339309740178989056
1339309715067711488
1339213775761793024
1339213608866246912
1339213579258654720
1339213522933338112
1339213502704209920
1339213353412141056
1339213156422471680
1339213128605773824
1339212883713019904
1339212836866838528
1339212807741575168
1339212758341050368
1339212373299761152
1339212329385332736
1339212178398777088
1339062508162871296
1339062471626280960
1339062433688727552
1339062372166725632
1339062299492044800
1339062252977201152
1339062176347197440
1339062109527793664
1339062067882549248
1339062028124688384
1339061866069364736
1339061803096141824
1339061748662460416
1339061590809850112
1339061499902500864
1339002794569834496
1339002763330662400
1338999764642377728
1338999745348587520
1338999511067275264
1338999482403479552
1338998817857925120
1338998731375599616
1338979472612143104
1338959544454684672
1338959460350484480
1338959433028800512
1338959379454959616
1338959189947932672
1338958143452303360
1338956371413315584
1338956291860025088
1338798272882888704
1338593047546908672
1338593036301983488
1338592985102102528
1338592948645208064
1338592903132798976
1338581878840958976
1338581866014781440
1338581830593818624
1338581811857854464
1338581738717646848
1338581722406023168
1338581653367775232
1338581632157102080
1338581554893905920
1338581532345311232
1338581464548593664
1338581385787871232
1338581298777088000
1338581229793316864
1338581213854961664
1338581171396075520
1338581154644037632
1338581084255244288
1338581014298435584
1338580994312577024
1338580936485711872
1338580923948929024
1338580890822316032
1338580826037100288
1338580782042976512
1338580711448711168
1338580690892414976
1338580620394557440
1338580593823584512
1338580543278108672
1338580499607019520
1338580425518833664
1338580405855903488
1338580367486439424
1338580336054312960
1338580297500291072
1338580283700940800
1338580234719944704
1338580209403113472
1338580169406222336
1338580128201314304
1338580115006099712
1338580087252377600
1338580073985822720
1338580048551534592
1338580019275292672
1338580004964331520
1338579982214438912
1338579966972342272
1338579915541765888
1338579888027131904
1338579868171313152
1338579838265864192
1338579821534867712
1338579752823746560
1338579732208685056
1338579694430654464
1338579637048385536
1338579618077544448
1338579571931746304
1338579556610011136
1338579516915146752
1338579501400395776
1338579467321683968
1338579453421740032
1338579391115358208
1338579346349576192
1338579308965720064
1338579264967413760
1338579243652050944
1338579203726450688
1338579189314826240
1338579141063561216
1338579125104234496
1338579069936472064
1338576861622833152
1338576789489246208
1338576773139877888
1338576741586104320
1338576724821479424
1338576609264209920
1338576509477527552
1338576467559669760
1338576402837331968
1338576302799024128
1338576285333909504
1338576273078104064
1338576205851856896
1338576193986174976
1338576120908816384
1338576064948396032
1338575910325379072
1338575893657247488
1338575856332058624
1338575838619504640
1338575791639187712
1338575721153835008
1338575674701975552
1338575573816397824
1338575525657403392
1338575509538689024
1338575465129398272
1338575415011635200
1338575402114093056
1338575320195141632
1338575249437302784
1338575164452327424
1338575131308863488
1338575048374951936
1338574850558996480
1338574805491200000
1338574750935896064
1338574750243840000
1338574699442352128
1338574680882601984
1338574652512284672
1338574635550584832
1338574587538313216
1338574571121876992
1338574513760559104
1338574499076255488
1338574415081197568
1338574262664372224
1338574208683683840
1338574188794277888
1338574115301695488
1338574071316017152
1338574048129937408
1338573979217502208
1338573959604875264
1338573916504199168
1338573885160165376
1338573850561425408
1338573837139668992
1338573791161700352
1338573351888056320
1338573334695604224
1338573298913959936
1338573283004993536
1338573248670339072
1338573231687667712
1338573204315631616
1338573128210001920
1338573081443524608
1338573052431507712
1338573027978698752
1338573002124963840
1338572954247065600
1338572888992083968
1338572854686846976
1338572837272084480
1338572803327586304
1338572774378450944
1338572746788397056
1338572722998276096
1338572696406405120
1338572672838545408
1338572642807406592
1338572613313064960
1338572570581471232
1338572551652519936
1338572350313406464
1338572164044304384
1338572075011874816
1338572054220640512
1338571911010410496
1338571895420182528
1338571867708399616
1338571859323981824
1338571542222020608
1338571228257382400
1338571120644153088
1338570963827519488
1338570775662563328
1338570661430775808
1338570571555201024
1338570041747529728
1338569978119938048
1338569800143036416
1338569467970916352
1338568627440799488
1338568514068680704
1338568443050795008
1338568334376316928
1338568220157087488
1338568107149955072
1338567866136862720
1338567650767753216
1338567495058329600
1338567456915415040
1338567357615239168
1338567326216630272
1338567236307587072
1338567215499579392
1338567083530006528
1338567032569257984
1338566973203091712
1338566858216267776
1338566675969531904
1338566627915390976
1338566412206485504
1338566255582834688
1338566242559471616
1338565581587550208
1338565338145943552
1338565270688976896
1338565004157739008
1338495504049725440
1338395383605637120
1338284939947749376
1338284815884427264
1338277197669408768
1338277166317006848
1338277086285471488
1338277054572322816
1338276897860542464
1338276841484849152
1338276809809518592
1338276777295306752
1338276762606837760
1338276513913987072
1338276465515913216
1338276332812316672
1338276238524358912
1338276039718543360
1338276003181981696
1338275882084028416
1338275826144567296
1338275798143397888
1338275633806401536
1338274472038699008
1338274340597616640
1338274091325906944
1338234284566573056
1338202939945521152
1338199740312416512
1338199674776383488
1338199617075367936
1338199451584913408
1338199397574828032
1338199378041901056
1338199343497670912
1338199194469806080
1338197533806497792
1338197283733725184
1338197168100790272
1338155705254227968
1338155444800544768
1338155420704268288
1338155395605524480
1338155363774894080
1338155266513244160
1338155219679580160
1338155146262548480
1338155036019396608
1338099293220114432
1338039348726468608
1337508254658801664
1337508226955431936
1337508190725021696
1337508170672074752
1337508041227427840
1337507963980943360
1337507869483290624
1337507700461219840
1337507659864563712
1337507613681065984
1337507568126750720
1337507517417615360
1337507417060470784
1337507223145164800
1337485072203739136
1337180477065732096
1337067540166701056
1337067315154866176
1336814778447237120
1336754890085978112
1336754209413324800
1336753639306752000
1336753613864116224
1336753579181428736
1336753540572844032
1336753336045932288
1336752759350190080
1336752534912905216
1336752324786728960
1336752122038280192
1336752032091414528
1336751970779066368
1336751730176962560
1336751629647958016
1336751307118546944
1336751059797225472
1336750873540694016
1336750787645599488
1336750702794858496
1336750607055589376
1336750505679314944
1336750446367662080
1336747805352861696
1336747710729367552
1336747401395269632
1336747284550328320
1336745292398534912
1336745278574047232
1336745260777697280
1336745247909539840
1336745227281903616
1336745195933736960
1336745178929958912
1336745135154016512
1336745122407591936
1336745102644039680
1336745085657100288
1336745070507286528
1336744876227121152
1336744661008912384
1336744499846975488
1336744233068277760
1336744141972267008
1336744124867895296
1336744102529003520
1336744073995186176
1336743486264127488
1336743416156327936
1336743347138904064
1336743319297269760
1336743276582473728
1336743260501520384
1336743182890045440
1336743166112837632
1336743128062156800
1336743078233825280
1336742813137072128
1336742401981943808
1336741794139287552
1336741778372894720
1336741763827064832
1336741734651473920
1336741681518047232
1336741665361563648
1336741636131475712
1336741623171047424
1336741610634301440
1336741518586093568
1336741494271709184
1336741443008950272
1336741425975861248
1336741400755511296
1336741370657169408
1336741344803426304
1336741290780880896
1336741275115147264
1336741150921732096
1336741085750685696
1336741046517166080
1336740976044482560
1336740928636252160
1336740908713340928
1336740887091666944
1336740869450371072
1336740850567700480
1336740827008299008
1336740802119274496
1336740784368922624
1336740753410830336
1336740726533709824
1336740449411878912
1336740442449342464
1336740426431205376
1336740358110187520
1336740292213534720
1336740262828236800
1336740242083213312
1336740226560126976
1336740189495042048
1336740173082746880
1336740128014954496
1336740102442201088
1336740084658352128
1336740035966722048
1336740011824336896
1336739988713648128
1336739920174571520
1336739856152727552
1336739809616859136
1336739757276147712
1336739727114907648
1336739698098786304
1336739683087298560
1336739663336382464
1336739645162446848
1336739631795200000
1336739611809345536
1336739595371896832
1336734932723523584
1336734916982267904
1336734864289181696
1336734798497320960
1336734776334688512
1336734737298300928
1336734654926360576
1336734600333307904
1336734577352650752
1336732603576094720
1336732581258289152
1336732521183252480
1336732478401343488
1336732400261484288
1336732208590168064
1336732045473685504
1336731968164261888
1336731930663018496
1336731902347251712
1336731865445752832
1336731817479692288
1336731730946953216
1336731701754597376
1336731652773568512
1336731628207476736
1336712156499374080
1336706032941346816
1336705513153761280
1336705446653145088
1336705403732844288
1336705211876970496
1336705182978236416
1336705081778053120
1336633542361698304
1336457028903051264
1336456985152266240
1336456851228160000
1336456776313659392
1336456758395539712
1336456506649284608
1336456491319037952
1336443511294615552
1336443406957088768
1336412926731808768
1336412911204524032
1336412872478515200
1336412858876387328
1336412834163470336
1336412812747427840
1336412791822020608
1336412754404663296
1336412723740090368
1336412700453302272
1336412680043831296
1336412652483080192
1336412628332195840
1336412606832185088
1336412565912612864
1336412537827569664
1336412517011255296
1336412381547810816
1336412218058027008
1336412199976394752
1336412181936676864
1336412161464295424
1336412142040444928
1336412114643194112
1336412069839695872
1336412045286182912
1336412019973627904
1336411998809165824
1336411975966994432
1336411945084268288
1336411899093725184
1336411874443857920
1336411861282123776
1336411830076534784
1336411805799903232
1336411772727799808
1336411752704192512
1336411722366783488
1336411627516784640
1336411069359792128
1336410678094163968
1336410262245609472
1336409833558446080
1336409581854003200
1336406897512112128
1336406787449303040
1336406614954418176
1336406399690158080
1336405761694502912
1336405760927031296
1336405723866157056
1336405718279348224
1336405675057016832
1336405662151139328
1336405621931962368
1336405599807016960
1336405579082969088
1336405557788487680
1336405509927301120
1336405497667342336
1336405446110932992
1336405412204191488
1336404494301736960
1336404146866544640
1336403882919030784
1336403858319437824
1336403830276284416
1336403777235116032
1336403738106474496
1336403705667735552
1336403619134967808
1336403565108207616
1336403541263593472
1336403507130273792
1336403459512397824
1336403421281349632
1336403378944045056
1336403351660072960
1336403315970744320
1336403289676664832
1336403095555874816
1336403023464173568
1336402989922258944
1336402971698094080
1336402948058968064
1336402921957810176
1336402898381647872
1336402870527291392
1336402827644702720
1336402788226650112
1336402743800565760
1336402709109420032
1336402693791813632
1336402678243598336
1336402641333723136
1336402580231122944
1336402558592704512
1336402532533460992
1336402510895001600
1336402470860447488
1336402453693075712
1336402436202917888
1336402410323980288
1336402389805510912
1336402368901099520
1336402344003694592
1336402328526725120
1336402307341279232
1336402286852050944
1336402267566714880
1336402186545336320
1336402135077040128
1336402083403210752
1336402050771456000
1336402027472097280
1336401975446016000
1336401938406060032
1336401913252900864
1336401896098181120
1336401871519493888
1336401853630836736
1336401828083343360
1336401811767513088
1336401788119998464
1336401762220183552
1336401727822700288
1336401709896228864
1336401685934116864
1336401661095518208
1336401634629455872
1336401602886897664
1336401569244471296
1336401548847484928
1336401457894002688
1336401437908209664
1336401411920326912
1336400706375454720
1336400605724758016
1336400575718678528
1336400511159971840
1336400472324837376
1336400453735690240
1336400404012282112
1336400380863844352
1336400362849308672
1336400342729318400
1336400305555202048
1336400288148762624
1336400259250081792
1336400242175062016
1336400160352506112
1336400125002985472
1336400105826562048
1336400088760004608
1336400073262034944
1336400040017924096
1336399932102676480
1336399887320178688
1336399872522670080
1336399818583846912
1336399790024876032
1336399765215567872
1336399749256196096
1336399714921701376
1336399693501362176
1336399637276745728
1336399617320243200
1336399507895045888
1336399491822481408
1336399464387538944
1336399379297603584
1336399352395427840
1336399315829465088
1336399298863501312
1336399232346034176
1336399170077413376
1336399149185576960
1336399131510792192
1336399097612341248
1336399083456573440
1336398993820151808
1336398978598973440
1336398961767292928
1336398949331120128
1336398892221353984
1336398874211180288
1336398860206411776
1336398805902766080
1336398773984120832
1336398726768828416
1336398710138417152
1336398674344243200
1336398657097248768
1336398642282983424
1336398627275759616
1336398557901885440
1336398543305715712
1336398525685501952
1336398506513281024
1336398478805782528
1336398445087698944
1336398429833007104
1336398398556155904
1336398385394437888
1336398368315224064
1336398212010299392
1336398194029317888
1336397696177934336
1336396791261130752
1336396759711493888
1336396716996702208
1336396698520858624
1336396683324895232
1336396666065326080
1336385410390515712
1336385389880336384
1336385124276039680
1336384824756547584
1336384401102548992
1336384307695378432
1336384129693343488
1336384105286688768
1336384076362768384
1336384034117652480
1336383922234646528
1336383905641996288
1336383887354851328
1336383864957251584
1336383654700920832
1336383585130000384
1336383566939377664
1336383546068504576
1336383491521589248
1336383044861759488
1336382994731429888
1336382977027284992
1336382824769859584
1336382804586852352
1336382776396943360
1336382756008439808
1336382712031158272
1336382708625371136
1336382704988860416
1336382704661765888
1336382704514985984
1336382590077558784
1336382566207795200
1336382535748759552
1336382484955734016
1336382314033639424
1336382295138250752
1336382175097344000
1336382157019865088
1336382129828212736
1336382102644940800
1336381905466482688
1336381883924566016
1336381827003584512
1336381791033307136
1336381777376661504
1336381765812891648
1336381664474390528
1336381643867774976
1336381595847184384
1336381538171310080
1336381519666016512
1336381503719288832
1336381479870484480
1336381465857232896
1336381444109840384
1336381390292738048
1336381372617908224
1336381349020782592
1336381332117708800
1336381317261496320
1336381081889726464
1336380651872931840
1336380166667431936
1336284200627023872
1336284074965602304
1336283817653526528
1336283795406860288
1336283514199830528
1336024694831669248
1336012322565988352
1335982841616883712
1335721265810857984
1335721146961059840
1335682450744336384
1335617672831229952
1335585585638092800
1335585526460641280
1335585494990729216
1335585458198372352
1335584698853154816
1335584672433233920
1335584634604752896
1335584616271458304
1335232125403074560
1335231934239268864
1335231814181527552
1335231727472611328
1334905167129554944
1334877833429135360
1334868990980714496
1334868911876136960
1334868443380785152
1334868419980779520
1334602328587034624
1334524722231513088
1334524638764937216
1334524536411320320
1334507252879912960
1334499121592479488
1334489980475994112
1334489959529656320
1334489931415244800
1333606829469872128
1333471645319786496
1333304116517466112
1333140413700562944
1333027709602189312
1332747459945226240
1332747265644113920
1332747234069377024
1332747185637756928
1332735546100158464
1332537931475587072
1332407985344311296
1332407888703315968
1332407872127447040
1332407848177905664
1332407830096261120
1332407811955888128
1332407793853353984
1332407777575251968
1332407730846490624
1332407628165750784
1332407598214242304
1332407570984816640
1332407539976327168
1332407516416921600
1332407502592466944
1332407483541954560
1332407450193039360
1332407431981395968
1332407409961295872
1332407388171890688
1332407373051392000
1332407120206188288
1332407103852597248
1332407082398703616
1332407069518028800
1332407048840089600
1332406976677114112
1332406958423498752
1332406788226953216
1332406749761048576
1332406708849799168
1332406686259294208
1332406602029273088
1332406579061284864
1332406561998843904
1332406547973017600
1332406508496228352
1332406494445367296
1332406450765885440
1332406419556081664
1332406401684082688
1332406388535021568
1332406374228242432
1332406337410641920
1332406322642481152
1332406309191372800
1332406275246862336
1332406260474540032
1332406246683586560
1332406169336492032
1332406148893434112
1332406122720980992
1332406085739831296
1332406070824853504
1332406042341363712
1332406027011174400
1332405989975396352
1332405975467307008
1332405960011288576
1332405923684421632
1332405908467544064
1332405892004900864
1332405859075420160
1332405845347487488
1332405821813248000
1332405804591427584
1332405765676670976
1332405746466770944
1332405733095333888
1332405710458671104
1332405697531813888
1332405660596760576
1332405626589171712
1332405591273332736
1332405560419954688
1332405541256179712
1332405509035536384
1332405477959995392
1332405463741329408
1332405432812515328
1332405407994753024
1332405394849886208
1332405375413399552
1332405362067189760
1332405337945763840
1332405296136904704
1332405210627665920
1332405193510694912
1332405139202830336
1332405096634867712
1332405026262835200
1332404978506457088
1332404957354610688
1332404939147063296
1332404741599584512
1332404632434434048
1332404605200850944
1332404579728838912
1332404493170974720
1332404452523958272
1332404429094608896
1332404400409751552
1332404316544655360
1332404248232022016
1332404244574576640
1332404133421326336
1332404109979291648
1332404062843785216
1332404034028888064
1332403981583347712
1332403941766811648
1332403911135797248
1332403891351203840
1332403864641921024
1332403841732636672
1332403801706344448
1332403777488490496
1332398354060505088
1332398333139234816
1332398276553940992
1332398216340525056
1332398202058911488
1332398192323948288
1332398102314151936
1332397973746151424
1332397937859702784
1332252115675344896
1332021623139020800
1331919621612507136
1331691843608850432
1331498463524216832
1331498384482594816
1331498282904850432
1331297399474712576
1331282062528155648
1331281670973042688
1331162126740828160
1331161977465556992
1331161864743636992
1331161839531663360
1331161682698252288
1331161617279676416
1331161555627614208
1331161107361390592
1331161005485862912
1331160961273778176
1331090045701328896
1331089920107159552
1331089854067826688
1331089817539649536
1330899875173642240
1330899805816696832
1330899780042625024
1330899253724667904
1330898065100840960
1330898052085854208
1330898033702301696
1330898003075493888
1330897983202877440
1330897966094315520
1330897947454791680
1330897923220131840
1330897882828902400
1330897862398447616
1330897796875087872
1330897756257460224
1330897734593900288
1330897651026579712
1330897483342508032
1330897435665817600
1330897422265049088
1330897336806100992
1330897308913971200
1330897231914921984
1330897192933085184
1330897133185150976
1330897087664447488
1330897030563192832
1330896985113718784
1330896930021453824
1330896917048528896
1330896879878549504
1330896856684122112
1330896807644311552
1330896771653001216
1330896754930311168
1330896734365618176
1330896682431688704
1330896561195413504
1330896544678227968
1330896433990529024
1330896414784753664
1330896351593459712
1330896331976699904
1330896310367612928
1330896291795251200
1330896273428328448
1330896237705519104
1330896220160724992
1330896205845499904
1330896181376000000
1330896163571191808
1330896133170868224
1330896115370237952
1330896100887236608
1330896065067962368
1330896030875967488
1330896009376002048
1330895046363770880
1330894994647998464
1330894978546081792
1330894961840152576
1330894942189850624
1330894922799570944
1330894908656332800
1330894886632087552
1330894870769242112
1330894857318109184
1330894843938299904
1330894815777730560
1330894801814884352
1330894789462593536
1330894739068112896
1330894711213666304
1330894697649336320
1330894671711711232
1330894654406090752
1330894638035689472
1330894624970469376
1330894609640280064
1330894593194422272
1330894579655200768
1330894562588581888
1330894545609953280
1330894528262365184
1330894445873684480
1330894429553647616
1330894395323912192
1330894357369655296
1330894344115597312
1330894323488083968
1330894306471710720
1330894288163627008
1330894268773306368
1330894234849775616
1330894200104230912
1330894175110311936
1330894122765389824
1330894045925826560
1330893995275382784
1330893974970785792
1330893921078087680
1330893708351434752
1330893689380503552
1330893665380790272
1330893584170684416
1330893556068855808
1330893542999400448
1330893514436173824
1330893502067118080
1330893488884420608
1330893473839452160
1330893432940879872
1330893420555013888
1330893404990005248
1330893390800687104
1330893369749467136
1330893353286856704
1330893336866140160
1330893323956084736
1330893295363518464
1330893282059182080
1330893263520342016
1330893147187056640
1330893108490461184
1330892826050224128
1330892787760451584
1330892772002451712
1330892753954369536
1330892489864192000
1330892466770366464
1330892398701010944
1330892314101895168
1330892292861911040
1330892273953988608
1330892206111150080
1330891951730798592
1330891833292058624
1330891763968585728
1330891711711744000
1330891697396609024
1330891668875321088
1330891640739946496
1330891617130188800
1330891601263157248
1330891511333089280
1330891490449629184
1330891436976431104
1330891423135174912
1330891400020430848
1330891388033114112
1330891375848644608
1330891337609211904
1330891324673941504
1330891299235442688
1330891284991668224
1330891271674748928
1330891246932537088
1330891233049374720
1330891206335803392
1330891187918663680
1330891133858295808
1330891111787884288
1330891095174164480
1330891071434469376
1330890988634693632
1330890972696342528
1330890857080377088
1330890821269401600
1330890798607589376
1330890764663070720
1330890746883432448
1330890680105889792
1330890659637710848
1330890636959027200
1330890280439050240
1330890253960442112
1330890135274184704
1330890043532185600
1330889932446031872
1330889909201227776
1330889891065044992
1330889807887732736
1330889769052762112
1330889748525805568
1330889729844400128
1330889709518790912
1330889685699322112
1330889668716617728
1330889645261983488
1330889630066094080
1330889584260108288
1330889565528322048
1330889411282735104
1330889394627227648
1330889377862594560
1330889318752247808
1330888495989133312
1330888470676566016
1330888453677002752
1330888406365245440
1330888379827884032
1330886287679758336
1330886210819137536
1330886118250844160
1330886039125233664
1330885895713660928
1330885692382195712
1330885408826269696
1330885311765868288
1330885109805944832
1330884675406077952
1330884618489376768
1330884532325806080
1330884482484867072
1330884320005935104
1330884247637413888
1330884171372371968
1330884084537708288
1330883969315987712
1330883912206340096
1330883779066552320
1330883659289780224
1330883602041724928
1330883449285193728
1330883234134183936
1330883139611340800
1330883091787878400
1330883025958281216
1330882914607894528
1330882843111788288
1330882753588584448
1330882681945661440
1330882503712927488
1330882317980758016
1330882091601498112
1330882016074731520
1330881971883548672
1330881817298280448
1330881671898468352
1330881576444506112
1330881514213695488
1330881407120453632
1330881131210825728
1330881040160862208
1330880890801623040
1330880721196634112
1330880627248406528
1330704805602471936
1330701542371041280
1330436675357519872
1330273604114804736
1330273576411336704
1330273455166676992
1330269268857020416
1330263085437886464
1330262957536768000
1330262875928195072
1330262151102144512
1330262101881982976
1330261835711459328
1330261790362640384
1330261764446052352
1330261715490119680
1330261599962198016
1330252524499169280
1330224691244642304
1330224218873716736
1330224172019179520
1330211706618961920
1330201957156458496
1330201664201121792
1330201621129797632
1330201581535555584
1330201520713978112
1329913159268913152
1329913011356708864
1329912834784980992
1329912580698206208
1329779847028203520
1329708911839096832
1329477732271534080
1329477707726528512
1329477687245746176
1329477644480606208
1329453400782725120
1329406415837007872
1329406387915534336
1329406365543112704
1329271655785521152
1329271575649148928
1329162092465754112
1329160512979013632
1329160454472671232
1329160354694377472
1329160279461072896
1329159958869516288
1329159832423829504
1328985413462224896
1328982059457589248
1328981994861174784
1328981881099083776
1328981791412252672
1328940013694947328
1328939964588060672
1328939790453137408
1328771319979184128
1328771294532411392
1328771242070040576
1328770940147208192
1328770823734382592
1328756431147982848
1328756341641502720
1328631987335290880
1328631889310191616
1328613419172425728
1328593583901957888
1328593479065362432
1328593426955329536
1328593349268430848
1328593224575963136
1328593131026194432
1328530866868547584
1328530831627972608
1328261383226593280
1328261330458075136
1328261307146133504
1328261269380542464
1328261132734361600
1328261105026801664
1328261052094697472
1328261023544053760
1328260913833586688
1328260820602675200
1328260778152038400
1328260758132633600
1328063907810914304
1328063892094939136
1328063838206517248
1328063825871073280
1328063802085085184
1328063788751478784
1328063758892195840
1328063747022270464
1328063700956221440
1328063687383535616
1328063667661836288
1328063649626329088
1328063630353571840
1328063617330274304
1328063580705583104
1328063539202895872
1328063519091286016
1328063500187537408
1328063476317773824
1328063444583583488
1328063413113806848
1328063367819517952
1328063334835515392
1328063314761551872
1328063296306556928
1328063209673252864
1328063175003168768
1328063150118285312
1328063123790684160
1328063110863794176
1328063083613445888
1328063039145467904
1328063020317151232
1328063006471761920
1328062975505260288
1328062954210816000
1328062876062543872
1328057765248569088
1328057737360662528
1328057709221060608
1328057588118904832
1328057528157089792
1328057497475829760
1328057481222873088
1328057448394055680
1328057416022372352
1328057378701455360
1328057362641547264
1328057345562259712
1328057333113556992
1328057283708936192
1328057233045934080
1328057209041903616
1328057196240920576
1328057169539964928
1328057150476791808
1328057065873530880
1328057000954130432
1328056950655946752
1328056932964442112
1328056920389857280
1328056889343696896
1328056876936859648
1328056849711697920
1328056829029588992
1328056806585872384
1328056750222798848
1328056716165083136
1328056682321154048
1328056664482848768
1328056553342119936
1328056493057449984
1328056443916914688
1328056427513082112
1328056392767291392
1328056380503318528
1328056352128831488
1328056336492474368
1328056284931895296
1328056253944373248
1328056232725409792
1328056207857364992
1328056193227558912
1328056180359442432
1328056167143251968
1328056138563268608
1328056126248726528
1328056111593906176
1328056087761793024
1328056068262518784
1328056010427215872
1328055995218718720
1328055951417610240
1328055938289442816
1328055925761077248
1328055911068348416
1328055884853993472
1328055871558049792
1328055857750347776
1328055829392666624
1328055814276386816
1328055795230105600
1328055755497496576
1328055724925136896
1328055711109160960
1328055638941954048
1328055611884515328
1328051700956098560
1328051683679727616
1328051550749650944
1328051481539448832
1328051459234082816
1328051442284945408
1328051387255623680
1328051373137686528
1328051356335267840
1328051309606526976
1328051293630455808
1328051281068503040
1328051251993604096
1328051237690994688
1328051222536982528
1328051189594918912
1328051174801625088
1328051157772722176
1328051021638201088
1328050998779260928
1328050983650406400
1328050957150720000
1328050929623592960
1328050904357068800
1328050885436600320
1328050861650685952
1328050836325404672
1328050797888868352
1328050766108651520
1328050748278665216
1328050700283211776
1328050660122701824
1328050633480540160
1328050610353156096
1328050594783891712
1328050567390892032
1328050546889154560
1328050529763733504
1328050459949625088
1328050419109650432
1328050399090266112
1328050334300852224
1328050307478261760
1328050289388236800
1328050261550641152
1328050245230604288
1328050228260462592
1328050206466838528
1328050188703895552
1328050152184176640
1328050132433121280
1328050107401560064
1328050086329323520
1328050067211771904
1328050014346760192
1328049972630183936
1328049952749199360
1328049925578514432
1328049881617928192
1328049862760390912
1328049821744328704
1328049779197308928
1328049734829953024
1328049709244674048
1328049681889456128
1328049630878326784
1328049612582752512
1328049587446312960
1328049566910976000
1328049542315577088
1328049523260854272
1328049504143118336
1328049479757549568
1328049458320445440
1328049359192256512
1328049339797803008
1328049291789824000
1328049270667288576
1328049251495145472
1328049230141927424
1328049172856139776
1328049154728267776
1328049110465835008
1328049096922443776
1328049069651079168
1328049055574974464
1328049041985429504
1328049026579750912
1328048998582726912
1328048985144233984
1328048964671840512
1328048939476594688
1328048893460963328
1328048878755647488
1328048854575550464
1328048831615864832
1328048812997406720
1328048790775984128
1328048772044251136
1328048759096430592
1328048263375753216
1328048246707679232
1328048222787473408
1328048204399714304
1328048140201680896
1328048126188457984
1328048051144024064
1328047994156036096
1328047969925533696
1328047952695349248
1328047934462627840
1328047843433733888
1328047725871566848
1328047699229356032
1328047667008729088
1328047646976651264
1328047632007254016
1328047602034757632
1328047581973401600
1328047554446188288
1328047530219892736
1328047515330076672
1328047478621540352
1328047463928918016
1328047445939531776
1328047353597734912
1328047332357791488
1328047241265811712
1328047219283546112
1328047203445854208
1328047184072355840
1328047157996367872
1328047137842733056
1328047098642788352
1328047078417829888
1328047043458309888
1328047020158951424
1328046994611433472
1328046978522099712
1328046956174864384
1328046935597600768
1328046857029882112
1328046819767689216
1328046805788004352
1328046785525321728
1328045155631341568
1328045136715145216
1328045113336094720
1328045094579081216
1328045070319300608
1328045031299624960
1328045017454305280
1328044970125766912
1328044950915834112
1328044928065212416
1328044911464157184
1328044892791115776
1328044862168510464
1328044832640675840
1328044814064119808
1328044789829398528
1328044763396907008
1328044742056284160
1328044688734117888
1328044672229519360
1328044655326466048
1327986325832814592
1327986237278392320
1327986225618296832
1327986116126003200
1327986081288122368
1327985878145372160
1327985848814624768
1327985764194463488
1327985687925317632
1327985669587791872
1327985651296432128
1327978314661826560
1327978207254114304
1327928202459746304
1327928053666811904
1327927975552176128
1327927550455246848
1327927505592983552
1327927424898781184
1327927265599090688
1327898522138636288
1327898497446776832
1327898429620690944
1327898307872645120
1327785564507090944
1327785541266513920
1327742868321079296
1327737484663468032
1327724230134419712
1327724132226756608
1327724068272009216
1327723969856892928
1327723921622396928
1327723862134566912
1327719342629416960
1327719273956077568
1327719191592521728
1327716474333638912
1327705749963878400
1327698771615109120
1327698735279841280
1327688399592022016
1327688335180115968
1327688297792073728
1327688260366331904
1327688200677175296
1327688141239685120
1327622371138699264
1327622328264630272
1327621851015680000
1327621733612982272
1327573108480487424
1327573065409163264
1327573048560594944
1327572997708935168
1327572962858373120
1327572916045803520
1327572817563541504
1327572741894103040
1327243597184442368
1327194813494681600
1327185523971141632
1327185399781974016
1327185306550939648
1327185191631265792
1327185167895629824
1327185143568740352
1345513714552860672
1345349496658685952
1345115822512087040
1344971790418911232
1344761468915474432
1344664539372150784
1344548874439024640
1344392364270432512
1344299208816402432
1344289618246705152
1344207998747553792
1344171247857504512
1343985926872182784
1343878736970735616
1343787348727889920
1343638882034790400
1343421025732743168
1343243598008090624
1343118482599247872
1342963334040215552
1342574821113257984
1342517437481308160
1342340142934208512
1342141975143870464
1341772327604920320
1341494790031106048
1341252701439586304
1341135771231764480
1341046689210245120
1340761493227384832
1340695023394967552
1340598378728714240
1340584245476114432
1340017325005803520
1339812294625247232
1339686547403235328
1339573180428656640
1339311832289447936
1339214480270651392
1338959075711836160
1338798203404161024
1338601544334323712
1338217128302956288
1338136655950176512
1337911253310779392
1337501451078299648
1337077429828022272
1336904800978526208
1336712409633927168
1336019336750886912
1336016008813961216
1335963342574391296
1335678273687326720
1335585431010889728
1335562803474800640
1335360041969455104
1335343116002484224
1335152112850923520
1334939726755860480
1334776155749179392
1334556042877931520
1334548438214709248
1334413681317318912
1334188098830409728
1333770601811628032
1333689942627803136
1333641986503536640
1333518838319763712
1333450317942435840
1333161825899261952
1333161499834126336
1333092018776666112
1333051708457553920
1333025170664136704
1333017903533322240
1333017415366701056
1332978825999900672
1332775063893008384
1332438316889874432
1332423706044293120
1332356287477256192
1332080796342112512
1331983399704285184
1331687752673488896
1331628432514551808
1331467416568803328
1331349968804831232
1331252667721666560
1330998079458320384
1330619867330916352
1330596999473868800
1330595194207694848
1330434040571236352
1330282619507003392
1329859450447011840
1329523699414949888
1329478490794627072
1329333420288335872
1329061398815657984
1328981362003632128
1328778750297837568
1328688363633844224
1328442209335730176
1328098914122264576
1327952998778146816
1327300717212798976
1327121053236293632
1326926200955138048
1326743922459234304
1326556506020515840
1326244081048154112
1326243979915108352
1325852391267295232
1325828435399335936
1325796725228007424
1325542829930799104
1325494236628836352
1325425052276428800
1325020885917593600
1324966971046326272
1324771661766381568
1324440969803108352
1324355669957464064
1324007908452061184
1323666129714294784
1323482369353986048
1323341459769200640
1323338279652122624
1322952859462307840
1322661551749431296
1322502343393509376
1321864393378988032
1321720952229634048
1321308903125192704
1321183251969593088
1321083748725723136
1320800572686085888
1320469832236761088
1320443684714938368
1320085293467357184
1319739979728326912
1319703325965750272
1319357500764917760
1318944191171407872
1318415804216594432
1318213886248628224
1318213595851902976
1317936210162176000
1317935970805833728
1317858958439256064
1317569388653019136
1317215585554583552
1316845184911585280
1316805621975601152
1316111936963203072
1315871035435122688
1315399082568015872
1315040580825645056
1314644770485137408
1314269452444278784
1313876326315626496
1313723923998138368
1313576110689574912
1313553298545402112
1313441629383073792
1313222478467080192
1312866456489652224
1312660170628050944
1312398108047876096
1312071910763778048
1311413716018245632
1311176406924222464
1311034073683501056
1310906111235682304
1310898179047645184
1310644969229750272
1310615937087873024
1310300934287896576
1310104643981250560
1309934314348597248
1309930348709584896
1309363812651368448
1309241355139534848
1309239212382867712
1309239031935496192
1309238028871913472
1309186941158674432
1309172799131586560
1308865292022538240
1308780402803380224
1308716269257064448
1308638025279209472
1308621258314133504
1308404523065638912
1308374293911347200
1308355631259230208
1308152938158853888
1308121355536216064
1308034314957918208
1308033242466000896
1307791052737253376
1307758724266815488
1307570362062958592
1307431788583755776
1307417301449408512
1307366631333597184
1307323662312316928
1307323577755201536
1307323300905975808
1307033144982491136
1307032700906340352
1307011617486503936
1306879810468278272
1306841400756101120
1306678190778257408
1306503567533109248
1306221139866329088
1305940352277372928
1305939950488170496
1305919661024870400
1305814794558202112
1305739047038484480
1305611606106275840
1305606955436781568
1305591990550134784
1305591500156305408
1305591336146477056
1305256401497927680
1304796993303310336
1304529281733853184
1304303266113687552
1304165881342128128
1303939316947849216
1303802200397885440
1303721834530119680
1303591874134003712
1303442595411038208
1303254604914872320
1303084910178111488
1302851553993293824
1302829941713784832
1302829720082546688
1302735695178534912
1302707830261252096
1302653249657462784
1302616488289939712
1302365530888822784
1302347214384226304
1302306226643050496
1302282749768859648
1301985958867480576
1301956956882702336
1301925220484346112
1301810244243402752
1301650355143487488
1301603714495643648
1301412395684900864
1301254853252067328
1300922013582798848
1300866059495518208
1300865925407793152
1300794682016960512
1300555540154781696
1300555341915189248
1300555281953415168
1300547441364807680
1300543278027243520
1300524848003911680
1300471644201287680
1300412673667018752
1300190901566922752
1300071092149682176
1299817348866674688
1299778443073159168
1299669475013341184
1299669169781309440
1299635992714973184
1299634888010797056
1299468666388578304
1299463899511693312
1299418860773355520
1299417463508086784
1299341289255833600
1299305333320491008
1299270556458651648
1299119439443525632
1299096987359482112
1299065050884378624
1299063208897060864
1299027746409111552
1299003913316728832
1298744212620538112
1298739808555200512
1298738609244246016
1298642526409240576
1298588919127330816
1298588565480394752
1298552033277087488
1298375729487454208
1298026380484136960
1297980343060959232
1297648073338949632
1297556510034350080
1297440433300295680
1297301943346507776
1296730086918492160
1296572338142687232
1296514556416667648
1296514251834761216
1296190234636549888
1296168367510949888
1296133284116795392
1296069804625985536
1296069560462905088
1295839125082439680
1295812024291807232
1295457905454587904
1295441797343318016
1295440508588830720
1295106533966192640
1295028300620992512
1294758282188460032
1294745233490612224
1294402422539002112
1294029651287965696
1294029242485833728
1293682818065797120
1293629750435553280
1293299465227575296
1292926254044393472
1292578579881046016
1292570820838141952
1292217193774698496
1291780754771509248
1291492922089668608
1291349617955741696
1291129582012301312
1291128627510288384
1291080348059738112
1291080295500910592
1291045602038624512
1290694974250659840
1290413477593481216
1290373496225386496
1290352792549326848
1290242170595578112
1290054486333902848
1290003855170707712
1289706775613018112
1289706629538226176
1289706118378164224
1289698341740109824
1289637109079269376
1289349276078751488
1289090137419390976
1288948197604368384
1288906032656322560
1288905441951482112
1288905070227205888
1288817545017991168
1288202839228121088
1288069584768180224
1288055867317911552
1287792401663352832
1287692111555563520
1287509492716929024
1287376359153704960
1286897257325920512
1286788438998634496
1286590501714644992
1286085220106674176
1286084901389959168
1286082605738336512
1286066848295985152
1285981087311769600
1285964892118417408
1285868705579241472
1285628856825782272
1285573199741231104
1285306429705015296
1285158011259031552
1284989279660380160
1284930590861668352
1284622915712028672
1284615199237054464
1284614125503623168
1284473191268843520
1284231677376684032
1284139185222356992
1283868580606599168
1283757654167478272
1283501082140987392
1283342690344722432
1282748065246519296
1282617661831237632
1282453466250608640
1282317591374069760
1282283050483818496
1282080686896222208
1282069023405027328
1281705776139182080
1281190989047226368
1281154406092865536
1280630819086884864
1280598670350659584
1280595418901090304
1280167196283584512
1280009011253972992
1279894340823928832
1279704702226137088
1279486982515757056
1279349945993236480
1278988278130257920
1278818600355274752
1278811084133142528
1278805649401483264
1278777906878017536
1278762330902401024
1278566961463668736
1278404543886360576
1278380379154546688
1278275257846071296
1277941178613334016
1277683233174499328
1277568963568951296
1277467572523487232
1277333372570828800
1277267411247476736
1276999953089548288
1276882765699518464
1276855294262415360
1276837640948592640
1276837399847469056
1276837362618826752
1276746534214926336
1276639725063941888
1276597454838935552
1276555987583893504
1276266579433590784
1276074326375219200
1275861075691528192
1275703325116305408
1275546499905093632
1275367631948853248
1275160209883873280
1275128521191559168
1275080818168193024
1274865762663051264
1274756665448030208
1274448208350060288
1274437697692741632
1274425242509811712
1274253549833199616
1274102372931944448
1274102206929735680
1274039588298817536
1274034784663212032
1273982923365023488
1273724948134146048
1273722948533223424
1273609680917598208
1273323805734305792
1273028299275501568
1272894367259414528
1272824783974158336
1272671541273268224
1272664938771873792
1272663548536205312
1272608025073922048
1272600179284246528
1272528960514142208
1272461904166912000
1272294134297038848
1272284967591165952
1272162948035772416
1272119969355124736
1272097431530938368
1272093371717357568
1272090163716505600
1271954852776738816
1271953854452637696
1271953779097731072
1271953271545004032
1271952767205203968
1271952390258917376
1271952205390712832
1271949163106795520
1271938323666386944
1271937820534464512
1271891026572193792
1271889188334510080
1271749975337316352
1271575021241143296
1271574645330903040
1271558079646228480
1271555427579428864
1271459033485058048
1271458732795404288
1271207595332849664
1271191874221596672
1271175089938104320
1271174758302920704
1271168924558770176
1271168858418806784
1271142562695450624
1271136117912489984
1271076067818852352
1271071609235922944
1271060152326782976
1271008569287196672
1270855780900749312
1270850409628827648
1270845877029085184
1270845735857242112
1270837328542662912
1270816108833116160
1270804197945028608
1270803814950584320
1270795742978936832
1270789397043195904
1270757229793329152
1270738406323245056
1270715301378658304
1270689444232925184
1270681288811347968
1270672062009544704
1270671482226708480
1270671425045696512
1270665925021351936
1270648358881853440
1270478977019363328
1270458310785933312
1270453838978449408
1270449613129093120
1270440050443128832
1270412774901010432
1270409305049751552
1270386798070575104
1270378989874487296
1270332610414366720
1270326525611696128
1270305812678877184
1270305423816642560
1270132764621377536
1270132429521653760
1270114015864381440
1270110146912542720
1270090807727525888
1270044697092853760
1270041268802945024
1270011064491692032
1269991178914709504
1269956410772803584
1269953034722988032
1269776799774519296
1269752872553648128
1269749131142205440
1269721999024230400
1269584218562138112
1269405933580488704
1269388726381264896
1269380670197030912
1269380596184342528
1269364637142786048
1269346961469124608
1269271376831164416
1269267741858582528
1269247875889987584
1269215894175191040
1269168767629746176
1269037566105456640
1269020522739834880
1269019838820868096
1269017889157320704
1269004502398652416
1268836257334951936
1268666777569038336
1268666738293514240
1268635018571714560
1268576654198288384
1268576229675974912
1268232691821969408
1268197819971665920
1268129917780267008
1268127444491436032
1267964053521141760
1267847401785696512
1267632010723500032
1267566128752189440
1267564682233155584
1267559892619059200
1267437208061042688
1267224118052651008
1267209886594629632
1267142890964299776
1267086744941465600
1289860603176038400
1289860563477180416
1288843579524288512
1288843518232977408
1288843497248886784
1288843432056717312
1288843420346265600
1288843391007154176
1288843379569242112
1288843369834319872
1288843359633768448
1288843346992037888
1288843294408155136
1288843280784990208
1288843267396820992
1288843158034567168
1288843146139443200
1288843101352624128
1288843086429331712
1288843054946889728
1288843049334968320
1288810102468869888
1288809919123279872
1288809909480497152
1288809898722103296
1288809886307016704
1288809875208839168
1288809866287632384
1288809852257677312
1288809837837647872
1288809826655571968
1288809813615554560
1288809801028444160
1288809788990725888
1288809779645775872
1288809765834022912
1288809753662181376
1288809742438223872
1288809730077597696
1288809713573015552
1288809703171121152
1288809692781858816
1288809682220572672
1288809593053818880
1288809471624581120
1288809450002948096
1288809421796257792
1288809410941288448
1288809400296263680
1288809389491662848
1288809379156893696
1288809368444698624
1288809343027236864
1288809332822487040
1288809321686589440
1288809311058132992
1288809300215898112
1288809290078314496
1288809277860261888
1288809266925776896
1288809243194294272
1288809232402456576
1288809214937370624
1288809202438332416
1288809191671570432
1288809180304945152
1288809169626083328
1288809158523985920
1288809147379716096
1288809135950254080
1288809124407521280
1288809113892290560
1288809102320205824
1288809091607994368
1288809081604628480
1288809069956993024
1288809059966124032
1288809049375612928
1288809038164172800
1288809027770748928
1288809017502990336
1288808994367328512
1288808979875889152
1288808960988938240
1288808950616469504
1288808939279261696
1288808897608736768
1288808879606902784
1288808829187170304
1288808818026131712
1288602377076039680
1288602281685012480
1288602249393057792
1288602237003018240
1288602225116418048
1288602214261547008
1288602202894934016
1288602189594800128
1288602178106593280
1288602167000141824
1288602155960676352
1288602127762436096
1288602114772684800
1288602102932148224
1288602091083173888
1288602078349266944
1288602066835968000
1288602055297380352
1288602038398525440
1288602017926131712
1288602003699048448
1288601996010889216
1288601813462253568
1288601800673828864
1288601778322374912
1288601748186304512
1288601735376797696
1288601725239263232
1288601713641959424
1288601698353778688
1288601683208142848
1288601588643303424
1288601577637511168
1288601566925250560
1288601557240602624
1288601545387454464
1288601533932658688
1288601522763436032
1288601511547883520
1288601501305393152
1288601490165243904
1288601478840700928
1288601468409450496
1288601455440670720
1288601443704897536
1288601432371924992
1288601420112048128
1288601406681821184
1288601387950120960
1288601365812477952
1288601353703567360
1288601342307700736
1288601331704397824
1288601320283414528
1288601300691750912
1288601263974866944
1288601253283532800
1288601241690558464
1288601220358299648
1288601203237150720
1288487281825853440
1288487256450367488
1288487209159532288
1288487195930656768
1288487184241242112
1288487173080186880
1288487163085180928
1288487150523121664
1288487138493968384
1288487126783459328
1288487115223957504
1288487106701144064
1288487092834664448
1288487081870852096
1288487070789492736
1288487062124011520
1288487037591597056
1288487020487204864
1288486934835351552
1288486876253491200
1288486865398636288
1288486853319053312
1288486841994350592
1288486828073508864
1288486816333651968
1288486804098821888
1288486792224747520
1288486781583872000
1288486761472065536
1288486730383994880
1288486719378132992
1288486710708514816
1288486698494631936
1288486679616147712
1288486668983557888
1288486657063346176
1288486647441522688
1288486628210749440
1288486594513690624
1288486592143859712
1288486553497612288
1288486487244394496
1288486455959052288
1288486388988555264
1288486363747299328
1288486342620585984
1288486330515759104
1288486318792675328
1288486308432814080
1288486298546843648
1288486287889125376
1288486277394894848
1288486256456933376
1288486245929291776
1288486235435139072
1288486224735482112
1288486214782406912
1288486203453509632
1288486193479454720
1288486182540709888
1288486173883731968
1288486141566627840
1288486129977745408
1288486119600947200
1288486108620361728
1288486087803965440
1288486077137911808
1288486045831639040
1288486033269587968
1288486012709212160
1288485992228425728
1288485980924780288
1288485970644553728
1288485960351649792
1288485950146916352
1288485939791245312
1288485849454256128
1288485835445342208
1288485823546101760
1288485813081309184
1288485801551171584
1288485789953863680
1288485756537839616
1288485694592159488
1288485683976380416
1288485672630865920
1288485649843191808
1288485638879301632
1288485613180801024
1288485599532523520
1288485582985928704
1288485580750434304
1288485580691701760
1288485549783896064
1288485531786117120
1288485521216372736
1288485505085169664
1288485494414872576
1288485481475448832
1288485470045982720
1288485454438899712
1288485439754702848
1288485438446075904
1288485436869025792
1288485436000817152
1288485434788651008
1288485432863465472
1288485432775380992
1288485432775368704
1288485431554834432
1288485430535626752
1288485430279774208
1288485427389890560
1288485426446172160
1288485424546160640
1288193086502449152
1288193076360511488
1288193054583803904
1288193002117255168
1288192944537837568
1288192932613365760
1288192920194109440
1288192908848504832
1288192898580779008
1288192888308981760
1288192878309781504
1288192868616740864
1288192850233040896
1288192839197786112
1288192828758282240
1288192808810164224
1288192798299230208
1288192787524059136
1288192766695165952
1288192756024836096
1288192745723645952
1288192733602086912
1288192703344378112
1288192693563084800
1288192685082382336
1288192674319802368
1288192663779454976
1288131428950081536
1288131144274325504
1288131133562064896
1288131123214798848
1288131109646213120
1288131098963333120
1288131078348210176
1288131068642693120
1288131058538549248
1288131036145168384
1288131018357080064
1288130994667757568
1288130983477338112
1288130974300213248
1288130953924272128
1288130944252116992
1288130934085124096
1288130924069167104
1288130914522980352
1288130904364331008
1288130884122574848
1288130770079485952
1288130759715442688
1288130738391592960
1288130726492282880
1288130715197087488
1288130669986680832
1288130659303723008
1288130648415383552
1288130629503258624
1288130622398046208
1288130362967826432
1288130356214996992
1288042222177443840
1288042211452628992
1288042200442572800
1288042190812459008
1288042181018767360
1288042169379491840
1288042156599500800
1288042146046582784
1288042101071056896
1288042082347737088
1288042069643145216
1288042060260442112
1288042047417602048
1288042037833543680
1288042026840338432
1288041792898768896
1288041779254759424
1288041732282691584
1288041716143054848
1288041701840506880
1288041668940312576
1288041634358321152
1288041623293763584
1288041616201199616
1288041605191147520
1288041593199624192
1288041578477559808
1288041567161393152
1288041556700733440
1288041550090469376
1288041519841189888
1288041493672927232
1288041474660208640
1288041474291113984
1288041472646930432
1288041472625967104
1288041472298749952
1287826993183100928
1287826901445345280
1287826889650962432
1287826882738688000
1287826869186891776
1287826855442223104
1287826839982006272
1287826825549357056
1287826815080443904
1287826805135736832
1287826799444058112
1287826787863592960
1287826770733998080
1287826760348979200
1287826750525898752
1287826740937621504
1287826730821005312
1287826721648128000
1287826615448240128
1287826601082839040
1287826588449615872
1287826577775001600
1287826563136921600
1287826550260465664
1287826543973212160
1287826529280495616
1287826522460622848
1287826507994468352
1287826496200093696
1287826438213828608
1287826426750697472
1287826401597562880
1287826386393223168
1287826376385585152
1287826366453424128
1287826356953321472
1287826348862517248
1287826259075112960
1287826248765517824
1287826238489468928
1287826212883173376
1287826201944391680
1287826188921114624
1287826163017175040
1287826154242674688
1287826149133946880
1287826147770871808
1287826146583891968
1287826141441597440
1287826140485255168
1287826065923153920
1287826055647068160
1287826044955898112
1287826035220918272
1287826023694905088
1287737282561277952
1287737122506575872
1287737110842216448
1287737098380992512
1287737066110029824
1287736873306263552
1287736860215848960
1287736846349459712
1287736833267335168
1287736794457477120
1287736783296397312
1287736770419990528
1287736759456092160
1287736748718600192
1287736738308390912
1287736726912405504
1287736716980375552
1287736705001361408
1287736676303933440
1287736666287898624
1287736660063641600
1287736645316415488
1287736635040374784
1287736624772796416
1287736615243255808
1287736605034381312
1287736586638184448
1287736565045829632
1287734506468913152
1287734499317559296
1287734460222451712
1287734449908613120
1287734439313891328
1287734427691487232
1287734416236838912
1287734394741051392
1287734384599224320
1287734336079433728
1287734321177133056
1287734294408986624
1287734281889087488
1287664640131059712
1287664546317033472
1287664534417793024
1287664523697180672
1287664511965634560
1287664483377258496
1287664471197048832
1287664426678718464
1287664400820838400
1287664350367493888
1287664338841501696
1287664305991815168
1287664305673035776
1287664305639391232
1287664229659574272
1287664190795198464
1287664178392686592
1287664167785238528
1287664143416336384
1287664132221743104
1287664120909701120
1287664110583373824
1287664096666701824
1287664086185062400
1287664075850358784
1287663997001568512
1287663882006343680
1287663869675143168
1287663843502686208
1287663830814928896
1287663817875488768
1287663807150673920
1287663797298245632
1287663786598502400
1287663776247042048
1287663766058958848
1287663755585892352
1287663744483549184
1287663732403962112
1287663685486424064
1287663651722321920
1287663639080689664
1287663629295398912
1287442269973471232
1287442176595701760
1287442151002066944
1287442134933614592
1287442115690147840
1287442074414059520
1287441990842540032
1287441978167373824
1287441949558018048
1287441939839754240
1287441939449733120
1287441939416129536
1287441904888676352
1287441894449074176
1287441890237964288
1287441869006344192
1287441857216208896
1287441814522298368
1287441805106122752
1287441776752693248
1287441674654842880
1287441648742469632
1287441637514383360
1287441627720622080
1287441613992730624
1287441604102561792
1287441593344155648
1287441582854217728
1287441572922101760
1287441562390220800
1287441553099763712
1287441538117775360
1287441525631324160
1287441502306799616
1287441491829325824
1287441481947582464
1287441469196902400
1287441457977139200
1287441448145756160
1287441437915844608
1287441416399065088
1287441406529855488
1287441393141547008
1287441384056774912
1287440776654446592
1287440766357430272
1287440745801175040
1287440723466387712
1287440711546175488
1287440699869274112
1287440498001694720
1287440484684779520
1287440452795412480
1287360102010441728
1287360056128872448
1287358772801933312
1287358664647618560
1287358633894961152
1287358612168486912
1287358601707880448
1287358592136417280
1287358581059313664
1287358569818533888
1287358557818703872
1287358547186130944
1287358535362326528
1287358499132002304
1287358498821623808
1287358497873682432
1287358497181638912
1287358497135439872
1287358417347252224
1287358406391672832
1287358396392525824
1287358386246504448
1287358375773249536
1287358343326109696
1287358333469560832
1287358309784314112
1287358300221308928
1287358290171764736
1287358280113827840
1287358269326008320
1287358259058348032
1287358247033352192
1287358234983047168
1287358224262455296
1287094161943003136
1287094082431483904
1287094069794091008
1287094058763132928
1287094047983767552
1287094037653135360
1287094027364466688
1287094016056725504
1287094004639772672
1287093983081115648
1287093970502287360
1287093948650082304
1287093923224182784
1287093899534700288
1287093887572627712
1287093850058698752
1287093816080642048
1287093805670436864
1287093795151060992
1287093773739188224
1287093762255204352
1287031934179319808
1287031808413126912
1287031792948707328
1287031771104776192
1287031748723973888
1287031712216735488
1287031701609340928
1287031691710730240
1287031688774725632
1287031646345146368
1287031627328217088
1287031611918364672
1287031591034851328
1287031577390853888
1287031563289534464
1287031550698283008
1287031539977592832
1287031423287939072
1287031411015376896
1287031398918950912
1287031387825082368
1287031375133114368
1287031364492169216
1287031329796829184
1287031319747350528
1287031308951191552
1287031298524053504
1287031286863986688
1287031275493249024
1287031264541904896
1287031254567866368
1287031239355006976
1287031230089891840
1286964797515468800
1286964773746364416
1286963706098855936
1286963663321038848
1286959083459956736
1286957844726718464
1286957820429172736
1286957804323049472
1286955167594815488
1286955157213847552
1286955146010939392
1286955131385217024
1286955114712924160
1286955096782381056
1286955050527535104
1286955039068762112
1286955026934530048
1286955004960608512
1286954992138620928
1286954980512092160
1286954958135468032
1286954946806583296
1286954928498507776
1286954915449970688
1286954905396293632
1286954868368904192
1286954856792625152
1286954845849755648
1286954835238060032
1286954814082080768
1286954803067838464
1286954793001521152
1286954768993222912
1286954752299892736
1286954734830714880
1286954723904573440
1286954713330712576
1286954689096024064
1286954679256178688
1286954668950786048
1286954644686741504
1286717464982835200
1286717338667147264
1286717299593019392
1286717275496747008
1286717256488177664
1286717244723077120
1286717225739726848
1286717214993809408
1286717193019850752
1286717183087849472
1286717172627255296
1286717161696907264
1286717150795837440
1286717126439559168
1286717109700042752
1286717094751592448
1286717083666046976
1286717071875768320
1286717059955662848
1286717049197207552
1286717036933021696
1286717022592741376
1286716975658541056
1286716962547142912
1286716947913216000
1286716937452617728
1286716925318443008
1286716912353914880
1286716885745229824
1286716843357609984
1286716832074870784
1286716821287165952
1286716810138615808
1286716798486937600
1286716787204206592
1286716756258676736
1286716734670503936
1286716698851188736
1286716675312713728
1286716664407625728
1286716654014156800
1286716643369000960
1286716622749786112
1286716611882291200
1286716601216180224
1286604199761809408
1286604187472662528
1286601338156126208
1286601051580305408
1286601027584762112
1286601016478179328
1286600999717699584
1286600988409946112
1286600965131514112
1286600954368991232
1286600932822781952
1286581952406003712
1286581716317024512
1286581705520947200
1286581691302268928
1286581681265225728
1286581671106682880
1286581660629295104
1286581604459204608
1286581593411162112
1286581580790628352
1286581556010782720
1286581544824508416
1286581532849733632
1286581512918437888
1286581503611281408
1286581492660023296
1286581461118836736
1286581450230444032
1286581438897422336
1286581412796276736
1286581399403757568
1286581385482973184
1286581355644702720
1286581335201583104
1286581321821818880
1286581302314115072
1286581287915061248
1286581277668368384
1286581266519863296
1286581207967444992
1286572174007034112
1286569930465456128
1286569892842545152
1286565028846600192
1286564777196756992
1286564765821788160
1286564750751670272
1286564739892551680
1286564728492494848
1286564705386082304
1286564468508499968
1286564458475794432
1286564433473482752
1286382277308686336
1286382079094259712
1286382066171609088
1286382056201752576
1286380821448884224
1286380811604893696
1286380802423521280
1286380792491528192
1286380790562029568
1286380783373033472
1286380759071232000
1286380750175182848
1286380742977740800
1286380698564276224
1286380688367919104
1286380678523817984
1286380669342449664
1286380657510408192
1286380647314067712
1286337841459597312
1286337809813516288
1286337791211770112
1286233007108620288
1286232853811023872
1286232822198554624
1286232809766563840
1286232798727229440
1286232788304355328
1286232765982179328
1286232756117213184
1286232744184500224
1286232727717580800
1286232716309078016
1286232705701744640
1286232694112890880
1286232673309134848
1286232662420730112
1286232651519733760
1286232637707878400
1286232624323858432
1286232593961299968
1286232578899562496
1286232551196172288
1286232510540779520
1286232499463639040
1286232467951714304
1286232443326955520
1286232432795164672
1286232422099701760
1286232395264528384
1286232379984576512
1286232371654733824
1286232360548208640
1286232359218622464
1286232359097053184
1286232302255771648
1286232216582991872
1286232175034208512
1286232151151837184
1286232140141727488
1286232129760894976
1286232119300300800
1286232063197294592
1286232041013547008
1286232021065510912
1286232009946419200
1286231988622458880
1286231977243402240
1286231921643618304
1286231864060129280
1286231850319519488
1286231839460524032
1286231826646917120
1286231818392481792
1286231763103219712
1286231748418899968
1286231736943365888
1286231725601955840
1286231714084335616
1286231700666814464
1286231688322973696
1286231675001864192
1286231653346680832
1286231591719702528
1286231561357099008
1286231527421091840
1286231517140787200
1286231506982248448
1286231439395237888
1286231429299544064
1286231408659304448
1286231026017153024
1286231014247931904
1286231007369322496
1286230992404058112
1286230980978671616
1286230970136494080
1286230955456372736
1286230943150243840
1286230930697445376
1286230782512713728
1286230768545669120
1286230756134719488
1286230743421784064
1286230731413495808
1286230720168566784
1286230712555905024
1286230694776233984
1286230654984892416
1286230643760865280
1286230630389493760
1286230619152961536
1286230603818467328
1286230492036177920
1286230481621725184
1286230464672432128
1286230449149415424
1286230436985942016
1286230391645507584
1286230380442529792
1286230368354480128
1286230346024058880
1286230335601152000
1286230335123009536
1286230329448071168
1286230294912172032
1286230282652266496
1286230270539173888
1286230259780780032
1286230246031855616
1286230219301572608
1286230209931415552
1286230193082900480
1286230181326336000
1286230169376653312
1286230146303787008
1286230123281342464
1286229866430504960
1286229840346206208
1286229815545286912
1286229804510064640
1286229793747476480
1286016229132644352
1286016123310411776
1286016113122435072
1286016075306590208
1286016061125664768
1286016048601485312
1286016034831572992
1286015985980506112
1286015976006394112
1286015958776258560
1286015947539652608
1286015924353589248
1286015902824226816
1286015876886601728
1286015863859052288
1286015840660467712
1286015827091824640
1286015797647876096
1286015797559795712
1286015769487253504
1286015749501472768
1286015725778481152
1286015715653431296
1286015701615091712
1286015691867463680
1286015681780166912
1286015659625918464
1286015632803274752
1286015617720623104
1286015607847124992
1286015594513530880
1286015583826382848
1286015572422074368
1286015558417289216
1286015460388098048
1286015435213873152
1286015423004184576
1286015411914448896
1286015398803116032
1286015385423273984
1286015367840763904
1286015356587433984
1286015342603653120
1286015286727127040
1286015274412658688
1286015262395899904
1286015238031187968
1286015224865267712
1286015191986196480
1286015180367966208
1286015153662722048
1286015142690422784
1286015120955650048
1286015109677056000
1286015099724070912
1286015073824256000
1286015059739672576
1286015024264359936
1285948584920330240
1285948563852271616
1285948554293518336
1285948528762781696
1285948453873385472
1285948329751437312
1285948314286948352
1285948284553568512
1285948251938664448
1285948238852390912
1285948124922609664
1285948114436858112
1285948104441769984
1285948024989061120
1285948007171657728
1285948004453752832
1285948004437037056
1285947954881232896
1285947926771113984
1285947915328991232
1285947904885170176
1285947843728023552
1285947830440468480
1285947818583166976
1285947808147812352
1285947798362435584
1285943200356737024
1285943162343698432
1285943149525962752
1285942703734296576
1285942674856513536
1285939212248911872
1285939201528209408
1285939189868044288
1285939155755728896
1285938801060253696
1285938789014282240
1285938715588792320
1285938673192775680
1285938660404232192
1285938628364050432
1285938616515072000
1285938604418772992
1285938590137155584
1285938590132903936
1285938589688311808
1285938528141168640
1285938516518670336
1285938494200741888
1285938461913108480
1285938450907181056
1285938440501067776
1285938418988527616
1285938398490955776
1285938352819240960
1285938340643184640
1285938308074409984
1285938283978067968
1285938256840982528
1285938246023864320
1285938234963496960
1285938222837764096
1285938211429195776
1285938184866738176
1285938174267711488
1285938164457246720
1285938153497534464
1285938142722298112
1285938132148457472
1285938099147636736
1285938088758386688
1285938078880796672
1285938068483186688
1285938031023861760
1285938020940689408
1285937986803240960
1285937975747121152
1285937953940832512
1285937942981226496
1285937931534901248
1285937920533200896
1285937898236379136
1285937887125614592
1285937875729756160
1285937862383460352
1285937851910230016
1285937840807976960
1285937827344252928
1285855914734616576
1285855691278880768
1285855683280240640
1285855677320241152
1285855666712776704
1285855658693332992
1285855652724776960
1285855642113183488
1285855603764736000
1285855576489107712
1285855566229897216
1285855556612304896
1285855547653332992
1285855540200058880
1285855526065180672
1285855516804231168
1285855507127861248
1285855498349293568
1285855485204279296
1285855474903130112
1285855462412431360
1285855435996778496
1285855423720038400
1285855415151005696
1285855397509763072
1285855386805960704
1285855378195046400
1285855369328238592
1285855360390225920
1285855347039764480
1285855330275143680
1285855322242940928
1285855313908899840
1285855303221813248
1285855299723722752
1285855285127581696
1285855273903677440
1285855124754181888
1285855111919673088
1285855100444057600
1285855088586743808
1285854935658242048
1285854916309852160
1285854903307567104
1285854850903937024
1285854850861993984
1285854849704300288
1285854799699861504
1285854792204648448
1285854652983062528
1285854641557835776
1285854629989842944
1285854615012073472
1285854574952116224
1285854566232268800
1285854511614099712
1285854498766966784
1285854484372041728
1285854471822749696
1285854448141643776
1285854436682878976
1285854412137730048
1285854396212023296
1285854373202059264
1285854362019954688
1285854351064551424
1285854327412850688
1285854316092428288
1285854293707423488
1285854282277888000
1285854254910124032
1285854243598085888
1285854233468837888
1285854164061507584
1285854152069976064
1285854117097869312
1285854092112396288
1285854082184421376
1285671129672298496
1285667323588874240
1285667226914357248
1285667219159027712
1285667211244380160
1285667202675474432
1285667192797908992
1285667183910178816
1285667171356545024
1285667154545782784
1285667144005451776
1285667136057282560
1285667087495634944
1285667077194485760
1285667068805775360
1285667059469352960
1285667045560983552
1285667036627120128
1285667025986170880
1285667017618591488
1285667008848236288
1285667000635797504
1285666964778757888
1285666951768035328
1285666943970746368
1285666908277297152
1285666884210307072
1285666884076089088
1285666883983859712
1285666846981664768
1285666821266444288
1285666813783748608
1285666792698978304
1285666784494985216
1285666775615537152
1285666733626462208
1285666724969406464
1285666705465839616
1285666696737574912
1285666687719800832
1285666656325337088
1285666640550678528
1285666631897747712
1285666620694765568
1285666589518462976
1285666580869926912
1285666571642376192
1285666562301734912
1285666551715303424
1285666543167307776
1285666529649012736
1285666520744579072
1285666504453783552
1285666443841941504
1285666435558236160
1285666426532101888
1285666409671020288
1285666386203815936
1285666377995636736
1285666366947721216
1285666346894843904
1285666326325932032
1285666316809129984
1285666306147090432
1285666296915533824
1285666279005847552
1285666270193623040
1285666261473656832
1285666242527928320
1285666233183080448
1285666223162892288
1285666213176258560
1285666205601280000
1285666195815923712
1285666179193933824
1285666165885476864
1285666157555585024
1285666147254390784
1285666137649315840
1285666129952874496
1285666121853607936
1285666113540501504
1285666104317300736
1285666090895446016
1285666083287060480
1285666073556246528
1285666065687752704
1285666055025762304
1285666049044643840
1285665980904079360
1285665939996971008
1285665928059990016
1285665887173869568
1285665841007284224
1285665800339296512
1285665789140447232
1285665773944438784
1285665762544320512
1285665751261745152
1285665737336590336
1285665723461914624
1285665700997148672
1285665690075136000
1285665670689181696
1285665658873806848
1285665608718311424
1285665577823080448
1285665566758445056
1285665555085701120
1285665543815606272
1285665520671482112
1285665467823280128
1285665454879645696
1285647493179617280
1285646885944950784
1285646832157237248
1285646267008286720
1285646189300453376
1285646178646990848
1285646164952379392
1285646141900632064
1285646130710220800
1285646118945271808
1285646107842838528
1285646074879905792
1285646038225887232
1285646028138360832
1285646005740941312
1285645994995191808
1285645984773611520
1285645955493134336
1285645945498210304
1285645896089206784
1285645886018781184
1285645874509602816
1285645858646745088
1285645847468924928
1285645832914702336
1285645822948974592
1285645808642207488
1285645778757746688
1285645765772292096
1285645755311677440
1285645744175808512
1285645679461892096
1285645668187611136
1285645656338632704
1285645643764072448
1285645632586371072
1285645621341364224
1285645586725842944
1285645575187202048
1285645564311412736
1285645552785526784
1285645542886965248
1285645531918860288
1285645521844084736
1285645506006450176
1285645482371489792
1285645468517765120
1285645458954694912
1285645434275463168
1285645422095224832
1285645397071994880
1285600075151007488
1285600052602339328
1285600014509780992
1285593484423057408
1285593370207887360
1285593348384980992
1285593338486444032
1285593328290070528
1285593304772612096
1285593294932779008
1285593274200325888
1285593251228024832
1285593236447416320
1285593222455099392
1285593220190285824
1285593179916509184
1285593166737965056
1285593145783312384
1285593133502418944
1285593122244890624
1285593111822061568
1285593101344612352
1285593090800009216
1285593077143556096
1285593067567947776
1285593047586217984
1285593031807250432
1285593017928290304
1285593003504144384
1285592971132506112
1285592960797679616
1285592949217267712
1285592937393512448
1285592904824651776
1285592872180485888
1285592861304553472
1285592850579816448
1285592837422186496
1285592816857632768
1285592784402034688
1285592753708118016
1285592743780261888
1285592730748559360
1285592721063895040
1285592711039520768
1285592699941289984
1285592678684594176
1285592665996828672
1285592656589070336
1285592641913135104
1285592631997878272
1285592622787174400
1285592613018533888
1285592602746802176
1285592592827273216
1285592582832226304
1285592572967235584
1285592563186118912
1285592553119797248
1285592542369718272
1285592531879841792
1285592520446156800
1285592499164258304
1285592487227203584
1285592476368228352
1285592464615669760
1285506073097625600
1285505980558651392
1285505973118029824
1285505964947525632
1285505958026903552
1285505941979488512
1285505932437463040
1285505922991874048
1285505837142806528
1285505823951781888
1285505774509228032
1285505765177020416
1285505754347315200
1285505583290949632
1285505556833345536
1285505546414698496
1285505536193105920
1285505525677948928
1285505518853853184
1285505504547147776
1285505101038333952
1285505087855632384
1285505065063776512
1285505054057861120
1285505040195649536
1285505031597326336
1285504654449823488
1285504643850735616
1285504633314725888
1285504621671321600
1285504614666829824
1285504382726021120
1285504371707596800
1285504359200104448
1285504349465202688
1285504339281424384
1285504316778983424
1285504283757219840
1285504273988624384
1285504263670714368
1285504253742776320
1285504241159806976
1285504226219757568
1285504214257618944
1285504200328216576
1285504189414678528
1285504178618540032
1285504094141140992
1285504079159070720
1285504068920791040
1285503952986005504
1285503925093793792
1285503923273584640
1285503923252494336
1285503890545311488
1285503867917148160
1285503856219172864
1285503836027867136
1285503815089889280
1285503803891101696
1285503793661194240
1285503758286434304
1285503597707497472
1285503584336044032
1285503564262105088
1285503547019231232
1285503530460217088
1285503518833545216
1285503507123011584
1285503494364028928
1285503455768064000
1285503443839463424
1285503418296041472
1285503405641924608
1285503360146251776
1285503352055508992
1285503337677324288
1285503297059774464
1285503275811385088
1285503248946925568
1285503237240623104
1285503226385768448
1285503214348050432
1285503202541133824
1285503191908573184
1285503175399747584
1285503164440096768
1285503153677438976
1285503132437553152
1285503111008858112
1285503076313571328
1285503003743735808
1285502993178202112
1285324440407072768
1285324364360097792
1285324342461595648
1285324313906880512
1285324304415109120
1285324283057774592
1285324270554558464
1285324221313421312
1285324151314685952
1285324128195612672
1285324116954882048
1285324098143493888
1285324085329899520
1285324061170700288
1285324049749618688
1285324012885889024
1285323981239853056
1285323967532879872
1285323957038714880
1285323931008864512
1285323919575187712
1285323906325401600
1285323893876695040
1285323869667164160
1285323815183147008
1285323791187484672
1285323779930050560
1285323759126290432
1285323736879636480
1285323713915891712
1285323700716396288
1285323684153102336
1285323673457561600
1285323663097634816
1285323652637102080
1285323634110849024
1285323611989999616
1285281876274376704
1285281821467521024
1285281814735720448
1285281806359695360
1285281689862840320
1285281681193210112
1285281670892060672
1285281658069975040
1285281649421361152
1285281636918136832
1285281629640982528
1285281622665973760
1285281615216812032
1285281607730036736
1285281600243204096
1285281592446001152
1285281586209067008
1285281574569807872
1285281556559536128
1285281536858828800
1285281529237778432
1285281521725841408
1285281512007577600
1285281500951457792
1285281497830825984
1285281485210226688
1285281478033711104
1285281469259296768
1285281460648398848
1285281452226117632
1285281444873502720
1285281437327994880
1285281381057277952
1285281373536780288
1285281364837793792
1285281291739500288
1285281283506085888
1285281276157743104
1285281268540805120
1285281260961701888
1285281149837860864
1285280913149042688
1285280895230935040
1285280887081508864
1285280882140622848
1285280882039967488
1285280882039885824
1285280667308359680
1285280656206041088
1285280646651416576
1285280609074634752
1285280597758349312
1285280586916081664
1285280577135009792
1285280567198658560
1285280556712951808
1285280543928713216
1285280533883375616
1285280522575413248
1285280508205727488
1285280485992738816
1285280475603402752
1285280417579499520
1285280410474340352
1285280395383250944
1285280373254037504
1285280361258323968
1285280345403920384
1285280323266281472
1285280309332901888
1285280296632549376
1285280284628393984
1285280273484193792
1285241737762537472
1285241727410896896
1285241674797547520
1285241635819921408
1285241602571730944
1285241594254364672
1285241581197570048
1285241554093912064
1285241452507869184
1285241417565077504
1285241391954759680
1285241382521704448
1285241369825509376
1285241359084003328
1285241320769040384
1285241279392227328
1285241269237800960
1285241259054059520
1285241250405376000
1285241231073845248
1285241221271687168
1285241208281890816
1285241199419445248
1285241185485946880
1285241174798761984
1285241164254322688
1285241154263490560
1285241143282864128
1285241132369272832
1285241093542617088
1285241075150594048
1285241047061270528
1285241038550990848
1285194282907971584
1285194241849925632
1285194227274653696
1285194215991975936
1285194185289719808
1285194174590070784
1285194164808880128
1285194150409838592
1285194138082840576
1285194123385999360
1285194113172865024
1285194102959677440
1285194090477424640
1285194032382189568
1285194011981078528
1285194001495326720
1285193992439828480
1285193981702307840
1285193972135219200
1285193958424018944
1285193924269748224
1285193912945192960
1285193902513954816
1285193892556673024
1285128902919282688
1285128882102980608
1285128873177473024
1285128862523887616
1285128700128907264
1285128692218331136
1285128690960080896
1285128690544910336
1285128635440140288
1285128619963097088
1285128609896726528
1285128594113597440
1285128574228410368
1285128563289718784
1285128531375202304
1285128519681441792
1285128508868562944
1285128487750316032
1285128467919638528
1285128435069853696
1285128424013598720
1285128412936523776
1285128402295500800
1285128392325713920
1285128383085633536
1285128370796232704
1285128359450750976
1285128348855934976
1285128337518727168
1285128327271976960
1285128295886074112
1285128275413655552
1285128265406058496
1285128244119973888
1285128234242367488
1285128127547613184
1285128117183545088
1285128106949443584
1285128097692557312
1285128076167348224
1285128031363883008
1284978397974802432
1284978396636819712
1284978396301266944
1284978396162859008
1284978338151501824
1284976124813094912
1284976111227670528
1284976100901302272
1284976090964987904
1284976066541563904
1284976049944748032
1284976018474901504
1284976002611982336
1284975978784096512
1284975968977924096
1284975951575736320
1284975942356656128
1284975867454685184
1284975851579342848
1284975819295797248
1284975819279020032
1284975819224489984
1284975777688236032
1284973983318904832
1284973937865236480
1284973926460915712
1284973909008318464
1284973898744963072
1284973898619064320
1284973898560405504
1284973882181550080
1284972292783722496
1284972257438306304
1284972247036428288
1284972212743700480
1284972192208429056
1284972171719331840
1284972099489210368
1284972090278518784
1284972090274263040
1284972088277770240
1284971226931355648
1284971215472427008
1284971205267722240
1284971183327326208
1284948103330766848
1284948000297627648
1284947991858741248
1284947977673596928
1284947967133261824
1284947959164162048
1284947951698288640
1284947943557136384
1284947935998943232
1284947860006612992
1284947844307259392
1284947836220723200
1284947827697876992
1284947819070132224
1284947806055268352
1284947797041700864
1284947789055655936
1284947781015212032
1284947773557800960
1284947764590379008
1284947756252106752
1284947738485039104
1284947728552923136
1284947720357150720
1284947709531697152
1284947703802331136
1284947698282528768
1284947681442488320
1284947673339109376
1284947664765947904
1284947653684596736
1284947645753167872
1284947638849241088
1284947602186940416
1284947574269587712
1284947563418996736
1284947555214864384
1284947547530952704
1284947539092021248
1284947531097681920
1284947522172133376
1284947518162448384
1284947507135614976
1284947493537669120
1284947484259897088
1284947476185850112
1284947467386191872
1284947458787815424
1284947448180485888
1284947439665975296
1284947434263719936
1284947423287271424
1284947414386987008
1284947405432119296
1284947396204597248
1284947387090436096
1284947378299195392
1284947369944121088
1284947363891687424
1284947353028493312
1284947326394671104
1284947312494739712
1284947290160013312
1284947277069660160
1284947267477286912
1284947253598314496
1284947240541454336
1284947229783085056
1284946907840884736
1284946907635355648
1284946907245223936
1284946810092564480
1284946754467749888
1284946743545782272
1284946698603761664
1284946688214478848
1284946677619658752
1284946650709069824
1284946639820554240
1284946628382732288
1284946605939064832
1284946571822600192
1284946561848545280
1284946551287275520
1284946540897894400
1284946502532632576
1284946487898595328
1284946477215887360
1284946463257239552
1284946449575419904
1284946408659812352
1284946394973982720
1284946383741616128
1284946366075154432
1284946331619020800
1284946326128656384
1284946309909295104
1284946263172173824
1284946241877692416
1284946230850859008
1284946219744272384
1284946209178890240
1284946198395224064
1284946186982567936
1284946135317131264
1284946124407812096
1284946102077267968
1284946086998802432
1284946072629055488
1284946061010833408
1284946050692898816
1284946035907997696
1284946025338339328
1284946013380390912
1284946002038927360
1284945989305073664
1284945969885437952
1284945929116712960
1284945929007751168
1284945928231714816
1284945922401722368
1284945847722156032
1284945833218244608
1284945822522707968
1284945812598992896
1284945791480737792
1284945696160911360
1284945678465208320
1284945651982376960
1284945641450418176
1284945619757473792
1284945597871554560
1284945585833943040
1284945574349897728
1284945531513577472
1284945517831753728
1284945497107685376
1284945486999441408
1284945461414109184
1284945417243852800
1284945408989507584
1284856850618490880
1284856551937847296
1284856205127684096
1284854835876167680
1284854812065095680
1284854757518172160
1284854742930333696
1284854732524261376
1284854701947850752
1284854686449885184
1284854676203229184
1284854665902002176
1284854652924813312
1284854644007723008
1284854633312157696
1284854603952119808
1284854594577870848
1284853720681984000
1284853708568788992
1284853697579831296
1284853686573899776
1284853676603998208
1284853665015234560
1284853654785265664
1284853641497763840
1284853628436713472
1284853596899749888
1284853587345051648
1284853559151013888
1284853436492795904
1284836462630973440
1284829388786356224
1284829271815528448
1284829261002670080
1284829250143559680
1284829239515271168
1284829228668788736
1284829217830641664
1284829207412039680
1284829196636782592
1284829163518558208
1284829134041034752
1284829116399849472
1284829082342096896
1284829071747276800
1284829051916562432
1284829027774140416
1284829014259953664
1284829003522682880
1284828973202112512
1284828889089441792
1284828877764919296
1284828867128102912
1284828856399134720
1284828838774681600
1284828828658020352
1284828811222224896
1284828781778276352
1284828770927616000
1284828744876794112
1284828728573538304
1284828713016860672
1284828613028777984
1284828600512978944
1284828588903104512
1284828575905067008
1284828564366467072
1284828554245689088
1284828543147548672
1284828530954690560
1284828508171239424
1284828497047846912
1284828482229415936
1284828422536138752
1284828375664787712
1284828364310749184
1284828353208430592
1284828330030751488
1284828318819397632
1284828305682767872
1284828295633293312
1284828284006682624
1284828225085087488
1284828214376964096
1284828129148706816
1284766358333468672
1284766273969299712
1284766262749429760
1284766240771313664
1284766229413101568
1284766215026749440
1284766204452917248
1284766180700553216
1284766169149378560
1284766157258600448
1284766146533765120
1284766136215666688
1284766108579434496
1284766096504094720
1284766084697149440
1284766060919640064
1284766031479808000
1284765986877571072
1284765963901186048
1284765951867653888
1284765940958269440
1284765930325790720
1284765917944184832
1284765907588448512
1284765896716754944
1284765886142976000
1284765876210798592
1284765864890425088
1284765853599375360
1284765842417356800
1284765831855996928
1284765806740594688
1284765794249965568
1284765783072047104
1284765772380639232
1284765761823744000
1284765751744790528
1284765737916268288
1284765725639442432
1284765708694560768
1284765684912869376
1284765673130950912
1284765662813073408
1284765580323696640
1284765521339130112
1284765510396190720
1284765499080024064
1284765486606147584
1284765473578590208
1284765457967390720
1284765446818988032
1284765394612494336
1284765370809749504
1284765359237730304
1284765344427630592
1284765333090336768
1284765319844835328
1284613490142064640
1284613345597947904
1284613323506548736
1284613309891784704
1284613294947553280
1284613283958403072
1284613265318989824
1284613245165346816
1284613231747764224
1284613204434399232
1284613125715775488
1284613099576844288
1284613087711166464
1284613075920982016
1284613064076263424
1284602240662216704
1284602221003407360
1284602203882348288
1284602189290315776
1284602178049540096
1284602115898454016
1284602105169358848
1284602091378544640
1284602080309780480
1284595344488247296
1284595206399111168
1284595194332155904
1284595180729962496
1284594506143272960
1284594476208607232
1284594460970622976
1284594432864591872
1284594420860489728
1284594396609024000
1284594360001204224
1284594345170161664
1284594328195739648
1284594291646574592
1284594278048698368
1284594247212163072
1284594233752485888
1284594221480116224
1284594176940805888
1284594147937132288
1284594137459818496
1284594126432985088
1284594115624214528
1284594098473701376
1284594096204582912
1284586143003095040
1284586099046678528
1284586048559943680
1284586036048388096
1284586019434700800
1284586004402315264
1284585985192460288
1284585973024776192
1284585817281900288
1284585807110692864
1284585797279260672
1284585786491404288
1284585776089620480
1284585765276725248
1284585754933498112
1284585744271642624
1284585732837969920
1284585721962078208
1284585705193312512
1284585693101129728
1284585663128637440
1284585652210864128
1284585639304994816
1284585630811529216
1284585630794645504
1284585630786293760
1284585546933768192
1284585514843222016
1284585503698890752
1284585489069150208
1284585453845385216
1284585437990920192
1284585427916267520
1284585380000432128
1284585367006597120
1284585345527546112
1284585320026181632
1284585308948967424
1284585298438041600
1284585276908634112
1284585262270558208
1284585216145858560
1284585205475442688
1284585194561966080
1284585183862292480
1284585170725736448
1284585149640802304
1284585138710511616
1284585037300629504
1284585011967033088
1284585000697057280
1284584989267562496
1284584977225650176
1284584965959819264
1284584953779572736
1284584942740144128
1284584931088269312
1284584919512080384
1284584872712056832
1284584860477259776
1284584843263778816
1284584832069259264
1284584814063030272
1284584801907990528
1284584772757524480
1284584762766700288
1284584747025534976
1284584738456514560
1284584724023959552
1284584712292442112
1284584700376424448
1284584689790062592
1284584649600184320
1284584634005815296
1284584633942913024
1284584633649303552
1284584632151953408
1284584569535172608
1284584559594569728
1284584548265865216
1284583886215950336
1284583864694964224
1284575381736042496
1284575265713258496
1284575244901060608
1284575234906103808
1284575223749238784
1284575212890193920
1284575199837462528
1284575190362529792
1284575177720954880
1284575167088414720
1284575155633750016
1284575145068236800
1284575134758711296
1284575124683882496
1284575114336641024
1284575104014471168
1284575091641266176
1284575080958263296
1284575070770388992
1284575050016993280
1284575017909604352
1284575009634160640
1284575009533566976
1284574948753846272
1284574932781981696
1284574921725751296
1284574902834597888
1284574889790275584
1284574879170416640
1284574865845112832
1284574828582895616
1284574813449789440
1284574800426545152
1284574746630402048
1284574730876604416
1284574645518249984
1284574623498219520
1284574612706275328
1284574551662264320
1284574539331055616
1284574485543301120
1284574469252579328
1284574435538866176
1284574421278171136
1284574408338743296
1284574395848155136
1284574364139167488
1284574341557039104
1284574298531930112
1284559558384508928
1284559171992662016
1284500988255244288
1284500822450208768
1284500811339517952
1284500799691915264
1284500788593799168
1284500776178659328
1284500765533405184
1284500734877134848
1284500701708726272
1284500689713082368
1284500658444476416
1284500643235999488
1284500626735587328
1284500593185300480
1284500581890035712
1284500571442094080
1284500560713076736
1284500547199008768
1284500535694045184
1284500525468319488
1284500494224850944
1284500452860735488
1284500334749122560
1284500322455564288
1284500311944691712
1284500300020289536
1284500274783166464
1284500263508807680
1284500253677428736
1284500243372019712
1284500232684941312
1284500223163871232
1284500194344804352
1284500183078895616
1284500113877012480
1284500102304931840
1284500091240415232
1284500080372916224
1284500067035095040
1284489103178895360
1284488952242737152
1284488938841935872
1284488923679469568
1284488912312901632
1284488771967344640
1284488759564804096
1284488747715788800
1284488734780555264
1284488717332369408
1284488701150724096
1284488690908246016
1284488679273254912
1284488648243712000
1284488634343854080
1284488622390104064
1284488610457300992
1284488582024110080
1284488580249915392
1284486912804347904
1284486895486017536
1284486882445975552
1284486796626329600
1284486786262147072
1284486774841057280
1284486752514772992
1284486729450299392
1284486589754888192
1284486578392510464
1284486361307844608
1284486338784432128
1284486330471329792
1284486316630192128
1284486284917039104
1284486274498334720
1284486258522312704
1284486247877140480
1284486236804128768
1284486224774942720
1284486212242345984
1284486148010782720
1284486136199618560
1284465343310843904
1284465267293265920
1284465241066217472
1284465215988432896
1284465148019843072
1284465137517236224
1284458842697477888
1284458706466463488
1284458688556802048
1284458666750550016
1284458654666809088
1284458634311868416
1284458622982983680
1284458593308364800
1284458551277232128
1284458550543212288
1284458545468055552
1284458543983321088
1284458543974944768
1284458543970766848
1284458483316817920
1284458419802509312
1284458411237703680
1284458398780620800
1284458387003105280
1284458374701166592
1284458356862783488
1284458347064893440
1284458335287246848
1284458325321617408
1284458315511148288
1284458300067717120
1284458290060103680
1284458276776751104
1284458266542649088
1284458254890930176
1284458243373387776
1284458230828146688
1284458209898573824
1284458188604145664
1284458093317849088
1284458028062957568
1284458016927092736
1284458006709755904
1284457996521811968
1284457989399818240
1284457975734730752
1284457960580800512
1284457940066406400
1284457930918694912
1284457907459780608
1284457883283980288
1284457869367222272
1284457858818617088
1284457846269255680
1284457836030951424
1284457801381707776
1284457789864186112
1284457729977876480
1284457719668387840
1284457685602062336
1284457673392640000
1284457657219403776
1284409287343824896
1284409108226080768
1284409097463508992
1284409088902942720
1284409050755674112
1284409039045173248
1284409028102291712
1284409017641598976
1284408940013420288
1284408925455036416
1284408911265583104
1284408880869637888
1284408869960253440
1284408857532534784
1284408824217186304
1284408760593768448
1284408744726745088
1284408651697070080
1284408640036904960
1284408616162910208
1284408281998524416
1284408262687850496
1284408246279778304
1284408234808414208
1284408228105904128
1284408214403063808
1284408198187950080
1284408170245488640
1284408161194188800
1284407996924276736
1284407982315515904
1284407966611972096
1284407956675624960
1284407943480381440
1284407867773255680
1284407853827203072
1284407837091868672
1284407825159073792
1284407813326897152
1284407792540045312
1284407738227924992
1284407727557574912
1284407716413419520
1284407700823121920
1284407690400354304
1284407663581896704
1284407646095839232
1284407636579033088
1284407624449118208
1284407600419876864
1284407589254684672
1284407579423182848
1284407563250020352
1284407347524374528
1284407347423711232
1284407240947097600
1284407229416865792
1284407219077996288
1284407209124925440
1284407178456113152
1284407167282556928
1284255385445183488
1284255255467831296
1284255228565630976
1284255176996651008
1284255097980104704
1284255084449345536
1284255054841753600
1284255042598469632
1284255027956260864
1284255014748291072
1284254943386443776
1284254932753883136
1284254921538383872
1284254895298748416
1284239037813972992
1284238415928713216
1284238405677834240
1284238400036503552
1284238390016319488
1284238386056888320
1284238383129284608
1284238374262509568
1284238363957100288
1284238363025969152
1284238354905694208
1284238318788579328
1284238314602668032
1284238277801914368
1284238273578139648
1284238252527034368
1284238251939766272
1284238227277316096
1284238218142121984
1284238205877985280
1284238199804645376
1284238194213617664
1284238054753018112
1284238046003699712
1284237993935621888
1284237968362938368
1284237957264822272
1284237879124865024
1284237862939090944
1284237844685488128
1284237715207335936
1284237702729089024
1284237289451913216
1284237162511294464
1284237019108040704
1284236998597902336
1284236935863689216
1284236924430036992
1284236913025720320
1284236706292674560
1284236691780313088
1284236685581197312
1284236655965216768
1284236586582978560
1284236576114049024
1284236565426909184
1284236553871659008
1284236482455240704
1284236470988021760
1284236438343647232
1284236427530833920
1284236417862967296
1284236406148268032
1284236406055985152
1284236405913325568
1284236405623926784
1284236386309152768
1284236364255551488
1284236345947435008
1284236326171226112
1284236285750710272
1284236269623664640
1284236229895168000
1284236214325989376
1284236138434174976
1284236115642286080
1284236077063176192
1284235954417553408
1284235945949233152
1284235893499404288
1284235876583854080
1284235866030968832
1284235854844747776
1284235843960549376
1284235833671811072
1284235823366516736
1284235813530804224
1284235803871318016
1284235792706088960
1284235766693007360
1284235702679613440
1284235691476615168
1284235628394303488
1284192506016673792
1284192354090524672
1284192240273960960
1284192229322633216
1284192216739700736
1284192192618258432
1284192181989847040
1284192172158464000
1284192162071097088
1284192150570360832
1284192102092541952
1284192066491342848
1284192055741362176
1284192046677405696
1284180126230601728
1284179826006544384
1284179801457274880
1284179784671670272
1284179773581860864
1284179695643353088
1284179669634383872
1284179649904418816
1284179636390330368
1284179624998707200
1284178129016193024
1284177618846318592
1284177600580071424
1284177590656339968
1284177100296146944
1284177090007441408
1284177006419152896
1284160090774351872
1284159979080081408
1284159808871043072
1284159798364246016
1284159755943120896
1284159745742589952
1284159735487488000
1284159724464766976
1284159713580650496
1284159697852014592
1284159689027198976
1284159258154749952
1284159240861556736
1284159229922861056
1284159218258411520
1284159208024354816
1284159197240872960
1284159185412858112
1284159173329129472
1284159149186654208
1284159136310145024
1284159125438562304
1284159114508218368
1284159091246596096
1284159080123322368
1284159068861587712
1284159059680272384
1284159042852655104
1284159030903148288
1284159019930849280
1284158979422199808
1284158964758962176
1284158920911736832
1284158906260951040
1284158893187379200
1284158878326939648
1284158866033434624
1284158853135904768
1284158822626594816
1284158811159367680
1284158799293698048
1284158787486720000
1284158776514355200
1284158764862656512
1284158753634484224
1284158740384681984
1284158728841965568
1284158717596966912
1284158705739735040
1284158674185981952
1284158660755763200
1284158647891890176
1284158636953161728
1284158620444303360
1284158604845748224
1284158593604947968
1284158582628528128
1284158570653777920
1284158557584228352
1284158546930786304
1284158535845253120
1284158521018322944
1284158511585341440
1284158478651719680
1284158455914340352
1284158406954307584
1284158387312353280
1284158373731213312
1284158362016452608
1284158352315101184
1284158262355558400
1284158211482890240
1284158158269816832
1284158142675386368
1284158129660461056
1284158071388942336
1284158061255548928
1284158036928540672
1284158027453673472
1284158008931614720
1284157991315484672
1284157979533742080
1284157967810658304
1284157955919814912
1284157944062500864
1284157921467801600
1284157883484196864
1284157866774089728
1284157824206082048
1284157809840599040
1284157795915399168
1284157782372098048
1284157763501916160
1284157750520446976
1284157734913548288
1284157723530145792
1284157695944261632
1284157689174663168
1284157668270252032
1284157639283347712
1284157625182101504
1284157613886910464
1284157602151235584
1284157592101695488
1284157573533491200
1284151826137448448
1284151816289165312
1284151806013181952
1284151793077886976
1284151770944540672
1284151760706207488
1284151750908313600
1284151740317741056
1284151730486366208
1284151719904018432
1284076907546501120
1284076862155698176
1284076842757115904
1284076829217890304
1284076818660720640
1284076807298449408
1284076796015783936
1284076784947011584
1284076773135785984
1284076761660174336
1284076750457233408
1284076734938218496
1284076701383888896
1284076698200412160
1284076693343408128
1284076653870829568
1284076633226448896
1284076609180512512
1284076597532909568
1284076593753870336
1284076578452975616
1284076564792188928
1284076469275316224
1284076458185494528
1284076447527821312
1284076434890383360
1284076384575528960
1284076373376667648
1284076352371597312
1284076341051174912
1284076330334720000
1284076309002543104
1284076295517868032
1284076285220859904
1284076264937213952
1284076252945678336
1284076071739162624
1284076067360329728
1284076049610018816
1284076035496128512
1284076024125362176
1284075997634101248
1284075979149914112
1284075962360115200
1284075953149358080
1284075929229287424
1284075918743556096
1284075892424269824
1284044879476252672
1284044718276587520
1284044706398326784
1284044695040151552
1284044683832852480
1284044672286035968
1284044660466503680
1284044648579837952
1284044637045436416
1284044610965250048
1284044582683017216
1284044572377653248
1284044561195696128
1284044548281335808
1284044523035909888
1284044510926983168
1284044499656871936
1284044487824740352
1284044461887098880
1284044459861319680
1284044459819380736
1284044457256669184
1284044389954789376
1284044371789262848
1284044320144863232
1284044273856524288
1284044259662934016
1284044248074067968
1284044236896206848
1284044204923064320
1284044185671262208
1284044174250172416
1284044158882263040
1284044130314838016
1284044118520467712
1284044107795640320
1284043961062109184
1284043948265275392
1284043933950017536
1284043920318529536
1284043907064627200
1284043891507962112
1284043878404968448
1284043866430156800
1284043839918018560
1284043801653317632
1284043698003730432
1284043688423940096
1284043671315390464
1284043659340648448
1284043644090093568
1284043515144658944
1284043475500052480
1284043472429887488
1284043433477320704
1284043433452154880
1345396237714010112
1345273901887184896
1345273758072905728
1345024979558141952
1345024919684444160
1344656931881963520
1344308284396875776
1343941389520928768
1343583906000470016
1343207574032805888
1342860401038548992
1342545521945305088
1342489383270817792
1342131761212514304
1341772479640039424
1341772167105703936
1341401042731319296
1341031193639333888
1340680193057370112
1340609024203640832
1340379150738190336
1340308743871934464
1340003957494734848
1339951305046061056
1339268422752931840
1339225383691051008
1338865868361482240
1338487338691948288
1338142014362234880
1338107123566317568
1338058157889900288
1337833045332783104
1337832995395428352
1337777087537532928
1337776966255128576
1337414224130269184
1337100090037710848
1337053463969210368
1337053120271179776
1336714495406853888
1336422468110708736
1336422342185127936
1336421966614585088
1336421889728794624
1336336118703300608
1335966339668840448
1335624833451892736
1335623522153091072
1335256315598426112
1334876918894764032
1334530203096330240
1334162332805685248
1333795352789405696
1333422874498125824
1333088682220380160
1332712713768853504
1332709821662060288
1332340665469067264
1331975212326379520
1331648722812465152
1331600254534365184
1331247681000398848
1330900819005345792
1330535910660858112
1330456692019113984
1330176314259763200
1329849716314689536
1329717512796303360
1329441350673182720
1329074474914705408
1328780454393208832
1328780164994641920
1328780129800253440
1328780117355663360
1328780091736907776
1328779158860816384
1328354295817887488
1327998077471510528
1327628323392991232
1327277034943508480
1327274924222918912
1326980026160603136
1326913800302432512
1326583394952753152
1326580292350570496
1326182424225656832
1325827290153037824
1325462158746988288
1324751070451695616
1324392681389391872
1323692710092546048
1323692600092745728
1323642432530141184
1323642296626225152
1323587949070606336
1323286195783278592
1323286146839924736
1322962575399784448
1322836766164963328
1322564247214239488
1322439355965808640
1322250715159498752
1322195434752905216
1321829029889118208
1321505311350468608
1321505120006201088
1321505097390706688
1321412449216716800
1321394602180517888
1321117787037835264
1321117685099433984
1320801837562384384
1320742577218424832
1320424154118688768
1320256144359685888
1320021844204945408
1320020798300704768
1319667970407387136
1319297829152673792
1318938988544143360
1318565194952593408
1318288004822204416
1318287991882866688
1318207528308822016
1317862419390148608
1317862396728430592
1317861979646808064
1317710596482191360
1317506802251071488
1317482809825677312
1317482736119054336
1317339170545799168
1317148094811807488
1317122835744198912
1316752689179615232
1316400763950825472
1316392507564003328
1316120508803489792
1316047189559345152
1316036917713146112
1315675318854844416
1315320789986668288
1314944452293734400
1314847050744373248
1314573586661863424
1314226860407042048
1313860370306658304
1313758311699881984
1313531322598658048
1313498984816705536
1313498909692620800
1313349904111226880
1313136379740684288
1312769999312949248
1312710537910910976
1312467783708364800
1312467129954791424
1312423152904003584
1312124845497352192
1312045137086877696
1311773589511827712
1311697680419217408
1311650279151013888
1311334547922079488
1311027320946388992
1310965210728017920
1310587451036127232
1310585759007739904
1310493981923516416
1310326581672452096
1310282016538099712
1310227445992259584
1310221023204311040
1310220087165693952
1310187866740477952
1310176293909037056
1310175985111896064
1310175864378798080
1310175854979420160
1310175842740457472
1310166537513381888
1310149767842934784
1310133962988290048
1309927875966119936
1309927854533152768
1309899007301505024
1309579963968950272
1309524442977103872
1309168112001052672
1308862811523645440
1308854684753559552
1308796433433268224
1308462818308620288
1308415449684750336
1308414867536306176
1308399972325511168
1308062663923048448
1308011474770702336
1307700885196341248
1307387121737568512
1307386098365149184
1307385808727478272
1307367037895938048
1307366847898177536
1307366823017492480
1307039060452573184
1307038785117532160
1307038061868576768
1306997602974601216
1306968627124420608
1306623087039909888
1306622969309999104
1306605825184722944
1306271596001230848
1306253301827207168
1305915460366536704
1305886050221527040
1305579965811916800
1305555485903421440
1305524301018411008
1305456470503419904
1305168890448744448
1305100355043287040
1305100041644912640
1305078290319847424
1304890798245392384
1304845505294487552
1304809643139620864
1304465084308218112
1304449181340381184
1304117751091519488
1304112805126254592
1304091622305665024
1303709267334230016
1303396244006592512
1303395911154962432
1303393701780246528
1303350442643070976
1303331700391452672
1303046631940591616
1303046617507999488
1303011255985283072
1303009653522141184
1302999678880043008
1302710503681274112
1302645523325870080
1302283209670037504
1302150779994648576
1301953346857775104
1301900909778272512
1301823516048789504
1301544537979056128
1301185564755058688
1300824922051280896
1300487693688856576
1300104353529974784
1299995504886021888
1299751234426023936
1299747921190105088
1299747832879034368
1299596916313985024
1299476153980379136
1299375649841393664
1299227038369415168
1299013904631312384
1298538930493632512
1298287174010507264
1298287110370332672
1297940197959753728
1297913291143028736
1297563857414750208
1297471012011945984
1297257320871796736
1296884020182212608
1296883996257918976
1296883970047725568
1296883952813211648
1296883940435931136
1296822026582331392
1296821177432837888
1296792807286374400
1296792373582876672
1296759146960887808
1296556402786402304
1296491509467021312
1296469281555779584
1296465900544065536
1296118300242477056
1296101310996127488
1295808529807421440
1295797969887940608
1295760328534499328
1295413104675819520
1295086346940428288
1294840178511695872
1294667579261411328
1294636488983040000
1294314959371935488
1294009590200373248
1293975082713268224
1293957709516111872
1293955357073694720
1293942574177288192
1293934047668973568
1293604257862754304
1292907927163068416
1292879708862976000
1292868006834569216
1292848597722112000
1292782140174802944
1292519006667190272
1292515909664415488
1292209607797022720
1292150265295101952
1291782526051192832
1291424731242037248
1291029151575609088
1291029035905056768
1291029027013132288
1290752062590984192
1290695903972675584
1290399473424883712
1290346882145890304
1290316877936447488
1289942041598795776
1289643482420670464
1289297469956747264
1289264048865861632
1289085595097145088
1289084950633947136
1288536562775597056
1287796276961083392
1287796246112014336
1287695529451945984
1287396311369756672
1287087619210383360
1286753211559354368
1286708192769191936
1286708070010290176
1286630723018002432
1286630702231040000
1286616153410932736
1286616144426737664
1286616032547942400
1286346624948633600
1286325038837370880
1286324698360553472
1285989655255621632
1285674122761179136
1285663883500441600
1285637668756500480
1285584788577976320
1285301442979549184
1285233797202685952
1284817265049907200
1284816827521138688
1284193684410576896
1284129925453287424
1283871932597841920
1283829723026554880
1283343123754749952
1283149215452069888
1283116064503730176
1283113039760326912
1283073537411092480
1283070946027470848
1282712611411439616
1282262597845344512
1281718292030410752
1281648399578566912
1281648290874839040
1281609504757551104
1281609445282320384
1281577687568601088
1281494674990129152
1281319355410759680
1281317510705446912
1280887568909942784
1280823865476706304
1280232180908687360
1280086585049067520
1279860484573990912
1279859705951682560
1278789982816264192
1278787238139215872
1278427842024529920
1278409159524966400
1277682934879830016
1277675718999228416
1277250889389166592
1277249802506551296
1276427268177498112
1276255112365826048
1275847014828453888
1275516210596261888
1275456569216565248
1274694093537530112
1274443814724386816
1274327131498184704
1274065739306188800
1274064701622796288
1273716053953085440
1273280254631698432
1272800814269169664
1272408024741818368
1272276202137571328
1272160213190221824
1343910125124378624
1343910059131199488
1343909649863606272
1343909530091085824
1343883048350326784
1343872245131841536
1343805861941178368
1343805840873152512
1343799871984328704
1343799613631967232
1343695152423063552
1343670553455046912
1343631547119894528
1343631359324147712
1343598273014198272
1343597552923504640
1343596528204705792
1343595847045550080
1343595559920283648
1343595223071551488
1343595039025459200
1343594868808048640
1343594789145636864
1343594688457175040
1343590097623654400
1343589828496138240
1343514219430424576
1343514183778902016
1343514159670026240
1343514068888526848
1343514038777634816
1343514010881290240
1343513766164627712
1343513738905870336
1343513693485735936
1343513641837088768
1343513421980053504
1343513030718607360
1343315998716407808
1343315810870321152
1343315663780196352
1343314095123161088
1343313365289070592
1343313161747894272
1343312834877394944
1343312647379365888
1343311802260664320
1343311479504826368
1343311362630569984
1343311103200272384
1343311081712865280
1343310986711887872
1343309905311264768
1343309731071459328
1343309616021708800
1343308913459032064
1343308750069911552
1343308630041505792
1343308463670255616
1343308088204529664
1343273568105340928
1343273188281745408
1343188463257083904
1343187993620787200
1343187968882860032
1343187830277885952
1343183044371472384
1343182823402971136
1343169714445545472
1343169641745678336
1343169435113295872
1343169126043439104
1343168935689117696
1343167930532552704
1343165419541196800
1343165289278689280
1343164096812883968
1343161646693363712
1343160902250586112
1343160822248431616
1343160467838136320
1343160437043556352
1343160153827401728
1343160059442958336
1343159877221437440
1343159785185832960
1343159054693183488
1343159025073061888
1343158996732162048
1343158973374078976
1343158932475432960
1343158892440727552
1343158862497669120
1343158825373880320
1343158746177040384
1343158688916246528
1343158633559953408
1343158605361672192
1343158554879012864
1343158515725197312
1343158464022011904
1343158073691693056
1343157592940535808
1343140998529093632
1343140868618932224
1343140532453826560
1343140395086180352
1343140235983659008
1343139797817307136
1343139561346650112
1342995757952077824
1342949288679256064
1342946320634552320
1342945990958080000
1342944806281093120
1342940738737364992
1342940558831079424
1342940418800037888
1342940226495389696
1342939475261976576
1342938912847769600
1342938455018528768
1342925415871086592
1342923494758215680
1342920471684272128
1342918337953751040
1342918229677768704
1342915154741252096
1342914904035094528
1342914853514711040
1342914076872237056
1342911664828666112
1342908647865769984
1342907354304700416
1342907218677665792
1342907004747190272
1342845019905007616
1342832178745520128
1342829866304024576
1342768263009341440
1342768148357984512
1342758991739449088
1342746756661059584
1342746592181432320
1342746332684021760
1342745716939227136
1342719564027670528
1342690651092234240
1342675354280984576
1342675313319419904
1342675221153800192
1342675121119633408
1342675043868938240
1342674989762441216
1342674957843787776
1342674840269025280
1342674548425170944
1342674457694003200
1342674234963853312
1342673607651192832
1342575102764994560
1342574864973127680
1342574397475975168
1342573862064697088
1342573639087120384
1342573355677970432
1342573149951553536
1342571435672428288
1342571333004259328
1342571098706243584
1342569065685143552
1342568881924284416
1342568199414554624
1342567916919730176
1342567529714241536
1342567341192835072
1342567085344509952
1342566457935351808
1342565661478957056
1342564049700192512
1342563689057153024
1342563231244709888
1342561067440943104
1342560730537713664
1342560470717313024
1342559786383118336
1342559697904279552
1342559671643742208
1342559662500151296
1342559435013681152
1342559339765260288
1342559239718522880
1342559100811550720
1342558740600520704
1342558678579355648
1342558548643999488
1342558437310283776
1342558209500962816
1342558045650497536
1342557981834162176
1342546289851047936
1342546006378995712
1342545738098745088
1342545521299378176
1342545374238691328
1342545046491574272
1342544796301275136
1342544595230609408
1342544339705208832
1342543096354136064
1342543040595046400
1342543009708199936
1342542965768642560
1342542934319763712
1342542891600801792
1342542604731375616
1342542369112133632
1342542291169402880
1342542178875289600
1342542137817231360
1342542103889514496
1342542019613388800
1342541944472399872
1342541908694990848
1342541849240678400
1342541819616374784
1342541769037262848
1342541725575901184
1342541700703678464
1342541660991926272
1342541599381872640
1342541551793295360
1342541489604354048
1342541463238955008
1342541429835497472
1342541390815911936
1342541363204812800
1342541335371390976
1342541278656028672
1342541253414686720
1342541227846205440
1342541081976700928
1342540427187130368
1342538471001481216
1342538241430482944
1342537400661253888
1342517603911122944
1342517285735583488
1342511517179277312
1342502036030554112
1342501787522244608
1342501314077536512
1342486950444462080
1342374374092009472
1342279360930344960
1342234073725603840
1342233688990429184
1342233582576787712
1342226342427898112
1342223911434530816
1342223653879107584
1342218803346886912
1342218596072755200
1342213113253408768
1342212099049738240
1342212048189599488
1342211545669971968
1342211317705355264
1342209969769357312
1342209322466603008
1342206220086743040
1342206065614725120
1342205554106781696
1342204717334724608
1342014024641372160
1341771683556970496
1341770878779088896
1341770258395348992
1341770048046837760
1341769467387383808
1341769195189637120
1341769073974251520
1341662812930777088
1341630140376342528
1341629670102581248
1341488490148728832
1341484495728467968
1341430212521828352
1341413235182997504
1341397978561572864
1341397462003671040
1341396656655351808
1341393051852353536
1341392384458969088
1341391819079372800
1341391551591755776
1341391490728271872
1341391260582633472
1341383874337714176
1341309159887822848
1341307420774162432
1341305300742270976
1341302837893095424
1341285847702904832
1341260920945782784
1341260739303133184
1341232833218682880
1341224492333494272
1341223347292680192
1341222936129269760
1341222720164532224
1341222375745044480
1341222287505289216
1341222042562142208
1341136243359363072
1341122820093390848
1341122735481741312
1341115771297165312
1341115457617731584
1341115220685688832
1341113070601564160
1341112694049484800
1341112317006766080
1341109140085682176
1341109031155458048
1341108540153454592
1341108388705525760
1341015505277231104
1340962920872767488
1340962677028499712
1340962472702976000
1340962295502036992
1340946170349297664
1340945423331147776
1340944976163852288
1340820287840002048
1340819932829933568
1340727410170372096
1340727149683216384
1340726833709461504
1340726613344989184
1340726331382898688
1340721712007143424
1340721549725360128
1340673246925103104
1340673066880409600
1340672786294075392
1340646551715258368
1340646463681028096
1340543454544322560
1340413592697507840
1340396853465149440
1340396800004534272
1340396667292557312
1340396641409490944
1340396443157356288
1340394672863272960
1340394556743970816
1340394456147746816
1340394357636161536
1340393563872517888
1340393227657089024
1340387191856488448
1340383866847174912
1340382578134700032
1340382510841278464
1340382413084635136
1340382330184200192
1340381341578366976
1340380936400199680
1340380386694746112
1340380360522215424
1340380218796720128
1340379929544970240
1340379748682358784
1340379586148896768
1340377729879977984
1340377678046658560
1340377647210258432
1340377487084298240
1340354242515787776
1340306298236186624
1340305617957883904
1340305441067331584
1340305227904393216
1340217570755039232
1340217497216290816
1340217351086743552
1340217176826015488
1340217018881064960
1340216725128830976
1340215176537190400
1340215000879616000
1340214956491501568
1340214886882795520
1340214716799586304
1340214573786390528
1340213931093192704
1340213806656589824
1340213297791070208
1340068698183397376
1340068400761085952
1340059890488893440
1339930573364670464
1339930416216760320
1339924729399013376
1339923775966605312
1339869183492960512
1339653073669636096
1339605476091244288
1339605303365677056
1339601554127560704
1339589331191676928
1339588808614924288
1339587370358775808
1339587302410964992
1339587262154063872
1339587222329167872
1339587093505327104
1339587076270956288
1339587058931650560
1339587046306824192
1339587029923840000
1339587012827889664
1339586995878686720
1339586983153168384
1339586964400455680
1339586950961922048
1339586938597097472
1339586923015258112
1339586909618589696
1339586892648468480
1339586879423823872
1339586866941554688
1339586854799098112
1339586836885250048
1339586820594515968
1339586800902291712
1339586787082039296
1339586770627821568
1339586758283911168
1339586743746490368
1339586730198851584
1339586715497889792
1339586701606338560
1339586689333772288
1339586677795221504
1339586661601083392
1339586640998588416
1339586624452059136
1339586610141175808
1339586597138788352
1339586584258117632
1339586571410964480
1339586549881528320
1339586532072513536
1339586517539307520
1339586504218198016
1339586478054100992
1339586464661655552
1339586447163105280
1339584416062947328
1339584148562821120
1339583994673782784
1339583786825076736
1339582183363674112
1339581157596262400
1339580877211279360
1339580782289985536
1339580546712653824
1339580304554508288
1339580177001508864
1339510584585416704
1339510180061585408
1339509952055025664
1339509759666499584
1339474261958901760
1339473809074774016
1339472459247063040
1339472426040737792
1339472220217851904
1339472190727725056
1339471813148078080
1339471736602062848
1339469792470855680
1339469569572958208
1339257577293701120
1339257491251662848
1339257287198863360
1339214551007571968
1339214461924757504
1339214079056089088
1339187917172977664
1339187112462196736
1339186637331369984
1339186503658971136
1339186294501597184
1339177010237681664
1339176901420716032
1339176671115698176
1339176294089691136
1339176204843233280
1339176122383294464
1339175811920916480
1339175229441138688
1339174741169598464
1339174485967122432
1339173481204731904
1339173283221151488
1339158234138079232
1339158085730963712
1339158010913042432
1339129424256622592
1339128478415921152
1339128287440867328
1339127809562783488
1339126776287666176
1339125923577278464
1339125847916208128
1339125408411873280
1339125098482118912
1339121091655196672
1338830080219500288
1338829743458832384
1338458846604496896
1338398826995052288
1338362999325790208
1338355918036213760
1338337303186563072
1338337253727285248
1338337223645810688
1338336744224198912
1338336315260227584
1338336148016541696
1338215068983578624
1338163933610455040
1338163005901647872
1338115946871971840
1338115813832855552
1338115530214010880
1338115263590445056
1338114878112935936
1338078874446532608
1338051136952131584
1337998215917015040
1337984223077040128
1337984196049047552
1337984087802454016
1337984058371039232
1337984006483288064
1337983983506829312
1337983922966306816
1337983899314556928
1337983863730089984
1337983803948752896
1337983729738846208
1337983701301547008
1337983675275898880
1337983639716462592
1337983529364426752
1337983501933699072
1337983441493765888
1337983410707587072
1337983382249213952
1337983310421700608
1337983268461957120
1337829884727619584
1337500817860030464
1337346858885279488
1337346469637058560
1337345434356944896
1337273743140413440
1337081105762185216
1337080905744211968
1337059072059858944
1337058985929740288
1336997906176479232
1336997783971258368
1336971945703837696
1336971765826916352
1336664185107865600
1336663856693776384
1336663755988623360
1336663612304351232
1336662076987727872
1336661928538726400
1336661091888345088
1336585334818287616
1336584765667991552
1336567219317317632
1336437739244417024
1336437580062220288
1336437181104140288
1336436951533150208
1336429149884387328
1336404093162680320
1336386055029870592
1336386022389784576
1336380244773703680
1336288637609185280
1336234896705146880
1336234266921996288
1336233968803385088
1336233807511511040
1336233623993917440
1336232971821584384
1336232482388271104
1336208906582962176
1336208353211592704
1336151351928229888
1336151326603026432
1336151273981276160
1336150988806266880
1336130142108864512
1336129965415407616
1336129862738841600
1336129581150072832
1336129255789506560
1335877189322076160
1335876471357837312
1335876304927944704
1335876074996178944
1335875223409872896
1335871038081687552
1335870848587214848
1335870759563104512
1335850120127057920
1335849094091300864
1335848655803265024
1335518988298842112
1335518747638030336
1335500869928955904
1335500481062461440
1335467027377643520
1335247335027318784
1335246848861278208
1335246731529891840
1335246458367451136
1335246310098800640
1335246271225925632
1335135100095369216
1335135020919513088
1335127325105598464
1335122296156135424
1335121115107225600
1335120977886371840
1335120756670427136
1335117048234577920
1335113803088924672
1335113673950507008
1335100959291301888
1335072305169506304
1335072174005161984
1334823484703318016
1334823292000215040
1334823043542167552
1334822700368408576
1334813620371415040
1334813141717409792
1334812941892325376
1334781390714527488
1334765180866203648
1334764855853715712
1334764461417242624
1334764155996426240
1334639364710731776
1334623249225961472
1334618243802214400
1334413649688088576
1334413617387753472
1334413525628882944
1334413473703464960
1334413431621947392
1334413396352114688
1334413369911226368
1334413297370664960
1334413231167844352
1334413202004783104
1334413154231709696
1334413093691154432
1334413059050385408
1334413032399790080
1334412997343711232
1334412973775925248
1334412924140576768
1334412892435853312
1334412656007127040
1334412615423053824
1334412582694903808
1334412550033829888
1334412498095796224
1334412467158577152
1334359295266336768
1334351893804486912
1334351656994164736
1334351462307131392
1334349890785259520
1334349032953700352
1334346434188021760
1334346198963064832
1334345955982909440
1334285971769225216
1334224473457905664
1334214296310583296
1334213817363034112
1334213003638673408
1334202819721760768
1334202637449879552
1334183933118996480
1334178333156847616
1334177724492111872
1334177525669498880
1334176919668076288
1334176331362410496
1334176184721137664
1334166528976183296
1334165920776921088
1334164147316150272
1334164114294403072
1334164035089141760
1333990289090940928
1333989758977118208
1333989256516263936
1333989069769109504
1333845364613537792
1333845324612448512
1333845303137538048
1333227342945193984
1332828434846855168
1332824923983785984
1332487122868203520
1332468324496760832
1332315444817121280
1332305670016815104
1332305279728422912
1332225950633914368
1332225637394882560
1332209385259536384
1331780397819170816
1331778021234249728
1331764671653810176
1331762635184934912
1331762510354116608
1331683491721916416
1331683285781639168
1331670901620871168
1331670642920464384
1331670327726927872
1331670011077947392
1331668934530097152
1331668685472346112
1331576459278823424
1331576222925647872
1331535574646345728
1331534960440856576
1331534810192474112
1331529245458358272
1331528891379445760
1331528784630132736
1331373024923308032
1331302330323652608
1331298682482929664
1331297470882721792
1331297125477584896
1331295325152305152
1331295025507004416
1331294945483911168
1331294439134912512
1331293871200985088
1331289440753475584
1331289218149191680
1331289082455093248
1331289047629705216
1331288871410262016
1331288617487134720
1331288286220984320
1331288110760685568
1331287955068116992
1331279044185382912
1331266851603685376
1331209670112010240
1329298351003725824
1329205788011802624
1329205705694441472
1329205655408959488
1329205594838994944
1329205322364444672
1329205236091777024
1329205138746171392
1329205047813660672
1329204993048666112
1329204949457248512
1329204818083254272
1329204714186174464
1329202883481448448
1329148914793140224
1329148774724357888
1329137834159181824
1329136121561931776
1329134906279071488
1329134679522504704
1329134196179300352
1329133578219900928
1329133380617842688
1329119602756947968
1329078751255162880
1329078467577618432
1328976998996336640
1328961081667186688
1328960907007942912
1328960492451352576
1328960072786046976
1328959809845153792
1328832629420986368
1328832552854040576
1328830458122162176
1328828803309858816
1328828578688081920
1328828198214316032
1328775564040212480
1328774272974729216
1328728372290199552
1328727899839602688
1328676209144770560
1328630548449865728
1328551848672960512
1328551751864217600
1328458969560576000
1328355610455388160
1328275974023163904
1328275652936654848
1328272008648376320
1328271400667394048
1328270176702357504
1328269984569716736
1328261879240798208
1328232611718852608
1328230620741447680
1328230451039834112
1328230251709784064
1328226168382820352
1328226021057892352
1328225089431752704
1328223645173420032
1328192993233399808
1328191970414645248
1328116368835809280
1328116253576335360
1328116128246280192
1328072277108404224
1328058823324610560
1328057984233115648
1328057819195695104
1328056235116138496
1328054194708901888
1328052415279616000
1328050775411580928
1328049426565394432
1328035174630776832
1328034515449688064
1328034227619819520
1328031136199696384
1328028542446219264
1328027538917125888
1328021822739255296
1328017392979554304
1328017294971301888
1327969307859496960
1327967967074799616
1327966919203450880
1327966001766522880
1327961693356519424
1327681598137970688
1327652047718666240
1327651296216834048
1327610986740801536
1327606117787176960
1327604976382828288
1327604483606646784
1327604277909598208
1327599380749312000
1327598615204868096
1327597697826742272
1327568928109961216
1327567840724078592
1327548112739635200
1327547972738015232
1327351021505572864
1327350858397478912
1327350597402681088
1327233249723228160
1327232586683396096
1327232121828761600
1327144847984222208
1327140443591766016
1327139724256014336
1326992465715474432
1326961854007156736
1326941753992155136
1326941700867158016
1326938625301499904
1326935345682911232
1326935295330291712
1326860166034284288
1326859485843959808
1326837374412840960
1326793947105144832
1326793615318913024
1326686806918778880
1326686254323408896
1326491471453818880
1326491366646538240
1326491206923259904
1326491180926971904
1326491107555995648
1326460768380985088
1326456388063809536
1326434557214793728
1326431367534682112
1326430409454923776
1326427396061483008
1326413797695819776
1326404041895784448
1326398999285338112
1326304699654475776
1326300083466473472
1326299983814021120
1326290991863779328
1326282541331075072
1326282327106924288
1326281996168007680
1326278980786380800
1326247617198764032
1326218672763973632
1326203404331446272
1326202983500173312
1326174318242508800
1326174200957178112
1326113624465797120
1326113331237761024
1326099468404617216
1326092877282336768
1326092830230634496
1326088993012936704
1326087092712206336
1326087064975192064
1326086492461146112
1326086000171479040
1326085781144932352
1326085651826085888
1326085532993138688
1326085421814722560
1326070949230370816
1326052950364606464
1326050710681694208
1326049195934035968
1326048596404342784
1326046558303956992
1326044601682112512
1326044122612895488
1326043511473336320
1326042226552692736
1326042077180911616
1326038548722700288
1325976306618691584
1325927194737188864
1325927045105332224
1325926961957515264
1325926828788346880
1325855353230266368
1325836098392772608
1325818484698324992
1325816712453902336
1325806498258313216
1325806271409360896
1325730124701052928
1325675009415782400
1325648798828400640
1325569688068382720
1325569617176170496
1325565439087431680
1325543191991431168
1325543077625389056
1325542903704334336
1325401363308814336
1325401210430627840
1325353301639131136
1325352586426388480
1325351477171412992
1325161847041953792
1325088839279517696
1325042641004863488
1324982303643365376
1324982282546012160
1324981860280266752
1324979957857181696
1324870139716792320
1324867405634473984
1324798930174005248
1324798821554180096
1324798753157599232
1324798665823784960
1324727137979502592
1324634810527191040
1324634584076701696
1324629442224918528
1324628681650851840
1324628583722209280
1324627344183775232
1324615757498634240
1324500368957546496
1324429299672371200
1324398779794104320
1324398016707600384
1324394201967136768
1324344418657357824
1324344341406621696
1324063901470859264
1323894626428833792
1323854971444568064
1323680609152212992
1323680164417556480
1323679897848598528
1323532676125642752
1323479504942149632
1323248668053483520
1323020112727838720
1323018086459596800
1323008196919832576
1323007787400646912
1323007614247145472
1323007551177396224
1323007159626584064
1323006849927565312
1323005334403883008
1322946876908445696
1322889415375671296
1322854574919745536
1322810725077819392
1322810469783117824
1322767002470096896
1322677392582823936
1322674177409720320
1322674055523258368
1322673844654690304
1322622314475933696
1322575821392019712
1322572409208217600
1322520063635820288
1322519698974613504
1322519263278714880
1322519189626724352
1322493955574013952
1322493329947397888
1322486780185186304
1322485584263262208
1322485261704536064
1322483141873934336
1322480844607496192
1322480257983795200
1322479672698015488
1322442899418685440
1322439275934339072
1322439043515297792
1322438855048519680
1322438482439086080
1322434723386429440
1322434636300066816
1322434393302970368
1322432371598200832
1322431978524844032
1322316711840878592
1322289144354246912
1322289092546252800
1322288903672528896
1322284168613634048
1322283999696474112
1322281955782774784
1322277447665111040
1322277192882130944
1322276418684882944
1322276227915436032
1322276096130322432
1322275509426946048
1322274938053709824
1322217879635447808
1322217660780810240
1322217463820549888
1322217346149326848
1322214143022288896
1322191546880544768
1322178168418160640
1322165088934047488
1322164799485214720
1322163454963339264
1322161511817728000
1322161121759997952
1322159209891405824
1322155218927341568
1322154673760018432
1322148086496567296
1322141193208270848
1322140795873406976
1322140630802436096
1322140521268158464
1322139699008446464
1322139590149492736
1322139396158705664
1322139347169234944
1322139290420318208
1322139119028477952
1322138976678010880
1322070329590714368
1322070272695042048
1322068693644431360
1322066543342223360
1322064385217646592
1322063801273954304
1322059865070702592
1322011075555037184
1322009859735388160
1322009198964674560
1322009056400343040
1322008877630717952
1322008829148729088
1322006676430639104
1322005984051646464
1321871833004728320
1321870713263980288
1321867397175934976
1321814634555416576
1321776342904545280
1321741118778859520
1321580354545868800
1321568594329743360
1321524580800962560
1321523208932282368
1321511348505903104
1321505649797275648
1321480950610538496
1321480915110027264
1321480825637056512
1321480695148089088
1321480646028599296
1321480282453794816
1321433190159048704
1321433122555207680
1321433067727261696
1321432665405431808
1321432565518094336
1321431732118315008
1321366389635035136
1321342417807790080
1321341829091086336
1321161842711011328
1321156238646849536
1321155684877164288
1321153060186578944
1321136889844424704
1321122456447426560
1321052545377251328
1321052130145349632
1321051630377357312
1321051414781710336
1321047684980084736
1321046890155282432
1320937224179994624
1320937110271107072
1320936907182870528
1320936639087190016
1320936601963343872
1320936527439036416
1320936395091906560
1320663014455054336
1320657282506596352
1320656833657376768
1320605979025821696
1320509771015831552
1320509709447766016
1320477704462979072
1320472181424480512
1320470615598530560
1320470411621138432
1320469259127034112
1320469141388775424
1320467544596238336
1320406083987492864
1320405711189311488
1320380989290565632
1320341993835405312
1320341751761174528
1320341432197173248
1320299218767089664
1320299045269754112
1320299007005069312
1320298887916228608
1320298864130273280
1320298847101456384
1320298809814114304
1320298784769953792
1320298756089303040
1320091136585834496
1320088305791361024
1320087309748981760
1320087212386623488
1320071706812317696
1320071365815402496
1320062070365261824
1320061686687084288
1319853190175727616
1319852041678839808
1319851565755387904
1319851320623435776
1319848770331443200
1319848687661625088
1319848585052250112
1319848512713068288
1319848447420338176
1319848067122823168
1319847574161993728
1319847422114267136
1319832896463654912
1319832763508424704
1319832693035728896
1319716479953211392
1319625034332254208
1319597547523026944
1319574618068443136
1319570287281786880
1319550799681380352
1319550736733245440
1319450958930345984
1319450902324011008
1319448332461367296
1319448202731573248
1319445354279030784
1319340008776544512
1319324253611753472
1319323722160001024
1319322866052173824
1319321874988519424
1319295015084912640
1319221670176083968
1319184825329291264
1319184639894949888
1319184447166701568
1319184403768217600
1319184282557075712
1319183834441781248
1319130701078401024
1319122126067163136
1319121938728497152
1319121712655572992
1319121601485524992
1319121579285020672
1319121522624253952
1318934904441348096
1318923815737581568
1318923329726783488
1318923237414309888
1318908401326370816
1318819645055533056
1318818477013073920
1318818079988645888
1318817916037582848
1318817788790788096
1318817736286416896
1318817651641253888
1318817272593551360
1318816544743358464
1318816242933923840
1318816211514413056
1318816048137863168
1318815542808018944
1318815353477173248
1318815140393979904
1318814312782245888
1318814172780613632
1318813129325895680
1318813045766917888
1318812931098923008
1318812813612244992
1318812775381143552
1318802430839214080
1318802087921201152
1318795000101150720
1318794353213571072
1318673261262041088
1318671781574680576
1318667220369682432
1318665754095529984
1318665708646138112
1318664145840050176
1318663796131594240
1318662587400310784
1318662511827292160
1318658154629111808
1318656580431339520
1318656047406612480
1318655720695517184
1318655678475624448
1318655620191522816
1318655579959791616
1318654788284960768
1318652418880569088
1318650951599783936
1318649252621537280
1318647960847212288
1318641765860188160
1318640386198437888
1318639623623659520
1318639452479213568
1318639036559429632
1318638600523841536
1318638377504280576
1318638222931595264
1318613994085765120
1318613464449941504
1318612763992837888
1318612600238842112
1318612462204321792
1318610831442063360
1318610774462517248
1318610447680102400
1318610340389715968
1318534104565121024
1318500574497820672
1318500429202903040
1318497660895170560
1318497380292055040
1318497292698222592
1318450849170030592
1318274013588819968
1318271566942175232
1318161156385681408
1318151298999607296
1318151275691781888
1318150374130405376
1318122054328094720
1318121994152542208
1318121889458434048
1318120799891525632
1318120361523904512
1318120232859426816
1318119050518691840
1318117756395454464
1318095191392374784
1318081953808122112
1318060745326821376
1318060694672150528
1318053700213026816
1318053306950967296
1318027616654413824
1318027331697508352
1318027122632462336
1317922286008238080
1317922155972202496
1317896115560325120
1317895815256592384
1317895724294688768
1317895359818072064
1317894828303241216
1317879494787670016
1317879405566435328
1317878651476692992
1317878352896773888
1317877854026301440
1317877541118615552
1317861752663662592
1317859942766870528
1317859896151445504
1317859832838426624
1317771459197128704
1317767673623793664
1317681232650653696
1317681186018365440
1317679596125540352
1317679486310207488
1317679457344303104
1317679424171610112
1317679387135954944
1317679258085588992
1317678580109803520
1317678480599977984
1317678387465510912
1317677684072321024
1317677152985296896
1317675834564628480
1317675435703095296
1317675416145059840
1317675118521405440
1317675052465332224
1317674965496418304
1317674554098130944
1317414911195086848
1317390083180429312
1317389825352323072
1317389787200954368
1317382400184299520
1317381782656921600
1317381075522433024
1317380993226080512
1317374389051162624
1317373519282475008
1317373244681355264
1317373154201919488
1317372940934139904
1317372710775853056
1317372654647709696
1317372608653021184
1317372471717363712
1317372036809953280
1317366291162931200
1317366111348924416
1317365936358412288
1317365835766390784
1317359696953605888
1317356754389303296
1317356595962122240
1317356447852888064
1317356060500439040
1317355767738044416
1317355652885450752
1317355593787650048
1317355317810835712
1317355054047940608
1317352212968972288
1317229417865859072
1317219329918836736
1317215910386688000
1317214962327179264
1317214909441114112
1317214363204411392
1317211101747122176
1317209078226210816
1317209008416215040
1317208930603368448
1317193308821721088
1317176117074198528
1317175503921553408
1317172795680428032
1317172623177109504
1317172498719559680
1316616945307967488
1316616917046759424
1316616853289160704
1316616823396339712
1316616797681049600
1316616771823075328
1316616743620665088
1316616714881314816
1316616686066426112
1316616625320325120
1316613070123347968
1316421892337799168
1316353011426394112
1316352468582883328
1316264388404232192
1316264137085902848
1316256786677202944
1316256694784192512
1316252546424602624
1316249540522127360
1316249528673148928
1316239826287497216
1316239788400406528
1316236969362456576
1316236181974249472
1316234394290524160
1316234353937186816
1316234292570320896
1316233793758469888
1316224520856969216
1316224411511541760
1316223986179727360
1316222928481136640
1316112563994755072
1316092543369699328
1316092498419363840
1316092437178265600
1316089154321747968
1316088090327425024
1316087456333279232
1316086793851342848
1316085829547307008
1316084457187815424
1316084227792830464
1316084138076708864
1316084069491519488
1316084013191266304
1316083958124359680
1316081359614509056
1316081302072954880
1316081253540597760
1316067077707509760
1316067022506254336
1316066974179504128
1316060375587205120
1316060303910674432
1316060246025142272
1316060072448086016
1316060009025994752
1316059945536762112
1316059840083615488
1315980060747272192
1315980022621122560
1315979623969292288
1315972501533532160
1315855943754821632
1315632895437033472
1315559346709954560
1315531286140850176
1315530862075801600
1315530834108182528
1315530822070546432
1315530806648025088
1315530781650046976
1315530766646939648
1315530748930162688
1315530738213818368
1315530724733313024
1315530712058138624
1315530696404893696
1315530681104183296
1315530660887625728
1315530644328452096
1315530485364412416
1315530467467309056
1315530435485720576
1315530422554689536
1315530405190209536
1315530251481624576
1315530237422252032
1315530225565020160
1315530210884882432
1315530184494321664
1315529947004440576
1315529933792456704
1315529868327649280
1315529847633051648
1315529818155479040
1315529795912990720
1315529733694722048
1315529723250905088
1315529706897313792
1315529694360621056
1315529634218418176
1315529618187857920
1315529572444704768
1315529538298875904
1315529522268327936
1315529493143007232
1315529428529750016
1315528337197064192
1315526049061654528
1315381340355915776
1315381309850693632
1315381084696314112
1315380932937908224
1315380847990759424
1315330501595586560
1315330334746181632
1315319368247541760
1315318430724239360
1315318335379132416
1315318269755240448
1315318104000466944
1315317957883564032
1315317843072868352
1315317681504088064
1315317620757925888
1315317494395990016
1315149328856604672
1315012634262097920
1315012449477820416
1315012399976546304
1315000296574156800
1315000202131050496
1314999404726751232
1314999038568263680
1314885357666697216
1314885007165534208
1314847500784852992
1314690163788963840
1314690121942339584
1314690029311098880
1314689997807722496
1314689786276450304
1314686714024267776
1314660559594323968
1314648412609011712
1314648326147657728
1314648253032550400
1314498881372205056
1314343010113642496
1314342320062504960
1314341923130310912
1314341897717116928
1314326838185992192
1314316209375109120
1314160071501283328
1314154584307372032
1314147101836742912
1314075481722048512
1314075265144893440
1314069136079753216
1314068107980427264
1314062542524870912
1314062305102106624
1314062131277573888
1314061901689651200
1314041810096979968
1313947593995694080
1313947227329568768
1313947054213943296
1313927674855915520
1313927623316299776
1313905158846373888
1313904397706035200
1313904239731781632
1313904215010541568
1313904188229922816
1313898004991049728
1313894561207463936
1313894443825664000
1313873299785617408
1313836920762441728
1313763916032413696
1313721054884515840
1313590636369588224
1313589006744125440
1313588779140239360
1313581053987221504
1313581013373771776
1313580944901705728
1313580710154956800
1313579305885204480
1313531506946641920
1313531381264404480
1313530834142613504
1313529878491344896
1313529853082324992
1313349409242001408
1313243814312673280
1313242576661762048
1313170008420290560
1313169981509640192
1313169719374098432
1313164976018857984
1313159098054201088
1313157496425639936
1313153249793519616
1313151137453924352
1313151092444876800
1313040280145321984
1313033417211219968
1313033378501922816
1312824292799852288
1312824221043580928
1312824182066032640
1312823781178716160
1312823687104651264
1312823671522721792
1312823614526423040
1312823556506607616
1312823065533915136
1312822764391354368
1312822521150963712
1312822244029206528
1312822186831482880
1312822143646916608
1312799653776236288
1312747177203109888
1312733539499114496
1312731911266201600
1312348360746115072
1312328426829873152
1312316430101221376
1312261071437279232
1312260792079790080
1312252571596271616
1312243867509493760
1312243832172486912
1312243817286959104
1312243736479498240
1312243714744619008
1312242958868131840
1312242908955803648
1312242883710390272
1312242848104841216
1312242747483488512
1312242414757838848
1312242365877424128
1312242335820939264
1312242287058051072
1312242141326962688
1312242075035987968
1312242022712069888
1312241904462049280
1312241826754170880
1312241767840993280
1312241738543697920
1312241689600421888
1312241650505265152
1312241619803004928
1312241430606352384
1312241387740565504
1312241340311384064
1312240833937182720
1312088502083948288
1312088446245240832
1312085506331742208
1312058062660829184
1312018178416017408
1312017871585804288
1311907639853559808
1311907327109464064
1311907101015453696
1311905990401552384
1311900728630353920
1311900624179605504
1311730496100077568
1311730080582897664
1311730051067645952
1311730007237111808
1311729975763128320
1311729939977318400
1311729910852050944
1311557890914869248
1311541112306307072
1311539211024175104
1311531286650146816
1311525349096919040
1311525099787431936
1311524989389201408
1311523358450814976
1311523113688092672
1311522511167913984
1311521861067571200
1311521740112232448
1311511401484226560
1311511315756863488
1311511283641049088
1311511099762769920
1311500715035160576
1311500663650766848
1311498766730571776
1311498348696932352
1311496212013555712
1311395621035823104
1311395577859538944
1311395223021465600
1311333913432911872
1311319166708781056
1311317300683976704
1311317148564959232
1311314406861688832
1311292004551327488
1311267513565614080
1311186564882497536
1311185991349264384
1311185415349690368
1311185291013754880
1311185228006907904
1311150182264901632
1311149214886490112
1311035710212911104
1311035657419132928
1310981624683728896
1310981388280172288
1310981346379141120
1310973691296133120
1310973577504661504
1310973203121082368
1310959216883101696
1310957942154448896
1310957563652067328
1310857883425427712
1310857589647958016
1310856390081236992
1310798372425605120
1310798278561275904
1310798251508076288
1310613176589975552
1310589638374043648
1310585978835349504
1310570530672717824
1310570406563196928
1310570267752771584
1310569901623517184
1310569802612854784
1310569119188688896
1310568953618599936
1310456747426042112
1310451473499779072
1310451334714404864
1310451281249611776
1310451204032430080
1310451170553540608
1310438174901051392
1310437984244838400
1310437771983626240
1310437715515670528
1310437501199319040
1310437460896296960
1310281568259387392
1310279317310537728
1310279265485836288
1310261389861310464
1310191272720769024
1310191228001095680
1310191193532379136
1310190295900922112
1310190206969171968
1310190162052341760
1310190055252725760
1310189891033202688
1310189869206044672
1310189847890612224
1310186266856751104
1310157010638458880
1310155982572584960
1310155674962202624
1310154712528887808
1310154594874535936
1310079639042301952
1309973249334353920
1309973119814307840
1309973003560726528
1309951102637441024
1309892729044955136
1309876419661619200
1309837584533794816
1309837550828257280
1309837324122050560
1309837111584059392
1309830316270465024
1309738206158622720
1309738192606724096
1309563552521424896
1309563527540232192
1309563478152224768
1309544948686041088
1309511448293449728
1309506577959878912
1309472065821569024
1309399749519441920
1309399581596299264
1309399428181131264
1309399211474063360
1309386064742756352
1309382005214400512
1309381845570723840
1309381645548617728
1309381541068451840
1309381362462400512
1309379725530402816
1309377457481543680
1309376497602433024
1309376391130087424
1309358012180639488
1309357423963054080
1309205921818705920
1309205603965861888
1309202654661423104
1309089558051589888
1309060688720130048
1309028508199530496
1309026628236906496
1309024402433101824
1309016367505575936
1309016149955416064
1309000099431886848
1309000073347559424
1309000046680178688
1308987596945739776
1308987469149372416
1308987077451751424
1308986984208183296
1308986892030029824
1308868496290447360
1308868187921018880
1308837351809003520
1308811154970611712
1308811065317359616
1308804842941550592
1308760479507120128
1308760329149652992
1308680659578257408
1308352507052257280
1308351825737904128
1308343534060212224
1308341383342718976
1308341172969054208
1308111398313000960
1308111101092139008
1308110768357900288
1308110599184961536
1308110302601449472
1308094642030882816
1308082259698814976
1308082226702282752
1308082177276612608
1308081175651643392
1308077086771478528
1308046355122847488
1308045668884377600
1308011651699019776
1308011463462866944
1307970706383175680
1307970650519343104
1307964767882145792
1307964422825095168
1307964284295577600
1307962950708350976
1307962889156923392
1307905437359108096
1307905015839948800
1307904877251694592
1307783535500156928
1307772700883070976
1307772472188702720
1307659905957007360
1307658982132273152
1307658882379124736
1307606643702628352
1307606462764584960
1307605080926023680
1307604957567356928
1307524816598163712
1307524761795387392
1307521892451061760
1307323931125321728
1307269015988047872
1307268996203524096
1307268980185477120
1307268950372372480
1307268912137019392
1307268872022749184
1307268604858175488
1307268237374246912
1307268204016930816
1307268126510395392
1307268105765351424
1307268085288665088
1307268041932238848
1307267975406387200
1307267737144700928
1307267624443744512
1307267579740852224
1307267495191961600
1307267373792190464
1307267287792128000
1307267244037222400
1307267143831097088
1307266876670705664
1307266264142950400
1307265001888022528
1307264916718379008
1307235784915931136
1307208886907174912
1307208765054345216
1307208457465008128
1307208162437722112
1307208026642935808
1307043851773923328
1306956642035085312
1306926814342807552
1306903754009182208
1306900843736846336
1306873378679279616
1306873323574435840
1306817859658616832
1306817739366060032
1306659205378641920
1306657134684311552
1306656199518101504
1306617326175952896
1306616613794394112
1306612285423661056
1306612217333383168
1306612198660341760
1306609607700295680
1306609060264005632
1306607873787604992
1306607794158817280
1306606764314550272
1306606431001546752
1306591936732491776
1306588314074373888
1306588161938722816
1306587984427388928
1306586750563819520
1306467922345328640
1306321613227462912
1305580711324381184
1305580235757412352
1305531887985864704
1305490934696640512
1305190842165010432
1305190798779199488
1305188623118225408
1305188579493261312
1305186617146200064
1305186515329445888
1305185378849247232
1305179710121443328
1305122879592378368
1305047698509303808
1305045352232423424
1305027936916066304
1305026771918692352
1305011483047272448
1305011423060295680
1305011155665027072
1305011009820778496
1304876989065629696
1304836117749997568
1304738808928317440
1304516517741166592
1304516224240492288
1304516050915074048
1304472560793456640
1304466352275685376
1304466198491521024
1304466085983518720
1304465861869174784
1304465674442543104
1304443152862981888
1304290055020843008
1304276866086383616
1304276833756643328
1304276137107959808
1304275396242878464
1304274919019159552
1304274855471329280
1304274816577482752
1304274492252925952
1304274388766928896
1304264079608078336
1304261161001660416
1304122925562429440
1304122897871654912
1304122866544378112
1304100895836246016
1304095007620698112
1304092749214384128
1304086744476905472
1304086540897878016
1304086427999891712
1304086289852125184
1304050972415668224
1304050830614695936
1304048200450531328
1304048064513146880
1304047721301635072
1304041297062363136
1304038380968325120
1304006485014392832
1303984234340790272
1303976421120004096
1303972374317010944
1303948144883924992
1303947771666464768
1303945507698552832
1303942818692505600
1303663722410508288
1303521506912342016
1303521394777612288
1303521344995328000
1303521110051487488
1303410536479158272
1303370221579907072
1303369159502442496
1303369085632360448
1303369007412715520
1303368938164809728
1303368893243760640
1303368836519952384
1303368796699230208
1303307593356632064
1303304948512428032
1303304510949949440
1303304347326046208
1303304093981696000
1303303628095094784
1303301756139470848
1303300794784124928
1303231986438492160
1303231948933005312
1303231890435051520
1303231776681275392
1303231667759439872
1303207966892531712
1303206650912870400
1303196923516641280
1303196749159452672
1303188671357739008
1303188506496438272
1303178361943060480
1303177296317239296
1303050215931473920
1303050137799974912
1303050124877275136
1303050114584453120
1303049859319164928
1303049739114614784
1303047538623291392
1303041591301545984
1303039339383992320
1303037417352499200
1303037125630275584
1303035776033320960
1303035512064815104
1303035465403072512
1303035169092366336
1303026750419501056
1303012603430658048
1302986397725360128
1302986165604306944
1302985898032848896
1302985654821941248
1302984407821750272
1302961631463342080
1302839727708688384
1302814589722165248
1302814271009677312
1302813653180317696
1302722060599336960
1302721870374998016
1302721791819952128
1302720293841113088
1302720200404537088
1302719867196506112
1302719475180019712
1302718294986764288
1302711959746482176
1302704580950724608
1302704110010077184
1302701942754377728
1302701021211308032
1302699240326602752
1302698646618726400
1302696583746772992
1302694484027768832
1302694352129585152
1302692450969022464
1302690997999198208
1302689182532407296
1302689148290113536
1302689131001192448
1302689107949375488
1302689090232627200
1302689070146105088
1302678996962902016
1302678829023014912
1302613151582752768
1302613023547367424
1302612900067106816
1302612734266224640
1302603858829545472
1302603747495944192
1302603349397831680
1302602222153367552
1302599153986539520
1302595667051806720
1302595561913298944
1302589755721474048
1302589238903541760
1302589211627880448
1302588889480167424
1302588080952668160
1302585290192805888
1302559668896751616
1302558363352543232
1302555799768707072
1302555440073576448
1302555281088483328
1302555244212228096
1302536329578905600
1302536180521668608
1302536070681300992
1302370426446905088
1302370384105402368
1302367529273360384
1302364031626416128
1302363977914232832
1302363943252496384
1302363910939475968
1302363860511395840
1302363828605386752
1302363767771140096
1302360227979956224
1302359926556237824
1302349703200342016
1302327745331040512
1302327478908846080
1302327391738621952
1302327238956810240
1302327138985574400
1302253423056879616
1302253353255215104
1302253189018914816
1302253123528994816
1302074539212505088
1302074430731030528
1302074118028828672
1302073792127262720
1301726360180793088
1301726019775324160
1301644229068947712
1301643546588581888
1301623078326333440
1301623066200596480
1301623046269263872
1301622970645966848
1301584911447580672
1301584756644216832
1301584566109515776
1301457237421027328
1301417810145538048
1301403007305887488
1301401467077697536
1301400738464256000
1301400110799228928
1301396277612228608
1301267703584489472
1301267408670392320
1301255370069999616
1301251237267070976
1301185861527187712
1301181518790917888
1301101671632732160
1301093245376757760
1301084769762058240
1301082560919896064
1301079706159251712
1301029047770718208
1301029007731851264
1301008988721553408
1301008875810889728
1301008563406602240
1301008486634065920
1301008448423895040
1301008279355653888
1301008225320534016
1301008146304061440
1301008083687272448
1301007839868133376
1301007727074914304
1301007045085323264
1300865468413210624
1300864628994576384
1300849346859225088
1300847729732706304
1300845570643427328
1300834998388428800
1300834883984666624
1300834099255537664
1300720309830643712
1300682255233409024
1300643200307208192
1300642814053814272
1300596635869810688
1300497790955589632
1300496529279647488
1300496503224573952
1300496267072753664
1300458892841844736
1300458528054730752
1300458473466064896
1300458229818941440
1300457981348376576
1300456983787692032
1300406928913444864
1300406731684577280
1300312492694962176
1300312338680213504
1300305041371418624
1300303925346742272
1300302743383543808
1300280896080183296
1300275468344664064
1300176741575655424
1300168822670925824
1300168094510395392
1300145709870731264
1300134547028414464
1300130935476756480
1300130318096175104
1300126360082546688
1300122722928857088
1300113788365139968
1300113761936781312
1300113730328461312
1300113701245247488
1300113595666181888
1300113571867746304
1300113459217039360
1300113421413888000
1300113308968800512
1300113270125322240
1300113183626190848
1300113157017473024
1300113115414253568
1300113030139842560
1300112979489325056
1300112952398426112
1300112921482199040
1300112863802077184
1300000632435355648
1299996082118762496
1299995998081687552
1299995950459629568
1299995823804215296
1299995781676642304
1299995675011297280
1299995563191083008
1299995234240258048
1299995181849157632
1299995004635615232
1299994961061044224
1299994708278681600
1299994682567598080
1299994528888360960
1299994455227985920
1299994420297822208
1299994397203931136
1299994332007674112
1299994304887377920
1299994276001124352
1299994249228963840
1299994222079152128
1299994193964814336
1299994166986932224
1299994115732647936
1299994089308421888
1299994000070451200
1299993469776166912
1299993296643796992
1299992940908027904
1299992464628092928
1299989999006384128
1299989890361425920
1299953036266287104
1299952493548441600
1299952399017181184
1299951133742583808
1299949640004104192
1299948768243200000
1299948038673358848
1299947030853439488
1299944941746036736
1299943134655324160
1299942727426154496
1299942264911859712
1299942198750908416
1299941394883244032
1299941220412805120
1299939214986022912
1299938096918810624
1299937939686854912
1299937858132873216
1299937553542516736
1299935685173010432
1299934329032892416
1299929557798211584
1299927875873918976
1299924953408647168
1299920914629394432
1299834070151684096
1299833861984133120
1299833844598796288
1299833737308446720
1299828234121551872
1299827084886454272
1299826986823684096
1299756749940023296
1299699917607366912
1299621807373389824
1299594305288404992
1299572762642612224
1299572241567449088
1299572110935953408
1299514618575040512
1299472233610514432
1299455899803811840
1299404591952519168
1299281119926522112
1299280990179819520
1299280976024088576
1299280959112646912
1299280888908443648
1299280744200757248
1299280722675593216
1299280709513867264
1299280667717652480
1299280642694410240
1299280598402576384
1299280553154412288
1299280529032916992
1299280516168986624
1299280480332902400
1299280444505161728
1299280425593049088
1299280388372783104
1299280347323039488
1299280328423505920
1299280300158189568
1299280284513382400
1299280247846731776
1299280227416379392
1299280214577557504
1299280197083164672
1299280177449627648
1299280147372277760
1299280129018015488
1299280108105146368
1299280089654456320
1299280065998581760
1299280015562022912
1299279887048609792
1299279874897702912
1299279836972830720
1299279825258115072
1299279813828583424
1299279773856915712
1299279715795194112
1299279703929434112
1299279688007852032
1299279426774069248
1299279407517962240
1299279387301421056
1299279375020494848
1299279358939537408
1299279327431930112
1299279308486258688
1299279292711538688
1299279272943800320
1299279256086773760
1299279226290548736
1299279210926804992
1299279177485606912
1299279163132706816
1299279139241893888
1299279108225011712
1299279096036429824
1299279082182651904
1299279069838823424
1299279026230566912
1299279009562456064
1299278995138244608
1299278933314220032
1299278919271579648
1299278891266301952
1299278865446166528
1299278183997616128
1299278154654257152
1299278134714535936
1299278122857246720
1299278103043346432
1299278053982515200
1299278042154569728
1299278029739491328
1299277998592593920
1299277981966307328
1299277969937043712
1299277957723303936
1299277930695200768
1299277902052298752
1299277886306881536
1299277853343838208
1299277837845893120
1299277787501600768
1299277771542233088
1299277759454289920
1299277712624939008
1299277256863493888
1299277239364858112
1299277229428535296
1299277216648396800
1299277119239917568
1299277106527035392
1299277089074483200
1299277074918764288
1299277062247788288
1299277049052487680
1299277039195881472
1299266581520961536
1299259107405369088
1299258026692616192
1299258011781914624
1299257997001138176
1299257981050277888
1299257964654661632
1299257952780644352
1299257940310986752
1299257925362479104
1299257900544688128
1299257886686818304
1299257868680605696
1299257855778922496
1299257821058527232
1299257796064575488
1299257776527597568
1299257760283009024
1299257745225510912
1299257727517175808
1299257668360601600
1299257608801583104
1299257589046415360
1299257573170917376
1299257558834835712
1299257544796405760
1299257513230163968
1299257482217480192
1299257465545076736
1299257451565535232
1299257435685781504
1299257363917090816
1299257280601432064
1299257264243724288
1299232100638433280
1299230499177730048
1299230314716372992
1299230084549742592
1299228184697864192
1299227197157396480
1299227139305279488
1299227034540036096
1299224028096364288
1299209339488612352
1299110750653423616
1299108527747878912
1299108480700370944
1299108235643940864
1299072098472792064
1299071135242428416
1299071108960972800
1299071086185897984
1299071035850006528
1299049258268733440
1299049040273965056
1299048883293650944
1299030824042586112
1299030487760019712
1299015938667417600
1299000615104905216
1299000489682624512
1298935897900146688
1298896424822767616
1298863857012801536
1298862469742460928
1298854330494324736
1298854035546570752
1298846066645897216
1298845451807002624
1298836249059487488
1298834948531662848
1298834889987497984
1298832487578304512
1298832420637216768
1298832237375426560
1298832209370066944
1298832181930921984
1298831955132379136
1298831414100623360
1298831401266143232
1298831380873445376
1298831360560443392
1298831329820323840
1298831316075655168
1298831263487463424
1298831211075448832
1298831178460540928
1298831165466513408
1298831152757780480
1298831135053676288
1298831117408186368
1298831104850489088
1298831092183642112
1298831075368742912
1298831038664314880
1298831021266415616
1298831008545091584
1298830990454992896
1298830975871447040
1298830941679476736
1298830928144478208
1298830915775410176
1298830899488972800
1298830869378084864
1298830803422588928
1298830759780851712
1298830679791337472
1298830650255040512
1298830637265235968
1298830617401008128
1298830599348781056
1298830549025464320
1298830536534880512
1298830518574878720
1298826741864108032
1298826706627821568
1298826677557047296
1298826618857816064
1298826540076150784
1298826456781459712
1298826427404627968
1298826395431456768
1298726014969876480
1298725885365882880
1298725236901203968
1298724755869032448
1298724367162117888
1298724318445293568
1298724190304886784
1298723960331186176
1298723572328742912
1298723393659736064
1298723133692579840
1298722796952936448
1298680808547454976
1298680752851296512
1298556843472703488
1298556823893573632
1298556814405931008
1298556796156747776
1298556785326821376
1298556768084271104
1298556748639482112
1298556722349563904
1298556705169604608
1298556691697602560
1298556676908490752
1298556659179159552
1298556450369921024
1298556430690193408
1298556352193794048
1298556335714439168
1298556323571867648
1298556306937262080
1298556284946599936
1298556266424553472
1298554496453419008
1298553824932659200
1298532819912863488
1298521918316961792
1298521832631525376
1298521455597101056
1298521119172026368
1298493557729370112
1298493539538612224
1298493520957919232
1298493494093393920
1298493482609278976
1298493465991557120
1298493440758620160
1298493432336351232
1298493417127849984
1298493402280058880
1298493390288498688
1298493377906913280
1298493360009818112
1298493348131504128
1298493333241815040
1298493319505420288
1298493306800873472
1298493291537870848
1298493279126859776
1298493199628075008
1298493183593263104
1298493149342576640
1298493127578259712
1298493100504096768
1298493088567111680
1298493075816419328
1298493052223467520
1298493035404238848
1298493014386581504
1298492877467770880
1298492514509500416
1298492502769569792
1298492463829725184
1298492449741037568
1298492437103509504
1298492415318392832
1298492399392641024
1298492349304246272
1298492302587985920
1298492288952401920
1298492272066134016
1298492227640078336
1298492211676565504
1298492200054149120
1298492153887432704
1298492036371361792
1298491992456990720
1298491817084755968
1298491774340665088
1298491722104819712
1298491696838332416
1298490835420549120
1298490823550685184
1298490809034199040
1298490783616716800
1298490758354411520
1298490742634098688
1298490727731810304
1298490715849326592
1298490697138475008
1298490683649601536
1298490663919591424
1298490652100120576
1298490636925128704
1298490571196170240
1298490529513168896
1298490509753815040
1298490498110423040
1298490485921722368
1298490328983404288
1298490298352521216
1298490286809780224
1298490225921077248
1298490206530699264
1298489587984207872
1298489572448444416
1298489543767855104
1298489504907636736
1298489495868911616
1298489474175901696
1298489458036224000
1298489439166124032
1298489426474131712
1298489401547411712
1298489384518455296
1298489364121608192
1298489333368979712
1298489314960191488
1298489298388475904
1298489283674874112
1298489264007782400
1298489183896580096
1298489129433522176
1298489063893274624
1298489030577979392
1298488974084890624
1298488527873867776
1298488508429082624
1298488492142612480
1298488471498166272
1298488459674423296
1298488438518427648
1298488416498221056
1298488400639557632
1298488372063764480
1298488359908671488
1298488285665394688
1298488258284982272
1298488243294482432
1298488174675722240
1298488085991358464
1298488071160238080
1298488008560304128
1298487986506604288
1298487958484455424
1298487939345920000
1298487925592788992
1298487905036505088
1298487892919095296
1298487836476354560
1298487505931698176
1298487421299023872
1298487198531149824
1298487172174143488
1298487140431560704
1298487104427765760
1298487022169010176
1298486991584141312
1298486963037777920
1298486881932410880
1298486799141044224
1298486713602498560
1298486684389183488
1298486632253927424
1298486594123567104
1298486550699941888
1298486286588805120
1298486251650256896
1298486211825356800
1298486181903179776
1298325900547756032
1298218894512001024
1298218808524640512
1298158359678459904
1298147698978291712
1298147663360204800
1298147608033144832
1298147595802615808
1298147577460920320
1298147562449510400
1298147539598938112
1298147447026393088
1298147398120804352
1298147336040873984
1298147318324244480
1298147295809220608
1298147278239268864
1298147262779002880
1298147246517694464
1298147201735110912
1298147176581931008
1298147155585249280
1298147112484573184
1298147094113464320
1298147058579386368
1298147041131008000
1298147018653814784
1298147001406828288
1298146980745576448
1298146941851832320
1298146915989807104
1298146902186381312
1298146885828411392
1298146867696500736
1298146821177565184
1298146802072510464
1298146758992769024
1298146734397431808
1298146714667360512
1298146697235890176
1298146664067346432
1298146609621073920
1298146461029466112
1298146430989860864
1298146354032713728
1298146243378589696
1298109848366842112
1298107607337533440
1297979785910648832
1297979762489556992
1297979746870010112
1297979733716733952
1297979712220922112
1297979697817694208
1297979681157898240
1297979662812033024
1297979646982656000
1297979623809179648
1297979606570500096
1297979590011506688
1297979572609327104
1297979542859128832
1297979513532493824
1297979501247442944
1297979484654772224
1297979444364279808
1297979404577050624
1297979386541604864
1297979374134857728
1297979354924879872
1297979327624118272
1297979306048716800
1297979292727607296
1297979276231401472
1297979258967597056
1297979239971598336
1297979221747400704
1297914175532957696
1297914116628197376
1297914086764810240
1297784440756862976
1297783516588060672
1297770511053869056
1297770474060026112
1297770399942479872
1297770198943125504
1297770076607852288
1297769919111667712
1297769807367020288
1297769678836727808
1297769642451259392
1297769220307062784
1297769080854904832
1297769005164515328
1297768873043927040
1297768332846862336
1297768198394306560
1297767249651081216
1297767226217574400
1297761866333257728
1297761705955676160
1297760809083375616
1297760597363367936
1297760567743197184
1297760542413684736
1297760526425042944
1297760484465291264
1297760423593345024
1297760154168025088
1297759438049357824
1297759396160843776
1297759336719093760
1297759305727442944
1297759272483332096
1297759247627952128
1297759206347542528
1297759182867791872
1297759148118102016
1297759096825946112
1297759048394248192
1297758991590854912
1297758956786524160
1297758930198769664
1297758901925027840
1297758779115745280
1297758735675396096
1297758666771312640
1297758610005663488
1297758581408899072
1297758535296712704
1297758498827259904
1297758462722609152
1297758424860680192
1297758350642417664
1297758322154704896
1297758098472534016
1297757993564545024
1297757929572098048
1297757819014451200
1297757800114925568
1297757779906768896
1297757750634713088
1297757697366994944
1297757472342540288
1297757455712169984
1297757439610191872
1297757422707146752
1297757270730854400
1297757242813550592
1297757209640734720
1297757168075251712
1297757143785848832
1297757130276184064
1297757091130679296
1297757069962031104
1297757047119851520
1297756960415244288
1297756935178117120
1297756841187905536
1297756827833249792
1297756390988152832
1297756351750377472
1297756313603235840
1297756299648733184
1297756282527637504
1297756253477842944
1297756162021117952
1297756139552219136
1297756074074951680
1297756060577669120
1297756037483770112
1297751881050140672
1297751863689981952
1297751840701009920
1297751522659512320
1297751497900470272
1297751482100482048
1297751451310206976
1297751423963324416
1297751394674446336
1297751378069200896
1297751345555034112
1297751304526331904
1297751245336256512
1297751221781114880
1297751135214866432
1297751090822348800
1297751051316207616
1297751035537063936
1297751019846340608
1297750995628429312
1297750979673296896
1297750962103357440
1345524305627664384
1345522459181768704
1345521732619104512
1345519840312893440
1345519323893403648
1345517924170289152
1345516281668268032
1345506524152664064
1345506198049730560
1345505648457502720
1345505252351610880
1345504808988454912
1345504174876856320
1345503707790766080
1345503314214006784
1345502424799313920
1345501803467706368
1345499821684240384
1345498487392239616
1345497671377821696
1345496268613832704
1345495441396420608
1345495406785011712
1345494957214330880
1345493599664943104
1345492536773783552
1345492218203795712
1345491078665957376
1345490760758657024
1345489653152030720
1345489499950870528
1345484977123823616
1345484529067307008
1345484139622002688
1345482785469968384
1345481229190242304
1345480607355330560
1345479458728398848
1345478481854025728
1345477858525925376
1345476534782537728
1345442977469050880
1345442684731875328
1345441993950957568
1345441623392579584
1345441159334780928
1345441116448043008
1345439896702513152
1345439832315744512
1345439379876179968
1345439037046345728
1345438695185412096
1345411329440550912
1345410434573217792
1345410251521216512
1345409692881850368
1345406171390373888
1345404961971167232
1345404741719904512
1345402746871144448
1345396148765396992
1345396135393951488
1345394962981125888
1345388376132878336
1345383924374130688
1345383418171957248
1345382935487250432
1345382255221493760
1345381569985441792
1345351541016977408
1345350896746696704
1345350657939795968
1345350570199146496
1345349182471733248
1345349130986672128
1345349125404053504
1345349066931232768
1345349053605949440
1345349001873399808
1345349000577380352
1345348944302395392
1345348912849235968
1345348855362150400
1345348840342355968
1345348789146685440
1345348776542789632
1345348718753685504
1345348707030609920
1345348663074316288
1345348659412672512
1345348605461323776
1345348587186696192
1345348529536040960
1345348217463070720
1345347883160248320
1345347663319990272
1345342693086556160
1345342654276624384
1345341719500480512
1345341674592104448
1345339309491105792
1345338673676562432
1345337508574482432
1345336977785237504
1345335640301428736
1345335145692352512
1345334760378408960
1345334394760916992
1345334253165408512
1345327500231114752
1345326451889942528
1345326004785569792
1345325310762496000
1345324685681188864
1345323898796208128
1345323827014881280
1345323687612919808
1345323193960161280
1345322977693458432
1345322827050835968
1345321286470422528
1345320171121102848
1345176770543288320
1345174564041617408
1345174166320926720
1345170898849067008
1345158570376126464
1345156005622116352
1345155067687661568
1345153601530978304
1345152773210451968
1345152148984750080
1345151767462473728
1345151422527102976
1345151093513351168
1345150965461168128
1345150236113694720
1345148845035036672
1345148083471081472
1345148063443279872
1345148037153357824
1345148017582735360
1345147749789028352
1345146483113418752
1345138213741072384
1345138095256182784
1345137591415410688
1345137155732099072
1345129219735629824
1345127873569558528
1345126100989599488
1345125892822085632
1345125403367763968
1345124438749007872
1345121671456423936
1345121503055114240
1345120614537957376
1345120444366597888
1345089820956250112
1345086416171249664
1345086208280580096
1345061343167197184
1345053053792235520
1345045914071740416
1345040280299458560
1345039288254259200
1345036517350268928
1345000409669251072
1344999984824000512
1344999401408835584
1344997130272960512
1344996485474234368
1344995910103805952
1344995564648345600
1344994996089479168
1344994527686356992
1344993850490806272
1344993241586954240
1344993014566023168
1344992002925088768
1344991914710413312
1344991861656719360
1344990602832785408
1344985849323258112
1344982014466916352
1344980801348395008
1344950203762270208
1344949971624341504
1344949714014375936
1344949206251937792
1344949192712728576
1344949179269971968
1344949116661600512
1344947555948486912
1344942188900265984
1344941796888031232
1344940603575042048
1344940234786664448
1344940091647655936
1344939897422016512
1344938688611020800
1344938219696218112
1344937352662290432
1344937263562686464
1344936798355644416
1344936078512414720
1344933315162353664
1344927819076407296
1344769523430412288
1344768858427707392
1344758448068636672
1344742471071371264
1344725414871236608
1344719906588270592
1344719654946807808
1344718283178700800
1344703794328854528
1344702238640517120
1344701641270898688
1344699634946596864
1344699597839610112
1344698592909533184
1344698463381053440
1344697412275859712
1344697300271190016
1344617208912220160
1344617161348804608
1344616207899627520
1344616188962369536
1344616172201922560
1344616155709923328
1344616131122798592
1344616113703968768
1344616093130887168
1344616069735084032
1344616053075304448
1344616003347619840
1344615987769966592
1344615972049739776
1344615956711157760
1344615938361093888
1344615922049429504
1344615904290742272
1344615888612454400
1344615873441574912
1344615858518290432
1344615840944181248
1344615821994307584
1344615796102852608
1344615776347713536
1344615511905210368
1344615251829010432
1344537969768734720
1344422535526559488
1344419410841317376
1344418991402573824
1344418581421961216
1344417660210180096
1344416121886277632
1344414213817700352
1344327319171829760
1344326816417406976
1344324835346960384
1344323182703087616
1344319038420353024
1344313157402112000
1344312857975017472
1344305006179196928
1344304469501243392
1344303049850945536
1344302838361546752
1344300657604513792
1344299874607620096
1344299225669111808
1344298842729156608
1344258464131018752
1344258134207041536
1344257204870917888
1344256626048585728
1344255500662296576
1344253120927428608
1344251519324008448
1344244398238871552
1344239341468573696
1344231871979393024
1344231342758916096
1344231131131109376
1344196125021110272
1344196042057789440
1344194646268903424
1344194540383707136
1344194358736781312
1344193693939544064
1344192568016457728
1344183831746777088
1344183668034695168
1344183496093392896
1344172359205449728
1344144594829762560
1344144454672912384
1344052747209998336
1344051895669813248
1344051733106995200
1344045741891845888
1344045138260197376
1344044736093544448
1344044623291940864
1344041280473595904
1344039702073110528
1344039594787008512
1344039180326858752
1344039035979902976
1344038861672951808
1344038619208671232
1344033867347464192
1344032499165491200
1344032279014895616
1344031419291545600
1343967537957138432
1343967430280949760
1343966283277230080
1343965281220177920
1343941467467878400
1343940226138468352
1343938856970821632
1343938162641539072
1343933183755169792
1343901643897790464
1343900496940195840
1343890662333296640
1343890640539684864
1343879027896053760
1343876321475252224
1343875956793102336
1343875567536529408
1343712913618587648
1343712707871182848
1343712226390241280
1343711784637755392
1343711470115299328
1343711346182008832
1343711142670180352
1343708537063661568
1343707862397313024
1343706924915810304
1343705749692755968
1343705138918273024
1343675019432517632
1343674378043740160
1343674362138910720
1343674346322190336
1343671762073104384
1343667325283819520
1343665516205010944
1343664770495508480
1343664636906901504
1343664571668688896
1343664070831054848
1343663675954106368
1343663277440704512
1343662965355118592
1343661615808475136
1343641243176202240
1343641122149699584
1343640694888542208
1343640601565270016
1343639561524699136
1343639249401348096
1343637841688068096
1343636051311677440
1343634705846034432
1343633572645756928
1343618011077505024
1343602397898268672
1343602375488110592
1343601674628308992
1343601027027709952
1343588275194372096
1343587832582057984
1343578808021090304
1343577466682667008
1343577389218017280
1343576930159882240
1343576242524712960
1343575191264358400
1343575132753846272
1343575095005106176
1343516967685279488
1343516695047135232
1343516255043670016
1343514831559806976
1343513642067750912
1343512622415621888
1343511366091595776
1343510984334438400
1343508972796600320
1343508250856194048
1343507007723229184
1343506286894313472
1343504060368957440
1343503967670718464
1343503571413835776
1343497264300511232
1343486195452571648
1343458592695988224
1343458369282183168
1343317426302316288
1343315867501801472
1343314790610067712
1343312531885056000
1343312013175492608
1343311767427051520
1343311724116652032
1343303125470498816
1343302682694594560
1343297661718429696
1343295279752241152
1343269204024320000
1343260926213050368
1343260010382561280
1343259693645496320
1343259540117221376
1343259077326074112
1343257291131396096
1343256325342507008
1343255081601409024
1343254732266234112
1343253334279540736
1343252171018690560
1343250866481016832
1343246265296031488
1343245778169552896
1343245722771189760
1343230358335139840
1343220241170653184
1343219793898467328
1343219303148097536
1343219267190329088
1343219214321143808
1343202882619928576
1343202582861381632
1343202532919832576
1343202170884255488
1343201681299931136
1343201525158584320
1343199967792553984
1343199567983079424
1343199356367855616
1343198625564942336
1343198071195369472
1343197901078589440
1343197738314379264
1343197489642528768
1343195592965697536
1343195315848019968
1343195030312333312
1343194587112873984
1343194095771131904
1343193029587435520
1343192214369947648
1343191470422040576
1343190453869563904
1343188884478373888
1343188400829067264
1343188288597852160
1343187688866914304
1343177794231152640
1343177581428879360
1343177532871479296
1343177288821702912
1343175774518595584
1343168533237288960
1343167889264807936
1343166551063670784
1343165905006682112
1343165311336521728
1343165246165413888
1343165204155281408
1343165145875406848
1343165093962518528
1343165066359795712
1343165032713121792
1343164995689971712
1343164949334528000
1343164891952242688
1343164851569504512
1343164797274247168
1343164677669445632
1343164644685451264
1343164598967541760
1343164546014453760
1343126031083958272
1343125941481070592
1343125904051023872
1343123529395564288
1343123412173156352
1343123045997818112
1343122920571363328
1343122667965181952
1343122634570158080
1343122597253423104
1343122311927504896
1343120600261398528
1343119290665459712
1343119166472151040
1343118986742010112
1343117650566770688
1343117416579137536
1343117288795475968
1343117073443155968
1343116712259039232
1343116577575723008
1343116286755287040
1343116044144177152
1343115645584605184
1343114750004252672
1343114217877082112
1343114154446618624
1343114101158006784
1343113965648412672
1343113399044104192
1343113330802778112
1343104784723832832
1343104709364756480
1343104136762552320
1343095593321848832
1343094099226877952
1343094059196420096
1343094013889572864
1343093947967672320
1343093823384260608
1343087613637492736
1343086214669328384
1343085841527275520
1342964794744332288
1342964108853964800
1342963940104556288
1342963817937063936
1342953397608189952
1342945744391647232
1342945549914398720
1342942826334728192
1342940946913234944
1342940375238012928
1342939620699496448
1342938802613067776
1342935051273728000
1342927682531708928
1342927505989263360
1342926541852975104
1342926159873536000
1342926135433289728
1342925646532632576
1342925519583670272
1342924736154791936
1342924705041444864
1342924308985880576
1342924186558357504
1342924165809057792
1342924044698611712
1342923698928558080
1342923685661957888
1342912430473670912
1342911234988003328
1342910890312691712
1342909220585406464
1342909121939591168
1342908920545816576
1342869837874343936
1342868825939828736
1342868217505730560
1342867917407444992
1342866454740430848
1342865317186461696
1342863837528268800
1342863453933985792
1342862155889205248
1342846984739295232
1342846171652497408
1342845973433884672
1342845300998868992
1342844855354089472
1342843664259756032
1342843424878305280
1342841979269480448
1342841154308612096
1342840802138009600
1342840076007571712
1342839776265842688
1342839588281344000
1342839034461233152
1342838667908419584
1342838364194676736
1342837707412819968
1342834428461142016
1342834376560828416
1342834080656850944
1342833811957182464
1342833764154675200
1342833139476004864
1342832856108818432
1342832181798957056
1342807692465856512
1342807588333875200
1342806951986688000
1342805654847807488
1342802583417716736
1342801048273092608
1342799921016164352
1342799630728384512
1342798125296185088
1342798089434836992
1342798074784206848
1342797438692839424
1342797300037517312
1342796745231618048
1342796073916637184
1342796022167318528
1342795571057340416
1342795380296208384
1342795246191734784
1342791968968085504
1342791555187355648
1342789552914759680
1342789349298077696
1342788815254151168
1342788400601030912
1342788229951590400
1342787770473963520
1342787378344300288
1342787197582385152
1342787094364762112
1342786980850053120
1342785204507832320
1342785052208492288
1342784661731340288
1342784161631920128
1342783424097087488
1342783171646124032
1342782430894313472
1342781313535926272
1342780792863420416
1342780305896337408
1342780209699938304
1342776785579233280
1342775269170573312
1342774726373081088
1342774215695593472
1342774159802314752
1342774150914580480
1342774066579722240
1342774052939845632
1342773961357225984
1342773880847478784
1342772306259668992
1342772284885495808
1342772262290804736
1342772238865596416
1342771802079113216
1342771331373412352
1342770974211637248
1342756958739304448
1342626004595056640
1342625341957922816
1342624844807106560
1342620542055165952
1342619408150257664
1342619098761539584
1342618502784573440
1342617820279005184
1342617319101640704
1342613533599690752
1342613106544041984
1342610868354375680
1342608816169492480
1342608195026563072
1342604580010532864
1342603588556779520
1342603270376841216
1342603167075332096
1342602038299996160
1342601835815825408
1342599888719253504
1342546828231925760
1342544703032594432
1342542092434874368
1342541083486662912
1342540914141655040
1342530039250882560
1342529972125233152
1342511845433876480
1342511826316177408
1342511811191562240
1342511795760754688
1342511760989941760
1342510994124365824
1342510560919887872
1342510244258312192
1342509561434034176
1342509531834802176
1342509432819867648
1342490483654856704
1342490240884342784
1342489763547402240
1342488974565253120
1342485604181958912
1342485348547485696
1342485256771956736
1342485197384769536
1342483313387311104
1342483231409655808
1342426559983005696
1342426134596759552
1342425735982669824
1342425542335877120
1342424821553094912
1342424471597154304
1342418056157552640
1342417629265481728
1342417191350767616
1342416969912475648
1342416035111198720
1342415797793271808
1342415586597416960
1342415383433793536
1342415219646230528
1342414752287502336
1342414381469093888
1342414230281199616
1342414133766057984
1342413676058435584
1342413221492371712
1342412589880512512
1342411947896139776
1342411749027442688
1342411343413051392
1342404522921046016
1342403816789061632
1342402901059268608
1342402747862290432
1342229167467855872
1342228772871921664
1342228038747123712
1342227761360990208
1342227248305344512
1342222739906637824
1342219488801001472
1342219240540135424
1342218234574069760
1342218082681548800
1342203021170679808
1342201923580145664
1342201609015668736
1342201316324626432
1342200690639253504
1342200561920339968
1342200458060980224
1342200315949568000
1342200227667783680
1342200109426098176
1342200011900284928
1342199911471853568
1342199819247513600
1342199730412072960
1342199556159758336
1342199491982721024
1342199423464579072
1342199382628773888
1342199337959518208
1342197189750235136
1342195375336251392
1342194964747456512
1342194683573886976
1342194259760476160
1342194022664830976
1342193364142333952
1342192604511940608
1342192102428573696
1342191938603258112
1342191475677941760
1342191033178853376
1342178886789033984
1342177901471526912
1342177170291109888
1342176557780115712
1342176491321384960
1342176476381253632
1342176459360792576
1342140228232949760
1342139948569391104
1342138879441297408
1342138811363569664
1342119230498615296
1342118897848348672
1342099301628051712
1342059260662996992
1341850041754013696
1341849612978688000
1341848701661294592
1341848388460044288
1341848265105534976
1341848067620761600
1341847710715047936
1341846979324878848
1341846718854426624
1341844979220660224
1341844594460401664
1341844290885054464
1341844094134435840
1341841721295069184
1341840811818946560
1341839890846236672
1341800925950844928
1341800315193090048
1341800128684974080
1341799694285099008
1341799151349223424
1341795255432187904
1341794771094953984
1341794242184814592
1341793908465016832
1341779489278312448
1341778423774101504
1341777013628145664
1341775013955985408
1341769286906470400
1341768742120906752
1341767946901856512
1341722454427901952
1341722027070263296
1341721572927823872
1341721343713300480
1341721259089027072
1341719939313520640
1341719602972258304
1341718788941737984
1341718164590252032
1341700016046559232
1341695742541504512
1341695502954455040
1341694975231275008
1341694450540658688
1341693760275689472
1341690769070014464
1341690456204341248
1341689972722700288
1341689684053913600
1341688468620120064
1341686485192503296
1341655197647552512
1341647792620580864
1341647577654161408
1341647100916994048
1341646766777757696
1341646311976824832
1341637089050456064
1341626563725570048
1341625747862118400
1341610890085457920
1341504966679212032
1341504286216359936
1341502852821356288
1341501855944355840
1341496831189143552
1341481247458123776
1341480383637041152
1341479912637669376
1341479614187770112
1341478533013643264
1341475100185530368
1341473737984643072
1341473239579635712
1341463152895152128
1341463051657211904
1341456793113903104
1341455835562696704
1341455391176192000
1341454423940341760
1341454242712842240
1341453549700583424
1341452409743302912
1341452042544529408
1341451906711957504
1341451573478735872
1341450815295393792
1341449533021143040
1341449094313762816
1341447271481831424
1341416792653254912
1341416323499384832
1341415364278804480
1341413774729895936
1341413359825121280
1341412340659613696
1341411783467294720
1341410740171927552
1341409655340339200
1341407400562221056
1341387504008781824
1341387302178873088
1341386284061831168
1341385570904379392
1341374384536236032
1341373887112749056
1341354930133757952
1341354723954352128
1341354667226378240
1341354458031288320
1341354048084209664
1341338755861516288
1341338677310607360
1341337713652461568
1341337265323339776
1341313942757511168
1341313120413880320
1341312809779523584
1341310729794842624
1341302715222266112
1341150959523799040
1341150947314118912
1341150323444997888
1341142899862491136
1341142503660150784
1341142197056450560
1341141427351396352
1341139817476833280
1341138584645021696
1341138232017358848
1341137520281706496
1341136394387898368
1341128843432767488
1341126660914094080
1341123407811915776
1341122780041981952
1341122336943206400
1341121639803744512
1341118078755717120
1341118046728011776
1341108380954443776
1341089910057562112
1341089146413133824
1341088481997688832
1341088453489025024
1341087699013394432
1341086989244874752
1341086170680348672
1341085972231032832
1341085740600598528
1341084947273183232
1341084424616734720
1341084211747442688
1341083303777087488
1341052413864783872
1341051553248141312
1341050826916311040
1341049457798987776
1341049320217473024
1341048390885502976
1341047882678489088
1341046913324494848
1341046571178323968
1341046081875021824
1341044623670689792
1341043968902115328
1341043720112791552
1341043699011248128
1341043582799589376
1340985777749147648
1340985698762059776
1340985637437116416
1340985162918752512
1340985141079007232
1340984832076210176
1340967235737796608
1340966642977783808
1340965871183933440
1340965605298597888
1340965126560768000
1340963676543709184
1340963204197998592
1340891806674923520
1340793457233813504
1340790829275898112
1340789652173844480
1340787544913551360
1340787375413276672
1340785472587612160
1340785440761278464
1340784034063015936
1340783276550729728
1340783161488404480
1340782431222296576
1340782339157311488
1340781663085858816
1340780373119217664
1340780299198881792
1340780002594476032
1340779410719432704
1340778191057805312
1340777875977490432
1340777358786240512
1340777039121571840
1340776606919520512
1340776137660751872
1340774885291900928
1340773391192760320
1340773261550956288
1340772956050493440
1340772072302252032
1340771313309380608
1340770815000915968
1340769865301454848
1340769581745528832
1340769226701860864
1340768566140952576
1340767595281170432
1340765977089335296
1340763026329395200
1340762864114659328
1340762753816997888
1340762521637142528
1340761847272792064
1340761596088487936
1340761385509240832
1340760607893712896
1340758148202844160
1340757935388061696
1340756384959361024
1340755968741810176
1340755899812638720
1340709170149023488
1340706943372058624
1340706602819661824
1340705645734064128
1340705605544275968
1340704937236455424
1340704756474535936
1340703863096160512
1340702776452665088
1340700658551414784
1340700555342196736
1340699783430877184
1340698427349495808
1340681793553518592
1340681523595538432
1340680017110568960
1340679630169190400
1340676827799547904
1340676062674636800
1340673712987770880
1340672991290658816
1340671750871375872
1340671453390401536
1340670682653483008
1340669849626947584
1340669434948685824
1340669245575852032
1340635744898060288
1340635263236763648
1340634227054927872
1340633975266668288
1340633235152396288
1340631408511991808
1340631185920303104
1340630946840784896
1340630699435577088
1340630448389705728
1340629425277325312
1340623730532376576
1340622843047010304
1340621046442061824
1340621009309855488
1340597046227644416
1340593555602075648
1340584009403908096
1340583572521037824
1340582757819420672
1340580336682602496
1340579542050754560
1340577989201948672
1340577042463662080
1340574434873274368
1340449329732005888
1340449277206802432
1340449088903507968
1340448529538539520
1340448416346849280
1340447792318263296
1340446690353025024
1340445986146177024
1340445875437506560
1340445802670534912
1340445150296891392
1340444490553831424
1340443910791974912
1340443728973090816
1340443540392972288
1340443354413338624
1340443279033311232
1340442916469288960
1340442838610436096
1340441924034060288
1340440635497701376
1340440304386760704
1340439844561010688
1340439357463928832
1340436599583223808
1340436257000873984
1340436204144234496
1340387621135147008
1340387055055089664
1340386757628620800
1340377234138406912
1340375757814677504
1340375607960621056
1340375160772288512
1340373802111422464
1340373351299248128
1340373211784097792
1340372040063344640
1340371699867541504
1340371294798405632
1340370093960810496
1340369350130331648
1340369249622249472
1340369141539155968
1340369007409545216
1340368397918482432
1340367951166369792
1340367132106874880
1340365946578378752
1340365908359979008
1340365867364855808
1340365827686756352
1340365800721575936
1340365758023561216
1340365739916730368
1340365488061341696
1340364934778122240
1340364676744548352
1340364609723789312
1340343476936957952
1340342866086916096
1340342132717072384
1340341576602673152
1340341267675422720
1340341212759404288
1340340486599553024
1340340319087439872
1340339053275860992
1340338309323776000
1340338230667976704
1340337959581659136
1340336958392950784
1340335493175779328
1340334763106856960
1340334156782440448
1340330482605699072
1340330259779121152
1340328469000048640
1340315013916061696
1340314364943937536
1340313880157957888
1340313321279467520
1340304415421571072
1340304122558500864
1340303551399162112
1340302763893338112
1340302576860979200
1340302375760912384
1340302169132523520
1340301554218389504
1340299952661139712
1340299091637637120
1340299033013858304
1340298504502173696
1340298418862895104
1340298151316647936
1340296928161116160
1340296361292558336
1340281319390142464
1340280651342372864
1340280284642758912
1340279381256769536
1340278935293218816
1340278631935959040
1340278029772337152
1340277385061654528
1340262676287660032
1340262007027675136
1340261839540789248
1340261634091171840
1340261129159913472
1340260440388087808
1340260029044305920
1340258697679937536
1340257223059132416
1340256045902548992
1340255559879155712
1340254217131466752
1340253394842373888
1340252555553599488
1340252541498642432
1340252525732253696
1340252511731675136
1340252498561560576
1340252484066000896
1340251717967986688
1340251333228703488
1340251211941986304
1340250462914801664
1340249780967108608
1340249543645016064
1340249197199683584
1340247772587569152
1340247530697875712
1340247370844520448
1340245357163401216
1340241118789832704
1340240734272839680
1340240215504547840
1340239378162085888
1340238704628162560
1340238182730911488
1340237456285818880
1340073138349027328
1340072815890980864
1340071530076758016
1340071489706618880
1340071382563086336
1340071302229536768
1340066718136356864
1340065570205671424
1340063089371344896
1340062235272605696
1340061311032504320
1340060280437542912
1340059373452836864
1340059314850062336
1340015252977627136
1340013738989154304
1340012516110462976
1340009840790433792
1339902060586786816
1339901521253818368
1339901300474077184
1339879900145209088
1339879272643776512
1339637731123728384
1339619032820027392
1339615685014671360
1339615385692352512
1339614477654913024
1339613014362705920
1339611856642711552
1339611411513798912
1339610162282311680
1339592951542870016
1339563474599424000
1339563084281745408
1339562630323662848
1339478377393221632
1339477330671091712
1339339773002059776
1339338272401731584
1339337190950756352
1339336231860236288
1339335916293402624
1339335839109832704
1339320912131264512
1339320506449879040
1339312541202264064
1339311969694838784
1339311236765392896
1339309881866792960
1339309694570147840
1339308615593816064
1339308220213498112
1339303589622272000
1339283182106107904
1339283079349870592
1339281876737994752
1339281528015220736
1339281333965697024
1339281179544084480
1339280592219869184
1339280003666735104
1339279387787726848
1339278737460891648
1339278684885295104
1339276002019713024
1339275939398647808
1339275648569892864
1339274781460467712
1339274540418011136
1339270571364921088
1339223499404156928
1339222618822459392
1339221853060149248
1339221719513505792
1339220428678701056
1339220373561352192
1339220290648346624
1339219654892527616
1339217030260658176
1339216244990504960
1339216233540034560
1339216094192689152
1339215456419319808
1339215388937162752
1339215185572192512
1339214982219780096
1339202229782392832
1339201621235015680
1339165261451161600
1339149668543062016
1339146795457372160
1339123089322414080
1339119872840785920
1339119807652892672
1339114993946595328
1339110431827382272
1338980789468467200
1338980024033144832
1338979718666792960
1338979446867582976
1338978144339046400
1338977870027304960
1338976643638063104
1338976092091273216
1338975225237663488
1338975009096802304
1338974188938387712
1338973966866804736
1338972180168708096
1338967498721521664
1338937317835345920
1338936858621915136
1338936043001819136
1338935635076395008
1338934861764112384
1338934193145982976
1338933713103704064
1338933623446188032
1338932673558011904
1338932473133142016
1338931186396229632
1338931134445522944
1338929637745897472
1338929475933892608
1338867530413174784
1338867362045431808
1338865882357874688
1338865829769740288
1338865444984246272
1338865293859307520
1338864837909118976
1338864822230765568
1338864729746362368
1338864462342705152
1338864362115584000
1338805920109883392
1338805615452418048
1338805528475160576
1338805421939847168
1338803092561797120
1338802965734363136
1338801810837024768
1338801685217599488
1338801243838443520
1338775457219686400
1338769738932113408
1338604498072334336
1338604030558351360
1338603414129954816
1338602171881885696
1338599292186087424
1338588438463975424
1338587995654549504
1338579423491186688
1338575802858786816
1338575446624047104
1338543719251906560
1338542773230850048
1338542219230384128
1338540819444281088
1338536292439748608
1338514446323421184
1338512835673010176
1338511870383321088
1338511847859892224
1338511283696578560
1338511156013576192
1338510256494743552
1338495375943020288
1338494873742290944
1338494772177211392
1338493962907230208
1338492204868923392
1338491179734888448
1338490616842514432
1338489691289563136
1338489362003194112
1338489257565024512
1338488218661040128
1338487243065974784
1338485346959548416
1338485062606663680
1338484897015607296
1338484027758678016
1338459870526369792
1338459831573876736
1338459700778688512
1338427584061861888
1338427100215324672
1338426727027118080
1338414626275516416
1338414251032137728
1338404695757479936
1338395782484004864
1338289132557258752
1338288117246259200
1338287708221943808
1338287683785928704
1338287668321521664
1338286597058531328
1338285751113539584
1338283275731816448
1338279273120092160
1338278739575238912
1338278384208666624
1338248289507020800
1338247643680673792
1338246767901630464
1338241661042905088
1338229675211055104
1338228663838515200
1338227302166097920
1338226565713457152
1338220444512628736
1338218004925059072
1338217508067823616
1338217416342589440
1338217235735859200
1338216828334641152
1338215857944715264
1338215677493194752
1338210095692394496
1338209979438944512
1338209314427838464
1338208488699387904
1338205637180841984
1338205328551399424
1338203416397492224
1338203218954891264
1338135823255015424
1338135284970631168
1338134038117224448
1338133951035174912
1338133507076395008
1338133317615497216
1338133048844562432
1338112790129758208
1338112547384250368
1338112464869855232
1338112361471877120
1338112263933214720
1338111359859503104
1338111033370701824
1338110621406154752
1338110358540718080
1338110148280283136
1338109227458588672
1338108995152867328
1338105236423106560
1338092786910892032
1338092586918141952
1338092362514501632
1338091230564134912
1338091117447933952
1338090304851873792
1338089672015310848
1338089652201398272
1338089254019330048
1338089137438674944
1338082523784630272
1338075268519440384
1338073191764418560
1337890415039696896
1337889673826414592
1337889658546630912
1337889641949753088
1337889625533243392
1337889609724932096
1337888979513974784
1337888412536365056
1337888198182178816
1337887882577633280
1337887791259283712
1337887614435799040
1337887158649163776
1337886567218737152
1337886178377396224
1337885468646666240
1337841699113095168
1337841440911728640
1337841076388958208
1337840119282339840
1337840093910999040
1337839678637084672
1337839464043909120
1337838807606030336
1337838296983089152
1337838208332288000
1337838042011332608
1337837344393715712
1337835728047321088
1337834682059198464
1337834487665872896
1337834097436188672
1337832476044111872
1337832412487749632
1337829098324979712
1337828478494920704
1337828200492265472
1337827620281605888
1337827204516950016
1337827160053207040
1337827022731702272
1337771369958871040
1337771136524947712
1337770829204090880
1337770665051648000
1337769929161011200
1337769460841799680
1337768087739883520
1337766294754648064
1337765484176039936
1337753987244822528
1337736961772150784
1337736506518233088
1337690171098140672
1337689787617202176
1337688892296867840
1337687707326296064
1337686698638127104
1337683403827798016
1337682981872431104
1337564116471451648
1337563610734882816
1337563078481809408
1337561010543063040
1337558371399053312
1337555192691175424
1337552286747340800
1337551072513155072
1337545647323484160
1337544506451877888
1337544033724473088
1337542497497649152
1337541468643356672
1337482464248336384
1337482029705859072
1337481701929447424
1337481084137844736
1337480659770732288
1337479724302544896
1337479659139764224
1337479506035093504
1337478402207518720
1337478312231399424
1337478056064274432
1337476200730603520
1337475697036718080
1337458462339575808
1337439060227395584
1337439023493681152
1337438625211015168
1337438340275187712
1337392515704614912
1337392411992076288
1337391246646661120
1337389611010707712
1337353711086166016
1337352607623507968
1337352126931013632
1337341434878431232
1337340960485879808
1337331339050283008
1337330766594920448
1337330532808593408
1337330056222437376
1337168237080047616
1337165050637856768
1337164487351275520
1337141778277863424
1337141036955660288
1337140490064564224
1337139317513330688
1337138888083706112
1337107798585274368
1337105959689318400
1337098531182702592
1337098249853923328
1337078653444890624
1337068449936396288
1337068164392374272
1337068067302633472
1337067829959462912
1337067158371770368
1337066530551590912
1337035659576487936
1337026805530759168
1337026219695505408
1337006087048933376
1337005727265722368
1336993827379359488
1336993559547957248
1336993414945132288
1336992936752525312
1336992624398446592
1336821157316661248
1336815774137200640
1336814902443388928
1336811992674349056
1336811574883995648
1336769738488369152
1336769453992849408
1336768791125118976
1336768768161308672
1336767420283953152
1336766253709598720
1336764759232966912
1336764083517972480
1336760605429084160
1336760476613668864
1336759118464512000
1336758959122870272
1336757467343163392
1336756916207411200
1336756465261031424
1336756136180150272
1336746576254021632
1336746392635789312
1336741654582194176
1336737838180786176
1336737628490764288
1336715837101715712
1336690301746995200
1336643523441987584
1336635803657592832
1336634743568347136
1336603650714722304
1336602943164858368
1336602846654062592
1336426437058961408
1336425834165493760
1336425431084527616
1336418278105894912
1336417984391344128
1336417234676314112
1336415342852255488
1336414956401684480
1336414751992262912
1336412341475348480
1336411859109474304
1336411477062856704
1336411285894942720
1336411140545531904
1336411096358531072
1336401181531394048
1336400812734550016
1336343143051124736
1336342852520079360
1336342206144270336
1336342129308798976
1336341887582613504
1336341300858249216
1336340983244451840
1336340901959004160
1336338824633278464
1336338203360460800
1336337550928039936
1336336478574538752
1336321310897553408
1336265776727252992
1336051120570052608
1335993747432148992
1335991913963524096
1335990248896126976
1335989873602342912
1335989453232410624
1335988309517094912
1335987799502311424
1335987698729947136
1335986960658292736
1335986523737645056
1335985062077140992
1335984386479595520
1335983815089672192
1335968141902557184
1335967878592524288
1335967084283572224
1335962389984980992
1335961153223143424
1335960973933416448
1335959539892547584
1335958125187276800
1335957727051395072
1335956891810271232
1335956765440094208
1335956127184465920
1335955476106850304
1335954786185863168
1335953839321706496
1335953654373883904
1335953558278205440
1335953342955220992
1335953329386557440
1335902822467072000
1335901602503385088
1335900191287881728
1335900081661358080
1335899955739955200
1335899680811708416
1335899203072102400
1335898810313281536
1335897964515045376
1335897388691689472
1335896902643146752
1335895275274203136
1335895014023573504
1335894806652985088
1335893512215277568
1335888284707328000
1335887801095778304
1335869009745620992
1335868915524775936
1335868835077865472
1335852313630679040
1335851876148011008
1335850371172937728
1335849459117383680
1335848031598612480
1335847310715187200
1335846713148518400
1335845658268413952
1335845236690530304
1335699344922701824
1335699318011990016
1335697337692381184
1335697049300373504
1335696294388625408
1335695044129513472
1335694587332091904
1335693424339660800
1335693157820981248
1335691550798516224
1335690777134047232
1335690462540271616
1335687752805994496
1335646054709080064
1335645990905405440
1335644880643776512
1335644227171180288
1335644157055037440
1335643957456408576
1335642667078848512
1335641785868152832
1335638017118261248
1335637510114963712
1335636115865349888
1335635775879311360
1335635224336723968
1335620448688680960
1335620202399211520
1335619076408938496
1335617479914110976
1335616996843659264
1335616867302576128
1335615673091973120
1335615034626633728
1335614014563508224
1335613526442979328
1335612418211389440
1335611121672331264
1335611061349789696
1335610842688212992
1335610778955681792
1335610535572811776
1335608774653054976
1335571960722501632
1335535273212514304
1335525938776469504
1335525756852719616
1335520572038639616
1335520529223135232
1335520512722817024
1335514801406140416
1335514510086594560
1335513942857289728
1335513516804018176
1335513075194224640
1335512962799439872
1335512598343798784
1335511912453447680
1335511369110740992
1335505434279636992
1335505407494778880
1335503927241027584
1335503609983881216
1335389251891032064
1335387434457182208
1335386968285442048
1335385929234735104
1335385492788043776
1335385050272108288
1335384437551484928
1335384342114209792
1335383853364621312
1335383791515430912
1335352744400592896
1335352226680877056
1335351797410623488
1335350966678384640
1335338840203157504
1335337860598272000
1335336604521689088
1335335721952038912
1335333492859736064
1335322559244546048
1335322162337607680
1335321447280091136
1335310021530447872
1335309904119271424
1335308449857540096
1335279886764797952
1335279071371141120
1335278698291982336
1335278327758807040
1335275173260513280
1335274768317222912
1335250951700172800
1335250732342239232
1335250063950491648
1335249528589578240
1335249078620459008
1335247977905057792
1335246679319121920
1335246548008054784
1335210186714320896
1335210123090931712
1335186593410392064
1335186287305904128
1335186088961466368
1335185495370977280
1335185173986545664
1335184986815782912
1335184363286376448
1335181646119755776
1335181473960300288
1335181256158547968
1335180494225481728
1335021202428071936
1335015046792044288
1335014851060654080
1335013988334252032
1335013739968536576
1334984591753572352
1334984017385492480
1334974546189766912
1334974100398350336
1334973848740122624
1334973360929984512
1334973168776339712
1334970239549911040
1334970194956083200
1334967544478912512
1334965360915779584
1334963507364761600
1334962731766706176
1334962692742901760
1334962535955632128
1334962409619005440
1334961653906083840
1334961153756327936
1334960277771739136
1334959810341691392
1334815970217644032
1334636611318001664
1334635149137485824
1334632959371055104
1334632912843640832
1334249243322830848
1334221942803587072
1334190240182005760
1334116460587835392
1334116406607171584
1334106363228807168
1334101377325428736
1334099091400388608
1334098493502328832
1334098454918868992
1334098415068868608
1334097513394151424
1334097079447277568
1334096882327490560
1334096149129666560
1334077551816433664
1334077155312066560
1334077001561477120
1334076696534904832
1334057466062123008
1334037260736622592
1334016856802332672
1333888077874532352
1333887237298196480
1333882707898732288
1333882201247715328
1333881845746970624
1333880840661725184
1333879130706890752
1333878151538151424
1333876587629043712
1333874814134738944
1333874452581462016
1333874227175452672
1333873901139615488
1333873722533396480
1333872821655785472
1333872546098327552
1333872306981114112
1333872014923345920
1333870799040733184
1333870546359095296
1333870166577442816
1333869363049402368
1333863860630138880
1333824385560535040
1333823554706682112
1333822403298942976
1333819703257686016
1333818975847903232
1333818695941054464
1333817808803786752
1333817680751628288
1333796775325405184
1333795822660505600
1333795572973662208
1333794501417074688
1333794427748241408
1333793714213244928
1333787125918023680
1333787001796001792
1333786682340958208
1333786334834552832
1333785876065730560
1333785464097042432
1333784931097427968
1333784721797521408
1333774315377061888
1333774005409619968
1333765075249848320
1333764693295501312
1333728109749743616
1333728043211382784
1333726670801526784
1333725265973948416
1333724572915556352
1333723898928640000
1333723867416850432
1333710571653492736
1333709395935555584
1333708833387110400
1333708221815644160
1333708139343073280
1333707840976990208
1333707645434343424
1333707128457060352
1333705056244396032
1333704608116518912
1333535753511591936
1333533123565522944
1333532632580313088
1333506861694410752
1333505525342941184
1333504827209494528
1333504331077840896
1333503730965209088
1333503674635710464
1333502548746113024
1333471330633736192
1333458929301458944
1333456556533440512
1333456000913960960
1333455978025639936
1333454791561932800
1333454172520378368
1333451433174294528
1333449392674770944
1333448415737417728
1333446815237230592
1333445941672767488
1333444500627329024
1333443776694652928
1333399787929022464
1333382804210593792
1333382746035671040
1333382141326012416
1333381615012220928
1333379155543646208
1333378752324259840
1333378166736498688
1333376821317001216
1333376496531087360
1333371897980080128
1333353011020771328
1333302181873803264
1333291754771132416
1333291264863838208
1333169965315333888
1333161195877052416
1333159275292749824
1333157969157099520
1333135387225710592
1333134655827161088
1333134556405391360
1333132044365410304
1333130523984748288
1333130025357484032
1333129934412328960
1333129449366310912
1333128714066989056
1333128494801440768
1333128302693855232
1333127547111010304
1333097138423803904
1333093625690017792
1333092807213518848
1333067405329838080
1333066664502562816
1333058942465929216
1333058048466808832
1333057292275757056
1333056879690387712
1333056458322309120
1333050752265293824
1333049569505144832
1333049307424051200
1333049126989205504
1333047803245944832
1333046472430981120
1333020873180258304
1333020455649898496
1333019787665043712
1333019749232545792
1333019717704032512
1333019579409444864
1333019514703929088
1333019333392478208
1333019319257665536
1333019295375364096
1333018912963825664
1333018783607263232
1333018287849021440
1333015713691414528
1333015133694676992
1333014681691295488
1333013871980851200
1333012750608556032
1333011057271517184
1333003579876122624
1333003114799128576
1333002353440661504
1333001280722268160
1333000928824356864
1332999274322333696
1332996861154766848
1332996544568692736
1332996399110172672
1332995858565115904
1332995628775956480
1332995426828611584
1332986117184958464
1332977858604568576
1332975031719235584
1332829264098578432
1332828186506354688
1332825796956856320
1332824976181907712
1332813064320802816
1332808356780794112
1332807539109584896
1332789726223495168
1332787624365461504
1332765245044092928
1332765164396032000
1332765038852108288
1332764094831747072
1332760696505896960
1332759134819799040
1332734276635414528
1332733188058341376
1332730915462778880
1332730305552257024
1332730001528123392
1332727561323941888
1332727509213974528
1332722450841411584
1332719769649344512
1332719294384402432
1332718603142049792
1332717974780866560
1332716685648941056
1332648125916454912
1332647301895102464
1332647031135997952
1332646760062332928
1332645621124247552
1332645390437543936
1332645021892357888
1332644788496166912
1332644105713815552
1332637672611979264
1332637399889932288
1332636620361785088
1332635583634665472
1332635518803259392
1332635406400155648
1332603187015131136
1332599370529824768
1332599107874131968
1332598831003955200
1332597929547362304
1332597193660882944
1332597158244208640
1332593888729702400
1332593703295315968
1332593075848442112
1332443231158755328
1332442735836585984
1332442483410743296
1332441744194097152
1332441179074547712
1332439009923100672
1332435944964837376
1332434753887334400
1332434673784459264
1332434513255927808
1332434329046294528
1332423243144302592
1332422877279346688
1332422476777857024
1332422066956611584
1332421579804913664
1332421555729674240
1332421105416605696
1332420466082975488
1332419728887992320
1332419530333761536
1332418616747298816
1332351345580445696
1332350556925550592
1332350398372474880
1332348951996080128
1332347164626980864
1332346125609799680
1332344556881371136
1332341879644491776
1332340843290775552
1332338021883125760
1332331642493562880
1332330482793648128
1332330453127278592
1332329433689165824
1332328888316387328
1332326778828955648
1332325995559399424
1332287434139312128
1332285842535182336
1332285350430072832
1332284502698303488
1332284449703211008
1332283172588036096
1332282465843613696
1332281709627322368
1332281127546068992
1332280632517545984
1332252852564205568
1332244415096770560
1332242625886363648
1332234244379303936
1332214542563151872
1332204866912079872
1332083353852448768
1332071651652071424
1332071010204577792
1332069408630517760
1332046116108574720
1332045818518441984
1332045362668957696
1332044738594222080
1332044475946987520
1332043469888638976
1332043325281628160
1332042719770894336
1332038487076376576
1332030712287936512
1331962041624637440
1331958936698839040
1331929247028555776
1331928679765643264
1331928019766812672
1331927747782906112
1331927477581701120
1331927193639940096
1331927051041902592
1331926894875447296
1331886057596575488
1331739809606471680
1331737890175508480
1331737587824947200
1331737379875512320
1331737197356216320
1331736801887784960
1331736168489246720
1331734738944602112
1331733849177526272
1331732790140874752
1331732145979658240
1331731978521964288
1331729708673867776
1331691453907689472
1331691271228973056
1331690881863258112
1331690823751249920
1331690480464240640
1331689115335741440
1331675948635348992
1331674367063977984
1331673711267766272
1331673369411018752
1331672240518275072
1331671454849654784
1331670849787752448
1331666625981014016
1331662642151350272
1331618980830834688
1331618887151063040
1331599436477313024
1331599413404426240
1331599393288581120
1331479857923039232
1331374734416764928
1331373530592792576
1331373188794773504
1331370593053184000
1331368750726123520
1331322022002126848
1331316187272253440
1331280309690781696
1331279385152909312
1331279251920785408
1331276537010774016
1331227376852873216
1331196171516252160
1331195825230389248
1331195631432568832
1331195249897713664
1331194839254396928
1331194508768391168
1331194410353233920
1331193355871645696
1331191871973040128
1331156144128192512
1331154159471636480
1331008835037917184
1331008477339283712
1331005724512620288
1331005043064119296
1331002905063796736
1331002814894632960
1331001118470639616
1330935540867342336
1330934102879559680
1330933599433068288
1330928728206094336
1330928645603532800
1330928095948398592
1330927185763438592
1330926356327264512
1330926344465768448
1330926290879254528
1330924494681214976
1330922473743921152
1330922010642436096
1330921747034632192
1330920978734571520
1330920417654173696
1330919339034353664
1330919135275077632
1330919033106026496
1330918800879980288
1330918464073117696
1330918349929402368
1330900762977857536
1330900368784576512
1330864432717721600
1330862722158915584
1330862377412210688
1330862044074172416
1330861479575293952
1330860252741427200
1330856597350993920
1330842097293914112
1330841860869337088
1330841361734643712
1330827315396419584
1330827107144970240
1330826022493806592
1330822866623991808
1330822406055862272
1330821293650956288
1330820159049785088
1330797298083909632
1330796759463944192
1330792651310903296
1330790990211322112
1330790284108718080
1330788942761824512
1330788359975948288
1330787211369992192
1330774669658615808
1330774525726822400
1330637322577207296
1330635884308410368
1330634638830804992
1330634218892877824
1330633681015287808
1330633370557145088
1330599008948150272
1330598334827024384
1330597839790100480
1330587527879782400
1330587238204313600
1330582299172352000
1330582085422223360
1330554227526168576
1330551018229272576
1330550642331570176
1330529281395613696
1330528072093868032
1330527877301940224
1330527634187554816
1330527139637186560
1330526989229363200
1330487657827364864
1330486680890044416
1330486450635337728
1330485122676776960
1330484819747364864
1330484556269580288
1330479756102545408
1330479196162895872
1330478790552772608
1330478482174992384
1330477845567725568
1330477261703815168
1330476131343020032
1330475676168835072
1330454912258498560
1330454429460533248
1330454248052715520
1330453863825108992
1330438053857464320
1330437821241421824
1330437118594850816
1330436917582761984
1330288639969005568
1330281304643022848
1330280883547480064
1330280490163707904
1330279915162362112
1330279667555823616
1330278930603970560
1330278124324597760
1330277686728601600
1330267644105285632
1330267574626611200
1330267557752934400
1330267313287950336
1330255645598158848
1330254244402896896
1330253451490684928
1330253192903405568
1330252892201213952
1330200887600549888
1330200732654592000
1330200403129085952
1330200246803107840
1330200159570026496
1330199335636774912
1330197611756785664
1330197051418800128
1330196295974326272
1330158790604443648
1330158413360336896
1330158373782872064
1330157729802039296
1330156890744115200
1330156221509283840
1330155809121120512
1330133339727081472
1330133070628990976
1330132508655169536
1330096466610839552
1330096383102246912
1330076336371720192
1330074981812883712
1330074763994263552
1330072062514311168
1330057065667158016
1329951124489723904
1329950387835691008
1329950149137870848
1329949775626702848
1329948929727848448
1329947141100498944
1329946711175860224
1329946350256009216
1329946291649060864
1329946165140451328
1329940357694500864
1329939106416168960
1329938659798347776
1329914221241491712
1329911502866960384
1329909324865544192
1329908449073836032
1329906596131069952
1329906364806729728
1329906224087883776
1329905038911795200
1329904567929200640
1329895421636993024
1329895063602786304
1329894882903810048
1329894118647009280
1329893635303874560
1329893554110554112
1329892747763978240
1329891713515737088
1329849145717379072
1329848612419989504
1329847385124638720
1329846903043993600
1329846732205723648
1329845832745701376
1329819392197193728
1329819186382708736
1329818504116178944
1329818248490192896
1329818164411162624
1329817496640250112
1329816978870185984
1329804347606183936
1329803482480730112
1329801868848099328
1329801548185133056
1329799953644990464
1329795288316391424
1329794139983130624
1329791013095870464
1329765330764304384
1329765077705166848
1329764831285694464
1329752356146323712
1329751728967782400
1329750818690633728
1329750510874845184
1329750143474741248
1329733870175080448
1329572652827242496
1329572115260043264
1329567825866977280
1329564797667578112
1329563167689674752
1329560413256765440
1329559857784090624
1329559629022588928
1329558781139804160
1329537108697026560
1329536705947439104
1329535885965201408
1329535460151074816
1329533568901591040
1329533121503633408
1329532920692953088
1329511726849646592
1329511358417805312
1329510971518427136
1329510351671619584
1329509427800641536
1329508780787240960
1329508052509323264
1329506771254337536
1329506017181380608
1329505901338882048
1329505283123638272
1329501927344901888
1329501571642773504
1329501133182808064
1329475715692171264
1329475114694488064
1329399609739931648
1329399321473769472
1329388162234388480
1329382483662688512
1329381132115304448
1329380596372692992
1329380021748817920
1329379115514933248
1329378988838580224
1329378729588649984
1329374500060880896
1329373717248487424
1329372416062218240
1329371024576679936
1329229839216349184
1329228036106018816
1329226344866205696
1329225132515143680
1329224429902163968
1329224189602099200
1329223498649235712
1329223373331763200
1329222962587820032
1329222670618079232
1329222371174199296
1329222094215925760
1329221957968142336
1329221756670849024
1329216400066535424
1329184203762786304
1329182489244528640
1329181863504728064
1329180708770885632
1329180496849477632
1329175755675328512
1329174607807516672
1329164637921800192
1329163618408075264
1329163579334025216
1329163010158555136
1329161578239963392
1329161534866644992
1329148836263162112
1329148512458723328
1329148333181579264
1329146538761838592
1329145822043397888
1329144195672584192
1329143901077327872
1329143670294130688
1329143591575367680
1329142609160396800
1329138528178024448
1329137336312074240
1329136830588051712
1329134352391876608
1329107055798603776
1329106835568209920
1329106717184028672
1329097215244169216
1329095294873702400
1329094947585265664
1329092657407201280
1329075552611778560
1329067292274016512
1329060250981441536
1329059634938859520
1329052649019371520
1329050528999944192
1329050162258472960
1329049835178221568
1329049624347336704
1329010634487451648
1329010179531288576
1329009890401120512
1329006776147205888
1329004195979079680
1329001947194675200
1329001636891676672
1329000483592298496
1328998710156648448
1328998236271620096
1328997663400931328
1328970921462419712
1328970150305992704
1328829967975784448
1328829782197415936
1328825939782987776
1328825411669798912
1328803258366889984
1328800702173470720
1328799135584161792
1328785773555019776
1328785114743140352
1328785079099928576
1328783823950245888
1328782750275559424
1328782409530269696
1328781350594371584
1328780893905969152
1328779955589836800
1328779022982057984
1328778323799969792
1328777831871025152
1328777476240273408
1328776921463877632
1328776737833046016
1328774178728779776
1328773518725615616
1328773412366512128
1328770087893995520
1328726118602596352
1328725777395970048
1328713140498993152
1328703955937931264
1328696023343112192
1328695463701307392
1328695129432010752
1328694836489297920
1328693969581174784
1328692336008851712
1326125544174399488
1326125227617759232
1326124998717796352
1326121994782453760
1326120837926318080
1326119931096817664
1326118854737735680
1326117170296852480
1325951747576242176
1325950615718138112
1325949563417612288
1325948539080486912
1325948112075173888
1325947411362164736
1325946524078059520
1325946102651236352
1325945707371622400
1325944911754039296
1325944627833278464
1325942040518070272
1325940989576540160
1325929756085407488
1325928390373875712
1325928110550896640
1325927904216297472
1325927729276006400
1325923393619824640
1325922503777284096
1325919751500132352
1325919193271853056
1325916690635427840
1325882476355612672
1325881942320029696
1325881486038413312
1325880771144507392
1325879559770791936
1325861358995435520
1325860948666683392
1325860805255057408
1325860349623619584
1325860248645758976
1325859715956485888
1325859113981636608
1325858395849715712
1325857936367816704
1325854495180513280
1325850000132362240
1325849655989645312
1325847958861000704
1325847040702746624
1325845951450378240
1325844707675697152
1325843855896424448
1325842462607368192
1325841670739550208
1325840939957579776
1325840764606308352
1325840128078721024
1325839763274952704
1325839604281470976
1325839506092797952
1325839467257745408
1325810718298484736
1325808296167665664
1325807267321700352
1325804933199880192
1325804015981113088
1325803915263283200
1325802638617833472
1325802036684840960
1325801547054374912
1325801339683794944
1325799981794652160
1325799209963057152
1325799028735569920
1325798735775981568
1325797157220347904
1325796285203554304
1325795721166118912
1325794762893488128
1325794061454815232
1325763418159243264
1325760728129744896
1325760569555759104
1325759712441339904
1325759107236761600
1325758656814706688
1325758515370143488
1325757841135849472
1325756729007755264
1325737489986965504
1325737233211592704
1325735310601424896
1325734832589172736
1325729712124125184
1325726472338870272
1325724386427604992
1325706171869782016
1325705922296098816
1325705445940584448
1325704596589829888
1325704128283217920
1325703937715015680
1325700610474336512
1325698894022533120
1325594174645788672
1325590374207852288
1325587935417278464
1325586614266064896
1325586407285530624
1325585288471728128
1325579157238124288
1325578429811593216
1325577951455440896
1325575860699717632
1325575745364774912
1325575535850889216
1325574824836653056
1325573162839527424
1325572922942115840
1325571556869804032
1325571446807154688
1325571257228808192
1325570974239109120
1325570607413661696
1325539839580704768
1325539236238471168
1325538265227816960
1325538064601673728
1325533391584899072
1325532020278177792
1325518938650849280
1325514982721794048
1325511519883436032
1325509960374120448
1325508453423517696
1325504767607648512
1325504679355314176
1325503929854152704
1325503423794589696
1325502673580339200
1325455627032932352
1325454735416188928
1325444036459704320
1325443310304047104
1325438937872158720
1325437511317983232
1325436832826466304
1325436638852501504
1325436275701276672
1325426509117583360
1325425218022760448
1325424162853302272
1325414665200021504
1325413774275325952
1325412609638739968
1325411984557400064
1325411288533577728
1325410970706071552
1325401891715633152
1325401669614628864
1325206830205825024
1325206537367920640
1325192337937477632
1325191812227735552
1325190489319088128
1325189257737199616
1325188535482277888
1325188083898150912
1325187791593103360
1325187780243300352
1325187730981056512
1325187557970243584
1325187248443203584
1325186914610155520
1325183206514110464
1325182809435230208
1325182411487916032
1325181785651642368
1325177666257920000
1325176945852649472
1325176572979023872
1325176493811625984
1325176405605421056
1325174277558185984
1325171044383154176
1325155251066990592
1325154823231115264
1325154165534973952
1325153358647341056
1325152092626038784
1325151865554657280
1325151680443289600
1325151531323232512
1325151241291390976
1325118007132229632
1325100984612352000
1325096542068494336
1325094414742642688
1325093892707020800
1325092998472994816
1325092125730611200
1325090780134957056
1325088554121355264
1325088163858092032
1325087744259928064
1325087336078716928
1325087075901837312
1325086389990535168
1325085590786813952
1325084584518807552
1325083828512296960
1325083035662999552
1325082439170088960
1325067095533481984
1325066877425553408
1325066418027630592
1325065789741871104
1325065329270206464
1325064544495030272
1325063253760892928
1325062142148685824
1325061760894820352
1325060761031503872
1325059464567861248
1325059232455151616
1325058611035463680
1325057709448769536
1325056526567026688
1325055897513717760
1325054749280972800
1325038492074827776
1325037731983089664
1325014820484243712
1325011587963432960
1325011453234049024
1325010650372968448
1324992015063543808
1324991419438817280
1324991388359020288
1324991372563259392
1324991352057311232
1324991335430906112
1324991317991182336
1324991165637165056
1324990638987882496
1324989975981645824
1324989862206984192
1324989451420971008
1324988499595030528
1324868752094224384
1324865989507510272
1324861025431277568
1324860826348556288
1324860340820189184
1324826643026903040
1324825949825892352
1324825545985720320
1324825015775383552
1324823802694586368
1324817735415701504
1324817684312346624
1324817452539281408
1324813264543428608
1324812335664553984
1324811751574163712
1324809247293661184
1324499066999525376
1324497645470101504
1324496027043401728
1324494308402176000
1324494290383474688
1324494273664962560
1324494254039846912
1324494223807307776
1324494196749881088
1324492848977350912
1324492469044682752
1324492116706402304
1324491782466527232
1324491497102782464
1324489799978418176
1324489519794692096
1324488818859323392
1324487245022285824
1324486463233380352
1324485767452905472
1324485243827531776
1324481731840430080
1324481461433602048
1324457529276014592
1324457031001145088
1324454593397403648
1324428106304757760
1324427995776471040
1324427096907722752
1324426025024032768
1324404492469784576
1324404010347073536
1324403798895452160
1324396283344375808
1324383203113787392
1324382744382787584
1324379809267486720
1324379654292123648
1324379424993792000
1324377090096009216
1324369929592840192
1324368340715032576
1324368230392205312
1324367364528418816
1324367221217546240
1324352131311243264
1324348792745984000
1324348245246697472
1324348063893303296
1324346869405880320
1324345885862645760
1324345614109445888
1324344473028091904
1324343663233765376
1324330306657280000
1324329707668676608
1324327988775837696
1324303841114902528
1324302961623900160
1324302896108896512
1324122001901002752
1324121473620103168
1324118671413960704
1324114890756337664
1324114580952489984
1324067661169479680
1324067077603446784
1324065342801514496
1324065019378749440
1324011029152604160
1324010216346816512
1324007020949872640
1324003416646000640
1323995917184389120
1323995364907732992
1323994805215649792
1323994207514669056
1323993707188813824
1323992934597955584
1323968164095545088
1323968063725850624
1323967157772918784
1323966923495919616
1323966310213189632
1323966182379147264
1323965594090245888
1323965305715118080
1323965048688136192
1323964967792627712
1323964781376786432
1323929559629242368
1323928823348535296
1323928345252401152
1323927914178617088
1323917013564141568
1323756826396139520
1323756687568887808
1323755894706966528
1323755173588672512
1323751258679840768
1323750505814904832
1323749624331571200
1323748275149824000
1323744437894303488
1323743885143744512
1323742581453393920
1323741935195009024
1323738805191516160
1323738459660496896
1323737638977896448
1323736677228138496
1323736306673963008
1323735417997479936
1323734517518053376
1323733258421653504
1323732176182120448
1323695016829661184
1323693023050506240
1323692645512814592
1323692279740145664
1323691994510729216
1323691629526634496
1323690171259387904
1323675117226991616
1323667500714917888
1323666097191702528
1323665961791246336
1323642548984926208
1323641099076964352
1323639484806811648
1323632237917720576
1323630429442875392
1323630254167101440
1323628393070551040
1323628379279679488
1323628364272410624
1323628352163467264
1323628337198178304
1323628327060594688
1323628310098751488
1323628291069222912
1323623557948125184
1323617626422202368
1323588755752656896
1323586633216786432
1323585385549778944
1323534733331103488
1323418193789112320
1323414210068516864
1323413437305729024
1323411102596739072
1323410489825779712
1323409469607497728
1323408817670017024
1323407831828148224
1323404382264852480
1323400819794915328
1323400221519499264
1323372754813571072
1323372203887464448
1323371169567903488
1323370018076266496
1323363168073252864
1323359971183087616
1323358366954119168
1323356349292515328
1323355767001518080
1323354528855588864
1323354134666498048
1323348895930421248
1323347514377064448
1323347152689631232
1323301072061014016
1323282225631240192
1323282031300743168
1323281889088647168
1323274009627287552
1323273818236952576
1323272951668551680
1323221884612317184
1323219807551016960
1323219176161447936
1323218916672446464
1323218395303694336
1323217141932445696
1323200581905928192
1323199796706975488
1323197920359972864
1323014300383039488
1323014162189029376
1323013846978670592
1323011282543517696
1323006866314743808
1322962142476328960
1322961765752360960
1322961717048069888
1322946870616956928
1322946034591502336
1322903809497190400
1322903469972426752
1322903138425327616
1322902598027038720
1322901473760628736
1322900094526672896
1322899677306626048
1322899213118787584
1322898742710804480
1322898517480951808
1322897895453057024
1322897785432231936
1322897607316938752
1322895737009692672
1322894357964460032
1322894328985997312
1322872201293500416
1322868948182978560
1322850967356870912
1322850002000072704
1322847532364538112
1322847012551905280
1322846411168354304
1322845090671374336
1322843397468676096
1322664299312128000
1322663265403604992
1322662538601967616
1322636363792060416
1322636076457086976
1322635736148004864
1322635147276095488
1322632086386319360
1322631622848630784
1322631358133534720
1322629401062838272
1322628411664322560
1322628059313413888
1322626285814898688
1322625311167647488
1322623740207910912
1322623278435938304
1322590441548750848
1322589058158178304
1322586552829136896
1322585639704010752
1322585202800185088
1322558906430869504
1322553926995103488
1322553664200998912
1322552735472979968
1322551444604637184
1322551072888676352
1322544749572771840
1322521868679761920
1322521409814450176
1322520258100498432
1322518731625549824
1322518378582548480
1322517977049239552
1345656026582941696
1345652441124134912
1345649950579970048
1345644800473767936
1345644376127582208
1345601143515320320
1345599576485617664
1345598581147914240
1345564085677674496
1345561298826833920
1345554702163972096
1345550947653742592
1345500961754779648
1345496897113509888
1345496819967602688
1345495031759646720
1345493227806334976
1345493106112802816
1345492974763986944
1345470865471918080
1345469553845936128
1345468517676675072
1345467880649973760
1345466580306710528
1345466214286548992
1345458807833563136
1345458101605044224
1345433397410324480
1345416097600843776
1345371635923169280
1345370690053091328
1345333592763871232
1345332706482278400
1345305846985711616
1345304972548829184
1345303306751635712
1345303128053325824
1345150264815312896
1345142189526028288
1345141367211765760
1345140314005233664
1345136361511202816
1345135058324234240
1345130199562809088
1345126229213667328
1345119303935389696
1345117627530805248
1344988451368792064
1344986861069021184
1344979393853186048
1344978596562149376
1344977520253411328
1344975698449080320
1344974634756800512
1344970071765098496
1344968156482334720
1344875124982509568
1344874282124529664
1344870524036509696
1344774738938392576
1344773159644499968
1344771727830745088
1344770341009289216
1344768838013956096
1344752746440896512
1344743519303442432
1344742535374245888
1344742253592506368
1344739109374472192
1344737857911586816
1344731824304648192
1344722666956214272
1344721434111827968
1344720511314653184
1344718192850181888
1344702733870395392
1344701572190765056
1344700116800835584
1344447028194136064
1344446256517685248
1344444717489147904
1344393710394618112
1344391486390021888
1344384868772421632
1344384817073295360
1344377189568024576
1344374864526905088
1344370497556008960
1344368930652106752
1344352536107618304
1344352382751285248
1344036375071502336
1343996275222585088
1343992790750023680
1343989750064099328
1343985058806460416
1343983095213662208
1343981222154952704
1343973710043242496
1343970715234684928
1343671834332508160
1343667764964302848
1343663841155100672
1343662805614997504
1343659035820777472
1343657231015882752
1343655985026621440
1343655250960506880
1343643781715918848
1343632576880267264
1343623357258985472
1343619661125005312
1343560353179963392
1343537290187067392
1343531398502756352
1343531215064858624
1343530763506102272
1343530203654533120
1343529004872183808
1343528664940634112
1343523424480731136
1343522943696064512
1343490301030227968
1343479787638173696
1343309301125951488
1343306105217310720
1343298152384909312
1343288431481335808
1343285652083912704
1343282948381016064
1343279858244333568
1343279746264805376
1343279293103820800
1343278483414208512
1343277379968491520
1343275956513992704
1343274608867368960
1343271315252379648
1343270054465564672
1343268769481809920
1343265625477623808
1343263961983160320
1343261007939051520
1343259242560704512
1343258267565371392
1343200644962910208
1343180499318157312
1343179103277613056
1343178427545899008
1343177563728969728
1343177519198040064
1343175237060464640
1343102515513012224
1342958955035824128
1342942158651678720
1342940521921196032
1342939167618179072
1342879274915811328
1342878838179713024
1342877972160802816
1342862814508163072
1342836420508004352
1342816117757194240
1342812259513495552
1342796884226821888
1342794855228071936
1342776106961825792
1342590229153271808
1342585083170074624
1342584887677743104
1342583093014757376
1342580821572657152
1342579452530872320
1342578600466329600
1342577024012062720
1342554115830898688
1342537246604455936
1342534450979217408
1342520744467722240
1342519935864631296
1342516958026227712
1342500128112967680
1342498880907309056
1342482824998363136
1342440844671000576
1342405516295811072
1342202612259704832
1342200079734681600
1342185310181056512
1342177032629850112
1342168282124722176
1342165488567246848
1342161811974598912
1342160136396296192
1342159992846213120
1342159488128790528
1342115016728837888
1342112966334951424
1342064450451496960
1342061177510236160
1342060230100840448
1342057622686621696
1342057553166028800
1342057204984250368
1341880229871165440
1341877050953650176
1341857114097152000
1341855030899568640
1341853571470544896
1341822395091476480
1341497798550798336
1341496128798384128
1341488980580249600
1341486741585276928
1341486223823659008
1341485168473870336
1341481367515881472
1341479493245014016
1341463899997138944
1341462039705890816
1341452085993353216
1341451639916519424
1341109262035144704
1341107597177450496
1341106342317191168
1341104320780091392
1341100635521990912
1341100245850198016
1341090809840619520
1341088762529521664
1341086091139538944
1340761491457404928
1340756369323003904
1340736822725500928
1340733404845903872
1340732755802529792
1340727372933435392
1340725398947115008
1340705082627788800
1340704549691154432
1340703681612832768
1340703079335911424
1340661101218959360
1340650163208146944
1340593880920694784
1340593066789449728
1340592817488453632
1340591954816544768
1340427074771836928
1340411188035932160
1340409084479156224
1340383400016920576
1340378518992146432
1340371739700813824
1340370697630208000
1340365987808485376
1340364631899049984
1340363128207532032
1340256050042253312
1340235439307972608
1340233519583342592
1340218037790797824
1340216964443238400
1340211581691543552
1340211266288234496
1340210660718891008
1340209325151834112
1340203776058273792
1340057065067335680
1340055775805394944
1340018568008753152
1340017661477085184
1340016082380156928
1340014356780691712
1340012681206640640
1339980280245968896
1339938049694838784
1339937737164656640
1339937235286822912
1339936467494330368
1339934559572516864
1339924325344960512
1339908258358829056
1339905552038682624
1339683966434029568
1339333606167089152
1339331419609436160
1339318276216795136
1338956980602417152
1338955337618100224
1338950024483524608
1338948653965320192
1338947874416193536
1338947153847316480
1338582947083988992
1338581468830965760
1338577490600742912
1338577322283307008
1338566742931632128
1338421117732741120
1338218769144012800
1338135769752465408
1338134370222280704
1338132248147660800
1338074166990434304
1338065528280244224
1338060848489787392
1338035680082087936
1337880274068238336
1337879441431802112
1337872401015648512
1337865857410674688
1337864006946729984
1337862570548617216
1337850412519583488
1337845747052580864
1337844003501461504
1337839993440571392
1337781956717801472
1337779090296803328
1337761887119925248
1337760449950003200
1337704874532876288
1337700921896275968
1337698880809541632
1337698717613355008
1337697023487856640
1337692863040196608
1337692748472868864
1337691768427589632
1337541705868988416
1337536554831654912
1337532221167702016
1337531854531022848
1337529290825621504
1337528144673312768
1337507930485256192
1337506800694927360
1337505627355009024
1337504914159747072
1337502779548438528
1337502512224473088
1337501824991940608
1337496521168732160
1337458906210193408
1336953016449110016
1336937205663748096
1336916337906561024
1336913959417475072
1336832837694202112
1336830438929784832
1336818684132810752
1336818210377764864
1336818157714018304
1336796720429232128
1336780326790717440
1336779793912782848
1336778532161285888
1336778151599484928
1336776769760849920
1336774817274621952
1336773796385206272
1336763032039526400
1336761783483305984
1336432222862266368
1336428903141953536
1336428012586356736
1336388353508380672
1336383489600524288
1336383239888498688
1336381333153705984
1336373888159256576
1336373510252453888
1336372556144779264
1336065835866202112
1336065192124444672
1336059862703333376
1336057112322052096
1336040427045138432
1336038760572735488
1336037452184772608
1336036378480664576
1336035132977844224
1336034366435233792
1335942084340183040
1335941751341723648
1335940868738519040
1335940566350254080
1335932255131365376
1335856761518043136
1335853706970079232
1335853554700079104
1335846600783106048
1335679360305651712
1335675728176816128
1335670991725473792
1335668770480807936
1335654571117514752
1335632734119751680
1335604678806147072
1335591419893985280
1335590658015375360
1335589227304792064
1335549333530423296
1335535706177986560
1335534625901436928
1335533698113024000
1335533374014967808
1335531801549414400
1335510683526582272
1335442008333225984
1335351697426821120
1335349697020637184
1335348660478107648
1335347925963124736
1335343701665734912
1335341972400304128
1335306752708005888
1335305162022412288
1335304019510693888
1335303463559958528
1335302946523930624
1335302715661037568
1335300724314558464
1335298627628101632
1335296429070413824
1335251771954958336
1335250961271557888
1335248837166981120
1335248750265118720
1335247843255345152
1335161829862088704
1335159929926266880
1335159228957396992
1335157003199668224
1335156789583745024
1335154296955002880
1335127890044874752
1335127316192768000
1335124796754063360
1334956466902544384
1334954526068109312
1334947510092181504
1334945631522197504
1334945406543917056
1334914797985476608
1334792384983543808
1334767168735604736
1334765424844689408
1334762677273587712
1334761158126030848
1334760003740332032
1334758303881113600
1334757538580062208
1334663390158065664
1334662058558840832
1334659635706535936
1334658813773950976
1334605060903497728
1334603881800749056
1334603679819853824
1334602217765089280
1334596044559167488
1334590814295642112
1334588915467038720
1334588256281890816
1334587895924056064
1334587390825009152
1334316095885488128
1334314491845226496
1334313799042609152
1334313498680188928
1334312787040940032
1334259426933534720
1334242786028171264
1334225793510207488
1334076405915774976
1334076069259915264
1334056664270581760
1334055842442776576
1334055743633432576
1334055669159366912
1334053148743380992
1334052775399985152
1333948836193120512
1333948138583977984
1333946359897071616
1333944273063059712
1333943792827834368
1333892912850079488
1333870262073352192
1333818262027726848
1333817283114921984
1333814780637884416
1333535932847452160
1333527901803864064
1333525177326575616
1333497044665831424
1333494484471062528
1333493365174919168
1333491444963831808
1333490216728989696
1333486450143358976
1333485888677011712
1333485593800663040
1333483451715100672
1333483119261999104
1333472232031592448
1333471922181509120
1333470008400367616
1333451248884879360
1333448454383800320
1333420091434807296
1333420035264696320
1333419435814768640
1333414002127482880
1333376435097128960
1333371003779637248
1333369592635338752
1333353275383557888
1333352260466855936
1333146516727484416
1333140192916611072
1333138738071875584
1333137432376696832
1333135872083025920
1333134895409983488
1333133747428978688
1333131799476756480
1333131611106385920
1333130365951676416
1333094637796548608
1332782378494926848
1332775836580253696
1332763801939271680
1332763445402476288
1332763170205802496
1332760719562059776
1332757795574329088
1332500795061919488
1332499380822282240
1332497659345694720
1332432635604439040
1332431011716747264
1332375123752595712
1332064571595624448
1332063311865778176
1332036117177249792
1331704698282389504
1331661198480334848
1331659889140244480
1331659871175979008
1331658448866521088
1331656706519150592
1331654730007928832
1331654457600434176
1331654060882223104
1331651660112949248
1331325290346409984
1331300527418830848
1331300172647821312
1331299608488792064
1331299096372580352
1331296356145766400
1331293942604763136
1331292272374263808
1331290822059364352
1331290398455697408
1330977747452260352
1330958225202688000
1330957455069765632
1330956367667077120
1330956220149149696
1330949237648076800
1330948003818070016
1330927323022053376
1330612860649607168
1330608933183107072
1330607652506885888
1330607498961752064
1330603430113636352
1330602073570881536
1330598584278978560
1330596293278838784
1330596115876634624
1330595485699223552
1330594701133623296
1330593354736918528
1330284655602491392
1330283388268400640
1330267249299632128
1330264412133920768
1330262094600671232
1330261835682107392
1330261019181125632
1330251012167307264
1330243988859854848
1330241643421835264
1330240365362876416
1330238525422391296
1330235722943647488
1330217202939797504
1330215815984066560
1330215600090738688
1330194798054158336
1330112375446528000
1330102532945928192
1329905020003823616
1329903847775539200
1329888876190703616
1329831358152273920
1329826319983632384
1329825960687001600
1329469687978143488
1329453163536146432
1329404499606315008
1329402229951000576
1329374761789640704
1329357298519715840
1329186677324132352
1329185801347936512
1329182231450034176
1329180478310637568
1328970510697369600
1328822170466869248
1328814251591553024
1328788349771984896
1328784222128136192
1328758259096940288
1328755370945355776
1328752610208321536
1328429961917685760
1328428228189548288
1328424723345248512
1328421227686408192
1328405941948178432
1328342070302531584
1328066320538091520
1328060886284722176
1328059959301472512
1328053892907749376
1328052306198277888
1328003300906688512
1328001178974756864
1327804163145801728
1327803955582210048
1327803394724155392
1327802808196861952
1327801888595726336
1327801240034684928
1327737820165906432
1327679372963274752
1327675596751708160
1327675213128011776
1327668698128261120
1327573318384447488
1327527956693004288
1327385654599294976
1327384220583464960
1327382943535390720
1327381974080778240
1327381095839637504
1327376666314862592
1327371849215451136
1327370771619082240
1327370383415275520
1327369561155493888
1327182700957065216
1327181542645509888
1327178701252009984
1327176872011108352
1327175767227248640
1327003173261807616
1326996364312633088
1326993948485824512
1326993480753836032
1326992578634534912
1326992254343524352
1326988103832178688
1326987783588769792
1326987385184399360
1326986575205576704
1326914373294678016
1326881139903107072
1326824658369466368
1326822711159648512
1326650016040186112
1326648704632303616
1326645199410524160
1326643397550075904
1326595417782575104
1326579366525100032
1326576285607456768
1326575761604681728
1326569085040267264
1326568720785956864
1326568516607221760
1326504544625422336
1326504412001472512
1326503751612588032
1326459265956130816
1326457176018345984
1326454401700130816
1326449179288350720
1326447349804175360
1326446964532240384
1326446584620584960
1326446239391604736
1326284462943064064
1326280414831529984
1326278694734848000
1326275676454998016
1326266299136217088
1326265554169176064
1326265385579065088
1326240153933844480
1326238765661233152
1326237072328445952
1326225497039179776
1326224378967813888
1326223651964919808
1326222285636775936
1326220749842083840
1326220488851550208
1326218847007989760
1326165563333353472
1326163341342085120
1326141125023985664
1326102180542213888
1326098549801619712
1326097635904778240
1325921437107040512
1325920782577528832
1325919317972619264
1325918608095109120
1325917380606877696
1325915702574853888
1325912913073197056
1325910388714725376
1325910110598787072
1325876143854149632
1325874491453562880
1325871590370840576
1325854191223525376
1325853822519042048
1325851736796516352
1325851038033858560
1325825974404046848
1325816479661633536
1325814282802647040
1325560661087236096
1325556792261300224
1325555826828992512
1325553921247617024
1325552616466763776
1325552165113503488
1325548371533324288
1325544861588664320
1325539368224874496
1325534830797467648
1325532753945915392
1325528535457538048
1325515382065684480
1325514587534397440
1325514536028430336
1325484219221630976
1325467251269627904
1325466979604590592
1325466617275355136
1325466356679106560
1325439357528977408
1325420637251391488
1325372630422212608
1325290066827235328
1325288574057639936
1325205623877758976
1325204486160146432
1325170876166311936
1325168670356598784
1325167782581825536
1325166000686428160
1325165092930023424
1325156079337172992
1325154311287017472
1325150793608138752
1325121895151271936
1324835373554507776
1324834676293459968
1324833538164883712
1324829599826587648
1324828082675601408
1324827201154539520
1324826734219481088
1324826256794333184
1324825471679385600
1324825034595205120
1324823912467881984
1324479734349242368
1324465172736598016
1324463667220516864
1324463127556247552
1324462085162631168
1324405134663782400
1324400025657552896
1323733404102348800
1323731613587591168
1323721746596483072
1323718629033168896
1322981310688874496
1322979849607258112
1322978010044256512
1322976216018804736
1322615748435546112
1322609252977004288
1322609115626119168
1322609015222841088
1322608501563207680
1322607986867580928
1322605642503331840
1322293187306786816
1322292214270230528
1322291478803161088
1322288474427478016
1322286457709580288
1322286359965585408
1322277827669053440
1322276943853740032
1322276808813891584
1322261572392288512
1322094435258216448
1322092950860533760
1322090634795229184
1322088069315645440
1322087909726527488
1322087092009210112
1322037646881923072
1322037445828005888
1321935021431754752
1321934714152849408
1321934429653258240
1321845042282143488
1321831800210100224
1321831498497036288
1321799201848700928
1321797306375692288
1321761083217117184
1321760569809080320
1321759361690206208
1321428208043130880
1321427895785558016
1321427242598178816
1321426849403146240
1321426566488985600
1321345736638894080
1321345131325382912
1321344526515081216
1321343983440846848
1321343795741528064
1321322991179964416
1321322902344650752
1321322509204103168
1321322332141608960
1321321765205909504
1321205908404391936
1321190023073464320
1321187175883546624
1321185188878163968
1321053226272235520
1321006029799378944
1320943262857940992
1320852215188361216
1320843374925139968
1320841136152432640
1320839266671484928
1320838476540116992
1320837935298695168
1320837475871449088
1320837127408635904
1320835882950270976
1320834286916931584
1320833763765616640
1320832632566021888
1320828781473517568
1320827990314487808
1320827236774301696
1320825571060973568
1320824930238406912
1320770530572730368
1320756084764745728
1320664797348847616
1320487912430030848
1320487305736499200
1320482166250315776
1320481490715742208
1320478334028029952
1320477883308085248
1320477297670062080
1320473519730380800
1320470429497237504
1320456908613013504
1320452190344007680
1320448852860850176
1320447990964883712
1320408590906216448
1320384166836523008
1320383085909807104
1320311711958794240
1320307857745760512
1320305902302433280
1320302142725513216
1320219314872635392
1320219180055056384
1320214612739002368
1320214541926567936
1320109936114868224
1320108403298082816
1320107042032521216
1320104342641324032
1320104142279421952
1320103284967985152
1320102089163476992
1320100014992072704
1320099408789327872
1320098427087343616
1320097120133828608
1320095223431782400
1320094412219863040
1320093153077186560
1320091581232369664
1320090489874485248
1320014036713484288
1320005401010647040
1319978617271705600
1319953423819788288
1319770660407738368
1319734390805716992
1319730479038402560
1319727096705540096
1319723393046990848
1319718932077490176
1319703904414728192
1319699850158657536
1319690945340805120
1319690457065136128
1319688214974783488
1319686479929626624
1319683823697907712
1319682115303280640
1319661345206374400
1319659109063528448
1319627063616221184
1319493410185760768
1319409000295944192
1319407999560142848
1319407595115978752
1319404714367291392
1319403475772506112
1319402188230320128
1319395739873792000
1319389830057496576
1319387628769259520
1319385819661144064
1319282259443085312
1319209109137358848
1319206223565279232
1319206105608847360
1319193464454696960
1319192784838995968
1319041478790946816
1319040134583549952
1319038797481447424
1319025993324072960
1319025529010426112
1319024464307359488
1319023873791229952
1319011915541209088
1319005446787706880
1319005108324237312
1319004866925285376
1319004556303413248
1318990614017511424
1318988542450782208
1318983488209563648
1318981190033035264
1318919670347534336
1318919391715692288
1318852589073649664
1318826138421035008
1318826118934388736
1318824515997257728
1318774090342240512
1318771691053568000
1318770336528240640
1318769234923704320
1318768972079239168
1318768780399566848
1318687087235878912
1318686705319317504
1318684305317613568
1318683205055226112
1318682114645237760
1318676869051568128
1318673528359714816
1318671939028832512
1318667885666074624
1318666585268244480
1318666314039369728
1318644007208103936
1318489665566068736
1318486493757931520
1318473903635922944
1318472931215892480
1318459525981143040
1318401053486874624
1318399789160169472
1318398462015250432
1318397868399595520
1318397567714103296
1318396830498042112
1318396552445120512
1318396393480982528
1318319184531628032
1318315832058040320
1318312883634188288
1318311487920873472
1318311387249188864
1318305501638234112
1318304286242111488
1318303106443169792
1318292162916814848
1318287944722112512
1318268888648437760
1318250426370752512
1318249791957143552
1318146356968624128
1318125968280768512
1318123414855536640
1318123211817713664
1318122661654953984
1318122168975327232
1318121256126976000
1318109013544939520
1318107723251200000
1318106979794100224
1317970945605308416
1317964507755458560
1317963193986273280
1317962952482447360
1317962545597239296
1317961941701316608
1317960181091885056
1317957249386614784
1317956818438676480
1317946828600598528
1317946027643645952
1317945351354146816
1317942973309616128
1317939261618925568
1317938856663068672
1317918099916685312
1317916002785611776
1317914501732335616
1317912929480695808
1317911699115155712
1317875331114696704
1317875154702184448
1317777634244370432
1317777609825177600
1317684268022235136
1317682252533424128
1317682065601679360
1317680839019417600
1317680707435696128
1317572927756423168
1317567828141199360
1317563496415006720
1317562439022641152
1317561504418439168
1317558771934285824
1317557308248018944
1317552429228040192
1317551446527758336
1317512895773790208
1317241794560692224
1317232526847594496
1317229503979073536
1317221198758105088
1317219512903749632
1317217182196113408
1317213920009064448
1317213088563777536
1317211101285785600
1317207935479664640
1317206523806887936
1317205810527744000
1317201634330615808
1317157310402265088
1317153655766851584
1316954336044457984
1316853583514673152
1316851327079714816
1316847363034689536
1316846217662431232
1316840811292753920
1316835746842652672
1316835106691198976
1316829119427084288
1316824875970048000
1316820820065423360
1316819856994467840
1316819839093223424
1316815622966304768
1316815177053081600
1316814889768361984
1316814386678452224
1316812816825884672
1316812385747963904
1316596510818209792
1316595652713943040
1316594777341779968
1316594540359356416
1316592208108285952
1316591655286435840
1316591317846298624
1316591080553558016
1316589521727885312
1316542629090295808
1316512685857689600
1316505560255168512
1316501233079910400
1316499667484540928
1316496500659281920
1316495394289917952
1316493942179889152
1316491974233464832
1316444112778862592
1316443594392244224
1316440627987480576
1316440594940653568
1316438160507908096
1316436907887337472
1316429180750508032
1316225680611381248
1316225476751437824
1316225124710977536
1316138873987182592
1316095791254171648
1316094860122894336
1316093377243426816
1316070054128160768
1316033808647454720
1315999764534657024
1315869118667644928
1315867051253264384
1315867026158694400
1315798106617901056
1315771298887458816
1315768998361956352
1315768289050718208
1315767234522996736
1315760231239032832
1315756484580511488
1315755421655851008
1315750760295133184
1315748599209304064
1315743694218244096
1315740299080151040
1315739393043435520
1315719702006693888
1315716059920510976
1315715963417960448
1315715589311213568
1315712329619832832
1315712198585577472
1315707833950900224
1315667239853580288
1315577026946924288
1315432751613517824
1315409353374158848
1315409132107816960
1315408544523522048
1315406214008918016
1315403925030395904
1315399175933178112
1315398785229562112
1315395821462982912
1315395653716135936
1315303735992737792
1315281152622686208
1315277477028212736
1315277197482098688
1315081608186208512
1315057389264138240
1315054437719777280
1315052778256035840
1315051653704318976
1315050977494528000
1314971347731320832
1314951365030936576
1314949849326944512
1314949367174959104
1314946050260635648
1314945273202913280
1314944469729509376
1314940277858226176
1314928586768478208
1314927940459790336
1314925637006692352
1314917678809743360
1314914914209878016
1314913299750948864
1314907716377247488
1314907572030373888
1314698587952091136
1314697234664099840
1314693689369915392
1314691750364098560
1314689668492021760
1314688612785623040
1314687835740528640
1314686037281648640
1314684513604251648
1314681736572407808
1314680528055029760
1314679454388584448
1314678463882842112
1314677579220226048
1314561018316587008
1314559820008222720
1314558364735754240
1314551843113054208
1314424318760288512
1314424109938413568
1314421317249183488
1314419501149102080
1314418552359788288
1314415184140795904
1314415014279864320
1314343209351499776
1314338918708514816
1314315294790348800
1314314831789527040
1314312485831405568
1314310449396097024
1314309672355213312
1314308158827962368
1314304898423496704
1314304732677189632
1314304226051395584
1314298751243165696
1314296891232915712
1314262020179595264
1314235515735027712
1314234154876309504
1314232542195834880
1314231462074384384
1314229986606415872
1314227039751340032
1314200896994070528
1314196017005432832
1314189851206586368
1314189193069944832
1314185401834319872
1314184827005030400
1314122017646489600
1314052812905623552
1314052226491523072
1314050594362064896
1314049868843884288
1314048297934499840
1313975877357666304
1313969838608601088
1313963718586388480
1313962568621449216
1313958616580456448
1313951490587979776
1313907301808472064
1313905290711126016
1313862241503109120
1313837144943845376
1313834848960815104
1313834096028721152
1313754531675729920
1313753108145737728
1313692973910167552
1313691492788121600
1313688615688568832
1313621900283838464
1313616234865402112
1313616102547693568
1313600271734525952
1313599137561161728
1313598571694952448
1313598281331736576
1313596861824069632
1313594804228546560
1313586772677361664
1313586329293332480
1313585550587297792
1313583645320507392
1313583430442070016
1313583089612972032
1313581359433220096
1313580896914735104
1313551727178776576
1313551359992619008
1313549360815321088
1313548988768022528
1313547445004009472
1313545436892983296
1313544169932107776
1313542502654324736
1313542087439253504
1313472244266434560
1313468582781751296
1313380537608921088
1313335023139987712
1313333572930076672
1313331149155037184
1313261162306441216
1313260975445946368
1313260520452091904
1313259419745083392
1313248251135524864
1313247018471620608
1313241727453597696
1313237707863339008
1313233527421444096
1313233342029012992
1313232544922562560
1313229490319953920
1313229427761991680
1313228648640634880
1313228605791637504
1313227886573297664
1313223939666186240
1313222697921503232
1313221412858081280
1313217832885334016
1313216554784391168
1313215929942257664
1313214058569531392
1313213010144526336
1313212020267921408
1313210549191282688
1313130452690051072
1313130287107276800
1313100130787241984
1313053798714298368
1313048817110003712
1313044842558169088
1313034123066433536
1313034099636924416
1313032191513956352
1312883413054107648
1312880394900049920
1312873877698117632
1312873614732152832
1312872801620160512
1312830907234103296
1312821288059236352
1312815892472922112
1312815781802115072
1312802109604139008
1312800290509393920
1312731730965602304
1312731201933905920
1312729160494842112
1312729022686793728
1312728844286259200
1312728632801005568
1312727241932050432
1312726238612656128
1312722629472718848
1312718240313937920
1312717886771867648
1312716437044301824
1312714506938863616
1312712836402089984
1312711965425496064
1312706999893790720
1312705508638420992
1312672968372301824
1312477341013086208
1312474580464726016
1312393181779169280
1312392712742670336
1312392004765200384
1312391193670692864
1312390964770676736
1312390070050193408
1312245569201541120
1312242918124642304
1312168540095475712
1312158648303415296
1312157029415313408
1312154483913232384
1312151280488341504
1312133296155889664
1312132307596140288
1312129586008748032
1312128291113848832
1312127267045208064
1312123466187862016
1312117423030456320
1312060629038116864
1312059447607546112
1312026825481125888
1312025409870082048
1311957624808759296
1311879286626844672
1311878813249343488
1311876771076333568
1311875854063022080
1311875580489543680
1311875309000687616
1311800179931131904
1311799422460854272
1311798117952614400
1311789280390533120
1311785954076758016
1311785115085934592
1311785063147806720
1311782230109323264
1311781730840346624
1311771535032623104
1311739938770124800
1311711282689646592
1311656575547867136
1311441159709962240
1311441140076474368
1311429478141366272
1311428535672811520
1311427963141918720
1311422288156397568
1311417229985091584
1311416254394175488
1311414433877561088
1311412402676793088
1311410582755725312
1311408580663353088
1311407258346172416
1311402432296030208
1311334592075440128
1311333535551237888
1311288911164067840
1311233112580513792
1311230856283947008
1311230714743083008
1311226965458907136
1311171630752821248
1311169827357241088
1311168292443369472
1311157188036096000
1311155629193490432
1311155351111249920
1311154960567017472
1311153664174821376
1311150198027096064
1311149298244096000
1311057201767895040
1311056971303395328
1311055305648861184
1311043356869492736
1311041804658249728
1311039035033477120
1311034988998152192
1311034192399142912
1311033746846613504
1311032947227734016
1310946556703649792
1310809705787392000
1310789120843751424
1310788516452990976
1310788153347895296
1310787840712769536
1310787767207636992
1310680806017445888
1310680674530189312
1310678826578587648
1310640813513334784
1310428609283268608
1310427956561563648
1310426841812004864
1310352253405089792
1310322118752690176
1310320232259559424
1310319956270215168
1310319841409150976
1310318119303483392
1310317863635427328
1310314631752286208
1310310458084163584
1310310127573049088
1310309201776910336
1310307061129981952
1310303856149041152
1310293589029793792
1310291204127567872
1310289922931253248
1310288907234402304
1309990296105746432
1309986684935778304
1309984067149012992
1309980286592192512
1309960295461408768
1309953596440576000
1309952655486324736
1309951326147805184
1309950657844195328
1309934463703494912
1309931720737722368
1309929117404540928
1309927265921359872
1309923983685570560
1309917896332718080
1309916484039323648
1309915988608065536
1309903163156320512
1309902211502288896
1309901444867395584
1309901077832249088
1309897803552952320
1309888652764483584
1309874802488991488
1309701699041464320
1309598385729667072
1309591105231613952
1309590798346878976
1309586110578921472
1309585327296835584
1309583676049625088
1309579552839143424
1309423793589440512
1309423062870302720
1309422136113745920
1309421362335883264
1309237652353409024
1309222420537126912
1309221498553540608
1309174904177274880
1309174767912709888
1309173337202065408
1308986551905509376
1308984885932105728
1308982682689429504
1308982590817341440
1308865782953246720
1308856808707063808
1308845956281053184
1308843098919907328
1308842066085117952
1308840367790477312
1308839142311198720
1308839060606193664
1308685860502732800
1308683452464738304
1308673135831650304
1308672242985963520
1308670858236506112
1308663785016700928
1308640413750833152
1308638006845362176
1308633409816846336
1308630569769733888
1308621122708144128
1308620023347515392
1308619260596453376
1308618444695363584
1308617605473808384
1308615999571324928
1308615272446808064
1308614368393920512
1308614160650063872
1308538427378368512
1308533959547068416
1308523728133910528
1308519403731013632
1308460922894196736
1308457455245053952
1308440650958934016
1308439112169512960
1308435630632951808
1308435515016962048
1308434684687388672
1308434051028652032
1308431191629090816
1308430249026367488
1308428388076584960
1308423662106705920
1308423167678058496
1308423002569289728
1308349663507107840
1308349522465247232
1308348159345786880
1308332622272229376
1308325775855226880
1308324051358711808
1308274191695843328
1308272774360817664
1308271528757399552
1308270688655028224
1308156059094315008
1308154645982912512
1308154164292263936
1308151962156888064
1308147946001707008
1308144117898186752
1308035958009462784
1308030102891094016
1308029200549515264
1307989401084067840
1307987938261848064
1307986872061366272
1307986406237704192
1307984671372972032
1307965131863863296
1307963823576489984
1307963539026587648
1307961871430045696
1307942817638084608
1307941898594725888
1307941662107238400
1307940702207307776
1307938800174325760
1307937223812222976
1307936958333755392
1307936466354548736
1307935619751043072
1307917021917728768
1307800639146274816
1307527555881328640
1307471249967329280
1307469015770632192
1307463298942631936
1307451989945614336
1307448624872402944
1307443366599290880
1307430103559921664
1307424520303714304
1307404360930988032
1307401912870936576
1307397925824331776
1307381600980787200
1307379833731780608
1307378517294882816
1307372553569275904
1307370380147994624
1307359370498502912
1307357196359995392
1307220131794358272
1307218109779107840
1307210451843985408
1307077726294155264
1307037538432045056
1307034686301052928
1307034280770625536
1307030798701338624
1307030077788487680
1307029705732878336
1307028391577649152
1307027367060275200
1307026475275694080
1307012229791916032
1307002121456414720
1307001101183574016
1306999303693578240
1306998368741339136
1306997638311669760
1306997324774768640
1306997060642762752
1306684279167033088
1306683495759204352
1306681299562827776
1306678671525244928
1306674241463611392
1306673618643025920
1306665298293149696
1306664662449127424
1306662849176010752
1306662475430014976
1306661451545927680
1306661427969757184
1306660726363361280
1306651923085434880
1306623550506311680
1306622850007273472
1306318428739973120
1306317877293842432
1306315861997826048
1306315261319041024
1306309099320213504
1306308143736147968
1306304662497308672
1306302742827274240
1306301037800718336
1306299873592041472
1306261433857052672
1306259116730576896
1306244770617077760
1306244390843822080
1306083917179564032
1306082728497082368
1306076745314053888
1305991138847985664
1305988842202300416
1305981028608212992
1305978406883000320
1305976049331732480
1305941967210270720
1305936006336655360
1305935843216023552
1305930099041148928
1305876465649618944
1305874737596432384
1305874153166299136
1305806617221488640
1305786106181496832
1305718523197558784
1305717738862710784
1305716831315996672
1305715073332260864
1305643856344559616
1305642132489764864
1305640051091611648
1305638617801523200
1305626991824195584
1305622972108099584
1305622350029873152
1305621931438288896
1305621614307008512
1305620011311132672
1305618961724252160
1305618886084222976
1305618281454330112
1305610197948395520
1305604265570897920
1305602414737846272
1305599079028846592
1305596131884367872
1305593263072649216
1305593167564201984
1305591564652212224
1305515939576844288
1305513878894178304
1305512609517535232
1305347829951606784
1305345904208154624
1305280183310712832
1305277486515789824
1305271859974418432
1305268225559724032
1305267618874568704
1305267447126134784
1305262719856148480
1305262256863744000
1305261713709846528
1305261328387526912
1305259981898420224
1305254768382746624
1305253480106524672
1305251577347878912
1305249865841233920
1305248507390029824
1305247898867765248
1305247102877011968
1305244958849478912
1305242043703332864
1305241564885725184
1305241206000095232
1305239809607249920
1305238648095469568
1305235652359974912
1305235352865701888
1305234255031808000
1305232720486977536
1305232419612655616
1305231632325017600
1305231558182400000
1305122195388203008
1305121511326580736
1305120236493058048
1305118946576814080
1305118637360021504
1305116718025584640
1305115103344427008
1305113902045376512
1305112639190839296
1305112551458471936
1305111263513587712
1305108365681610752
1305106971088113664
1305106128465014784
1305104734542614528
1305064124569784320
1305061910589698048
1305060243894939648
1305058198735540224
1305057515353370624
1305056202406141952
1305054046210883584
1304918129324195840
1304916382933553152
1304911954264325888
1304909378198306816
1304907211123163136
1304906341715238912
1304905629388201984
1304903105826492416
1304890598856556288
1304887468467118080
1304887101058674688
1304886610731970560
1304884751573155840
1304821834882445312
1304453156286476288
1304449225380564992
1304448417423335424
1304447464683036672
1304446501201080320
1304446031220936704
1304445854191939584
1304445285821747200
1304444110431027200
1304180388013772800
1304172403359186944
1304171394742325248
1304168292744126464
1304163777919811584
1304160887381655552
1304159388190547968
1304156935336464384
1304146988867506176
1304143362929364992
1304142339821240320
1304140525583437824
1304124849154125824
1304120646956445696
1304120456983859200
1304118246023606272
1304115580891549696
1304114717674397696
1304112928191385600
1304111083771265024
1304110272068624384
1304069550040809472
1304066999996354560
1304064641430102016
1304052840617385984
1304052694945075200
1303811727113453568
1303786971534368768
1303780466722565888
1303779339188801536
1303766663268106240
1303763954557165568
1303762853174947840
1303722780534493184
1303721227291418624
1303718418164658176
1303714240671493888
1303713465153056768
1303712194056593408
1303710879150678016
1303710623289745408
1303710389037924352
1303710210838728704
1303709302155341824
1303701080728047616
1303700769368092672
1303698915829710848
1303689498166013952
1303683203627134976
1303682643947655168
1303682193357713408
1303674667295821824
1303673741529022464
1303673112064602112
1303672998742945792
1303671769769955328
1303670941747208192
1303669575238725632
1303668264837550080
1303467675088236288
1303464230222540800
1303462092675178496
1303452747803570176
1303450627884953600
1303445243933720576
1303440996882165760
1303438615943540736
1303433618577031168
1303431909310189568
1303429499850194944
1303428863389765632
1303242850503667712
1303178760204824576
1303176701690753024
1303175379524505600
1303173444805316608
1303082334598713088
1303044940851818496
1303044010706075648
1303042832211509248
1303041366277214208
1303039288838365184
1302982511165943808
1302896274266566912
1302891928028143616
1302889366235250688
1302888219344875520
1302886096846704640
1302885706084294912
1302883594814267392
1302880800808095488
1302878761059258368
1302876559368433664
1302875189261275136
1302730331523633152
1302693431693791232
1302693214453936128
1302693038964314112
1302692850728042496
1302692813398773760
1302642392886112512
1302630676156608512
1302628000660361216
1302625916720500736
1302608908289220608
1302606403702530048
1302535078074036224
1302534228396171264
1302534067620118528
1302533041345253376
1302532958117662720
1302532554231349248
1302531470003666944
1302531139580628992
1302517441914953728
1302516995842334720
1302516772864765952
1302516411420626944
1302515834573803520
1302334431701721088
1302330500036669440
1302330179398832128
1302330022833856512
1302329799084519424
1302328859652755712
1302328233346707712
1302323899531698176
1302279897994399488
1302279879325634560
1302279791618424832
1302278275683753984
1302277903850373120
1302274479918325760
1302268476355207168
1302267973470769152
1302264339664179200
1302087948893138944
1302087256233009152
1302086784730488832
1302085329374060288
1302018802016813056
1302017371930984448
1302016248730005504
1302004383975182336
1301956398172041216
1301955366486499328
1301942999757262848
1301941837503041536
1301941723459989504
1301941437056065536
1301941263097376768
1301940791124922368
1301940365704990720
1301913254135058432
1301912650625036288
1301855518768738304
1301723425816350720
1301721520360873984
1301721199903469568
1301719708010512384
1301718629894029312
1301718230260686848
1301652914348462080
1301651415824293888
1301643903595163648
1301637423177269248
1301633505571549184
1301625598712918016
1301623300058165248
1301623132797784064
1301622959308668928
1301583564354486272
1301581500043931648
1301575930830352384
1301549413823909888
1301549117508902912
1301545838339149824
1301541010573492224
1301520351294377984
1301516249499918336
1301494825041227776
1301363896008282112
1301361535353344000
1301358711949139968
1301283321889067008
1301281806805852160
1301276142549315584
1301268149778763776
1301267911957450752
1301255055950196736
1301250808999227392
1301250400155242496
1301235583977652224
1301234512207269888
1301193942562734080
1301193549317394432
1301190887746293760
1301188220017872896
1301172316358029312
1301137904006238208
1300999362005340160
1300964734402023424
1300962502386298880
1300959768039784448
1300959694534725632
1300956543052120064
1300953666027913216
1300950066874679296
1300948412741947392
1300926072205254912
1300925087999234048
1300925052708421632
1300911374130970624
1300910772579717120
1300909030026743808
1300907378435665920
1300905465300295680
1300901003072503808
1300899124892631040
1300896463002710016
1300882602384130048
1300876070992982016
1300838065603252224
1300825170328854528
1300811726011674624
1300807646937784320
1300807310298812416
1300550883101618176
1300549358379823104
1300547847784464384
1300547409903325184
1300544934005661696
1300543980229324800
1300541831630008320
1300540458439970816
1300539071257812992
1300538557099114496
1300536752113889280
1300427515954188288
1300417594785230848
1300417255063290112
1300416623682162688
1300416050920648704
1300369017593565184
1300368401504894976
1300367034669203712
1300364858807013376
1300364609229148160
1300364280731230208
1300363974463180800
1300363640806178816
1300194709277757440
1300188564056150016
1300183936082104320
1300182781964812288
1300182422412292096
1300181150913236992
1300178513337647104
1300175618726920192
1300175577727594496
1300175175678337024
1300174278478921728
1300103108941557760
1300098067031523328
1300055571014602752
1300054738294263808
1300054083039100928
1300051815346712576
1300049913275973632
1300048108978667520
1300047233493209088
1300045432970719232
1300043674156437504
1300041879229280512
1300041314608840704
1300024550097391616
1300022212536209408
1300003453570342912
1299999795977883648
1299999484278181888
1299998993129373696
1299837581492981760
1299835965058551808
1299835788998447104
1299835281584128000
1299832152171962368
1299831855081025536
1299831664135344128
1299831528118198272
1299830738263650304
1299822770398912512
1299817218339897088
1299816865611514112
1299816441601044480
1299815319356280832
1299814341890510848
1299810744205271040
1299810015059103488
1299806210821103616
1299804865934307328
1299800491468169216
1299795053574000640
1299794719350947840
1299793927281807360
1299792856169803776
1299792087190327296
1299791913801994240
1299791378831101952
1299789876250935296
1299735949862211584
1299644128611926016
1299643980557234176
1299643544488087552
1299642156878106624
1299640444234739712
1299631658040266752
1299558206830792704
1299550695817871360
1299549126737174528
1299548841633550336
1299493054710190080
1299491953579626496
1299486393278910464
1299486179293892608
1299484762042761216
1299484342519988224
1299482042162393088
1299477756078682112
1299476326542385152
1299460068145065984
1299456467414720512
1299454764728680448
1299453602084327424
1299451442080747520
1299445964927836160
1299439682200178688
1299438651303251968
1299438257466470400
1299437810915647488
1299437799951798272
1299419962294128640
1299417996184752128
1299417674775228416
1299403583402766336
1299402728049963008
1299186298436169728
1299115413012451328
1299107583635095552
1299099208117518336
1299096608626348032
1299093759729307648
1299093096295264512
1299086883948032000
1299083943334076416
1299082945609768960
1299080465022881792
1299069022366052352
1299059172609331200
1299058992031903488
1299057620528050176
1299055715399733248
1299031651419410432
1298928196461776896
1298926394026713088
1298924337282666496
1298924187646595072
1298923569360109568
1298873505484865536
1298872665621639168
1298871040253272064
1298870691475927040
1298827481349320704
1298824767194181632
1298822049855688704
1298763915954917376
1298754637609213952
1298750705344356352
1298748774962135040
1298748693567463424
1298748652601724928
1298748489283899392
1298748380752023552
1298747753166708736
1298747685848178688
1298747119617146880
1298746390965891072
1298746081648541696
1298746000979435520
1298745934461972480
1298561207331442688
1298559007263793152
1298557399452745728
1298461950834335488
1298461751042871296
1298459949480267776
1298374506684309504
1298370045702275072
1298363333624684288
1298362196670533632
1298334054790713088
1298332371763134464
1298281464530968576
1298276494549159936
1298276178776805376
1298271984220901376
1298271294182416384
1298253091775496192
1298242966885208064
1298198986701111296
1298193811529662464
1298193625709453312
1298193176021409792
1298191959060881408
1298175423935848448
1298102790674415616
1298102736475611136
1298102437950234624
1298102163437228032
1298099237083909888
1298098468116979712
1298098219277340672
1298097888208224512
1298038201945382912
1298034305638244352
1298033664933101568
1298022662804054016
1298020028462358528
1298010871046823936
1298008471389036288
1298004155940909056
1297998486781263872
1297996617354752000
1297995330210926592
1297995062383648768
1297993580930371584
1297993183880777728
1297946055443656704
1297945897150619648
1297943583882989568
1297837113531141888
1297837086540800000
1297837023521382400
1297836624651390976
1297829228373839872
1297733787607072768
1297658649716940800
1297657821870391296
1297655107136495616
1297650054145220608
1297644537251233792
1297559258410684416
1297547948067356672
1297539799646187520
1297537293377576960
1297535594697052160
1297527048588730368
1297474632358952960
1297472273176289280
1297471917495123968
1297471346239254528
1297469919798480896
1297367644958593024
1297366537322541056
1297296283686907904
1297294557957312512
1297293807982129152
1297282913961205760
1297281649684643840
1297280141668888576
1297279731876925440
1297275595877908480
1297269242526674944
1297268097670414336
1297265671877820416
1297167801959030784
1297108416557703168
1297108176807092224
1297107361660796928
1296933626748317696
1296930727322423296
1296924993255858176
1296924790230519808
1296924544259829760
1296923526595837952
1296887157295058944
1296884030307172352
1296880736633532416
1296853087366394112
1296852690094436352
1296843517885636608
1296840362082930688
1296839206925410304
1296838408489369600
1296837640688369664
1296837388954669056
1296835886357925888
1296774822576431104
1296747466444996608
1296547283132190720
1296545987247439872
1296545444315762688
1296545242288656384
1296540911267188736
1296540002395066368
1296538954871836672
1296538749153808384
1296535752835203072
1296521994930999296
1296519836647006208
1296515818386333696
1296514016467210240
1296510598272954368
1296499290513313792
1296490965881040896
1296422208772997120
1296390426593767424
1296386235657789440
1296377705047502848
1296253487479652352
1296250415680454912
1296248636490289152
1296217237477523712
1296215228670251008
1296214922494435328
1296213872995717120
1296212527827816448
1296211481441312768
1296208603309903872
1296203253525487616
1296201438293524480
1296199360544481280
1296198662708764672
1296192991552577536
1296148837342617600
1296145279809462272
1296144483390824448
1296143401486888960
1296142544175276032
1296141916309016576
1296133381407805440
1296103303584141312
1296100220569292800
1295845656834322432
1295841802218602496
1295839717993390080
1295833678984118272
1295831362352623616
1295812859465740288
1295760268945960960
1295758310809964288
1295758123312001024
1295556965586948096
1295484290340401152
1295483511625986048
1295483015234236416
1295482241016107008
1295480642659061760
1295479780578668288
1295478494097440768
1295405374401662976
1295383208188612608
1295134052673114112
1295127086152155136
1295126322625146880
1295125197977260032
1295123809129902080
1295118560864407552
1295115888593711104
1295115061430755328
1295114646265962496
1295113744004059136
1295112465156657152
1295110957929312512
1295048604143554560
1295046678492446720
1295043454175776768
1295043369018818560
1295025490231734272
1294992485207420928
1294953564507377664
1294935006532558848
1294934354238595072
1294933196140883968
1294931293331955712
1294928927757144064
1294926376093593600
1294925859363725312
1294924032530423808
1294767847990755328
1294762760182661120
1294761669743321088
1294761622511202304
1294760452610818048
1294760171663773696
1294758328070004736
1294757557383368704
1294756930397839360
1294754882084372480
1294747216008097792
1294727575332368384
1294708134624350208
1294683526613413888
1294670442523955200
1294668454163812352
1294665253582786560
1294660665920151552
1294654241873821696
1294638842566389760
1294637688801419264
1294637596195381248
1294636560076374016
1294633433147334912
1294631995545399296
1294630866724020224
1294630162265305088
1294603859759898624
1294569702287695872
1294569135066800128
1294568219152449536
1294566580362326016
1294565649763782912
1294481916524208128
1294479834849124352
1294477959001255936
1294475710208323584
1294475212008939520
1294473887837827072
1294471625769996288
1294471366138376192
1294406462144421888
1294403748949905408
1294403674320634112
1294403289686192128
1294402935435268096
1294400507709198336
1294392746795507712
1294391707526746112
1294346387782590464
1294345791805554688
1294344823147835392
1294337691488792576
1294331258949046272
1294329247465722112
1294328002222985216
1294308422918299648
1294305664928546816
1294305245716254720
1294303839315791872
1294299293587836928
1294299004398903296
1294298712601239552
1294298290121515008
1294296833922138112
1294293534187696128
1294035137626345472
1294033085122609152
1294031359078551552
1294029807035002880
1294027679184945152
1294024778106507264
1294019060112424960
1294018560294039552
1294002763660238848
1293992340630179840
1293991309921988608
1293991048436428800
1293990256522547200
1293989063855427584
1293914891485495296
1293875524587184128
1293874517966761984
1293753018471583488
1293751641594880000
1293749162270318592
1293747718213513216
1293747567080214528
1293747108063973376
1293668160995045376
1293667340694048768
1293665146749976576
1293664363837087488
1293660693632356352
1293657326482788352
1293657014330175488
1293654589108084736
1293651918124994560
1293648184334586112
1293641903209099264
1293640682813489152
1293637741020958720
1293636697511604224
1293635805924282368
1293635106742194176
1293634588359700480
1293633449320947712
1293620888068292608
1293489255772295168
1293475401289916416
1293389832073477888
1293387426937876480
1293384470142357504
1293322437828980736
1293322039777013760
1293321473592098816
1293320944354811904
1293319785867087872
1293317935965122560
1293317481495494912
1293315610680659968
1293305589343432704
1293304998865113088
1293301347673088000
1293297865205440512
1293235587663699968
1293234519751954432
1293233757617561600
1293232954433507328
1293215646499700736
1293141242604380160
1292961817648603136
1292949835872710912
1292928516984578048
1292905237854981888
1292904638707118080
1292892949395775488
1292884404306616320
1292854529491447808
1292852880253300736
1292848492931690496
1292815454281572352
1292811612345315328
1292684439949119488
1292595913626722304
1292594033139875840
1292593635914113024
1292589894519463936
1292583700006424576
1292583178624995328
1292580645412249600
1292579029858562048
1292578866922500096
1292578517452980224
1292576290256683008
1292574611801092096
1292461520060899328
1292459529423159296
1292437920335433728
1292435441610883072
1292434494146977792
1292433828439523328
1292433459898703872
1292431641454018560
1292428748705464320
1292427024032772096
1292424709615877888
1292421460703825920
1292418978258857984
1292418454075645952
1292417854629969920
1292412680607879168
1292404289839738880
1292401448966291712
1292400718805192704
1292399240438853632
1292398982220648448
1292395183343112192
1292232867163115520
1292232375435493376
1292228821551390720
1292223103284772864
1292222050057297920
1292221692895526912
1292219939647041536
1292219040883187712
1292214867861045248
1292213180995903488
1292211519950905088
1292209352514908160
1292093463853518848
1292080379986350080
1292079038354395136
1292076570014879488
1292073883043077888
1292066289796755712
1292061591521898496
1292060232210878464
1292059733256482816
1292058605596880896
1292055976405872640
1292055522150166528
1292054872645304320
1292053808617586688
1292052970947989504
1292051731375894528
1291874972693147648
1291873919415328768
1291872324141092864
1291870206550257664
1291868591214690304
1291867598284562432
1291866460948758528
1291861106093371392
1291860197158289408
1291859485733125888
1291853757878329088
1291852481039826944
1291850957853274112
1291849618859401216
1291848612780089088
1291846011162447872
1291827768033005568
1291826935862112512
1291826550095204352
1291825740401520640
1291810204875726848
1291807063128059904
1291805150881996800
1291804622965833728
1291787847196975104
1291785122170245120
1291783994430967808
1291759571841818624
1291751096478830592
1291750307777654784
1291729844410159104
1291728251531005952
1291673942349033472
1291673034106048512
1291653838773116928
1291649401262346240
1291648624502411264
1291645860703547392
1291644863436525568
1291643650150105088
1291512919855955968
1291512517777412096
1291512187543064576
1291502906903076864
1291500303708291072
1291500090507632640
1291494709647507712
1291493167074869248
1291491172079276032
1291489322047352832
1291488116310789888
1291486934376873984
1291483796089589760
1291481874079121408
1291476549657669632
1291476247013466112
1291473111574106112
1291466271624695808
1291465433191768064
1291464185239556096
1291462351858933760
1291458014243966976
1291453534203006976
1291452968479449088
1291452347139457024
1291450511527415808
1291416653176221696
1291416213843775488
1291415386165071872
1291413892116218112
1291212113923452928
1291211125669990400
1291135438871306240
1291133775615852288
1291132751740010496
1291131007572246528
1291127677714391040
1291120336046641152
1291119258047590400
1291119053390729216
1291116389370155008
1291106722539503616
1291104763287920640
1291101812372705280
1291100446317314048
1291071335037313024
1291055505151074304
1291053326088450048
1290956416459603968
1290839322422382592
1290772286795124736
1290772211863871488
1290768176763023360
1290764531577360384
1290734527069990912
1290733248100945920
1290731630932439040
1290731270922817536
1290730767400816640
1290724830799695872
1290723470201028608
1290721494172082176
1290721050817368064
1290669470990708736
1290668578954530816
1290667348446322688
1290666299404832768
1290662586741137408
1290401214333624320
1290395199487782912
1290393515533438976
1290317660627099648
1290317370049859584
1290291652251340800
1290291412169179136
1290290615553409024
1290290111658090496
1290289011626450944
1290249740999892992
1290235833686134784
1290093884715020288
1290092072041615360
1290091901798891520
1290081900103471104
1290078583004815360
1290075573415534592
1290074771846082560
1290039595120259072
1290036702539444224
1290031394417250304
1290028646573330432
1290028248366067712
1290026360715370496
1289998703218974720
1289997476724764672
1289996864373141504
1289996527151099904
1289996220845273088
1289994330963357696
1289972691357720576
1289972195641491712
1289971355237064704
1289960617839751168
1289959898625667072
1289958259760066560
1289955357901479936
1289820539163258880
1289820111226810368
1289816538900393984
1289815641977794560
1289638688977231872
1289636915302379520
1289635561590800384
1289634850853408768
1289634253639016448
1289633095260413952
1289630703915802624
1289630374386184192
1289629719730835712
1289614791665790976
1289611063667785728
1289609649767907328
1289544973352931328
1289542006553772032
1289536870259425280
1289517138906976512
1289516571564507136
1289514153841836032
1289308247543832576
1289304243019476992
1289298792743874560
1289116769001635840
1289116180612091904
1289114585467949056
1289114366634266624
1289114148123574272
1288956814294495232
1288956032572706816
1288882495862321152
1288881359616958464
1288671539152465920
1288607641032445952
1288599355218370560
1288598431217442816
1288594429918445568
1288591894893735936
1288589437883097088
1288588647193812992
1288586926254161920
1288585554397888512
1288583208364376064
1288582845942898688
1288551234924875776
1288550879939956736
1288549828767756288
1288518142944313088
1288517748428021760
1288515985738207232
1288515032486158336
1288514355567513600
1288230674210725888
1288229274311418112
1288219149639061504
1288218030384787712
1288216981481627648
1288213156280573952
1288210322638110720
1288210272092663808
1288209720923258880
1288209458099826688
1288206175872442368
1288203783172956160
1288201324706897920
1288198205377740800
1288196629066129408
1288196293031079936
1288195815425671168
1288195225832357888
1288182819194310912
1288180954406752512
1288159180533235712
1288158076395298816
1288157979657801728
1288155005409734912
1288091672564424704
1288053969940619264
1288052372409913088
1288048757926498304
1288047050815397888
1287946760858591232
1287946556453400576
1287887327373799424
1287884508822482944
1287882997136412672
1287882857235353600
1287881906231492608
1287878970109603840
1287877588065456128
1287873903440695296
1287763714243014912
1287755984379748352
1287755033019330560
1287753498327748608
1287751433857708032
1287742353239924736
1287741925425020928
1287680892509589504
1287594033649520640
1287588179458043904
1287581550696181760
1287580899882815488
1287580813660434432
1287565235432423424
1287557957312327680
1287555812949336064
1287555242800762880
1287547824654233600
1287546631282458624
1287546212623757312
1287545143550259200
1287540305630240768
1287503150174347264
1287500244394168320
1287498602688937984
1287498361764032512
1287497779254898688
1287494130290089984
1287490737567936512
1287488089619931136
1287485459497725952
1287425957515735040
1287425814477365248
1287424716773392384
1287423142156271616
1287422900291678208
1287419023383301888
1287417827931103232
1287416354170117888
1287378751119130624
1287161824618700800
1287159948640747520
1287155898524274688
1287153196784394240
1287152422905929728
1287151874953666560
1287147317309714432
1287145029908168704
1287142126246076416
1287141848193081088
1287137470967160832
1287134822360666112
1287132715867942912
1287130312825360384
1287102974511255552
1287072014965104640
1287035300850663424
1287025877293903872
1287022906610978816
1287017758488698880
1286783949935726592
1286776534171299840
1286775306905411584
1286774252151218176
1286769294668431360
1286768148155371520
1286766354268291072
1286683130955542528
1286682336428544000
1286680011592871936
1286678007709683712
1286671077016576000
1286575868731695104
1286506143381061632
1286502656769429504
1286502498208022528
1286500036600373248
1286496197352591360
1286495886500081664
1286492287112019968
1286426838013804288
1286425348910055424
1286424878057480192
1286423459640246272
1286421073026781184
1286420466853449728
1286420148874874880
1286419567590486016
1286399592548962304
1286398911620448512
1286340266740322304
1286337732873256960
1286331404901548032
1286318476253175808
1286318038296539136
1286316927959408640
1286316361778683904
1286315734142988288
1286315593554186240
1286298784226594816
1286295224206209024
1286244239677030400
1286243466050260992
1286240390203441152
1286237567529123840
1286071610819203072
1286066445751930880
1286057566531915776
1286057433799041024
1286057100486094848
1286052384662269952
1286051483977494528
1286049815579811840
1286045077266145280
1286026384087961600
1286021220438351872
1286019723533180928
1285991028990840832
1285984114131316736
1285982529565208576
1285980214150012928
1285970974882529280
1285868904108236800
1285809563279794176
1285807195406372864
1285791268912717824
1285789552892874752
1285780184575160320
1285779734102769664
1285779264680472576
1285775125632212992
1285770372722368512
1285696272540803072
1285692376233771008
1285690355594207232
1285679967024689152
1285677676074762240
1285675215981350912
1285671381817065472
1285667416991817728
1285651862943932416
1285649836272910336
1285648032919441408
1285636713457557504
1285635464452608000
1285610054159413248
1285604373603770368
1285602402473783296
1285600857782980608
1285598466425716736
1285596013391208448
1285592644459126784
1285591060853514240
1285584660857327616
1285583235850936320
1285582518121627648
1285576680367677440
1285570581144969216
1285513219780599808
1285508052003835904
1285507799733145600
1285431684150767616
1285431184416280576
1285430486832119808
1285429182856671232
1285428924277829632
1285411009683951616
1285409910126149632
1285292020165226496
1285290310080266240
1285247388165300224
1285236478851919872
1285236068263108608
1285151834223661056
1285151485823787008
1285150841301852160
1285150399079624704
1285145174767788032
1285144417519771648
1285144122496618496
1285141117697175552
1285137976096366592
1285135370703851520
1285133802415824896
1285133576179191808
1285131294410715136
1285050527072616448
1285048878572732416
1284972315080613888
1284970023786881024
1284967626712784896
1284965404654395392
1284964592213532672
1284962656638701568
1284960605594624000
1284960297317535488
1284959072828219392
1284957024929886208
1284955590528245760
1284952751663964160
1284927291869614080
1284927174475218944
1284908119060107264
1284904836220309504
1284903470542270464
1284859988809322496
1284855128646877184
1284793389624557568
1284623158352510976
1284622291121442816
1284620469254213632
1284619131346726912
1284616557788897280
1284608129553108992
1284606945962467328
1284605734265720832
1284605262092029952
1284604694057431040
1284603292358717440
1284600247428288512
1284596671599476736
1284595677260132352
1284588259767713792
1284586102905544704
1284583839206191104
1284561243429318912
1284539118316290048
1284510350822592512
1284506371631845376
1284504468797690112
1284502457746444288
1284502333083312128
1284501105624387584
1284490661677412352
1284488511148654592
1284485823321329664
1284483618040143872
1284483212811612160
1284468513206304768
1284341441293094912
1284324018162728960
1284321936462487552
1284320466849669120
1284317803953127424
1284317705277931520
1284250850140008448
1284249570889867264
1284248168490840064
1284247987515019264
1284246302365286400
1284240639543173120
1284240006563979264
1284232715479519232
1284219333833564160
1284216931491487488
1284214028399792128
1283956377107529728
1283891931991482368
1283891380343971840
1283889854464643072
1283887681169235968
1283854592976003072
1283834094787362816
1283832840229195776
1283819106223955968
1283764166193565696
1283763314305228800
1283762520600322048
1283762005241999360
1283759304907149312
1283759100862636032
1283722699190272000
1283686119398408192
1283683958153150464
1283683533438025728
1283682422228484096
1283682036897722368
1283678938309459968
1283678904234975232
1283539091796238336
1283529790851604480
1283523965793832960
1283498179745525760
1283497758570221568
1283497374359457792
1283495690660917248
1283495153546780672
1283493627205951488
1283487048809185280
1283486711822065664
1283421334215819264
1283398920861888512
1283396129577668608
1283373389290315776
1283368387192803328
1283368088755408896
1283323624443850752
1283320586190586112
1345474262942044160
1345301117601779712
1345115605339353088
1345112193411534848
1345034786537091072
1344985445642493952
1344790134554767360
1344704621898567680
1344664835955556352
1344590713959419904
1344394156207169536
1344336450205216768
1344142369977995264
1344036787937808384
1343892670628954112
1343769127853371392
1343603255218155520
1343572581702635520
1343175841589637120
1343125740821348352
1342883378106953728
1342709270979244032
1342550946337927168
1342268345912066048
1342222352952807424
1342097039715409920
1342016691912511488
1341675654446772224
1341561318101422080
1341253071314296832
1341127256010350592
1341036857870659584
1340658686147121152
1340613057387610112
1340482458559651840
1340393852901994496
1340247162551152640
1340142125095251968
1340086373496336384
1339955110584209408
1339733687466901504
1338954126093398016
1338692056517120000
1338642666641297408
1338613630535864320
1338612789364011008
1338563696155643904
1338562806145232896
1338550390284029952
1338506954000519168
1338370531834388480
1338250897999208448
1338132438741086208
1338039717573636096
1337833620371877888
1337793347121983488
1337692644105981952
1337601263710691328
1337280727822573568
1337233887207059712
1337120812957118464
1337015609922613248
1336922089975132160
1336777746920468480
1336728101900980224
1336559161002352640
1336387696319729664
1336373863454748672
1336172483607719936
1335987711967105024
1335965787446792192
1335822363900915712
1335709556949839872
1335581789629411328
1335536367628132352
1335428828576043008
1335360694498308096
1335276995844993024
1335022240832872448
1334861723703119872
1334260860651524096
1334258084512935936
1334161888377188352
1334161368719773696
1334077192360386560
1334032757006213120
1334022025124474880
1334021937249521664
1334021772690284288
1334021495102853120
1333917989570228224
1333894294495752192
1333755228110327808
1333727270368931840
1333722645507035136
1333463371941892096
1333455064078356480
1333376000344911872
1333374991715487488
1333350661354872832
1333346394980184064
1333182787898253312
1333164272982102016
1333120189265825792
1333119903767924736
1333061369428660224
1333059043645136896
1333053191060140032
1332971282686750720
1332969794723786752
1332780359298256896
1332776923844505600
1332734494047088640
1332660789090668288
1332641683234836480
1332575824176963584
1332430242485592064
1332366208088371200
1332241789437218816
1332151099059560448
1332050708959465472
1332010125150851072
1331991723212476416
1331924951859916800
1331924471352058112
1331785559380021248
1331703990434877440
1331676705023471616
1331676618830606336
1331676482071097088
1331594669130731520
1331551486162194432
1331344941637902336
1331242221509677056
1331125713177600000
1330978145596530688
1330927150233493504
1330922716782850048
1330922176892071936
1330905484916908032
1330884208169017088
1330874551908118528
1330848056892416000
1330847856907997184
1330831172709081088
1330816170723774464
1330804176050409472
1330699345121972224
1330689992339972096
1330688953746415616
1330687693047689216
1330686824461819904
1330686450220863488
1330679859098611712
1330678376579928064
1330677216565399552
1330639860428910592
1330614559426613248
1330614318237429760
1330612962105626624
1330612156484767488
1330607706357592064
1330607398579560448
1330598790349385728
1330596236022444032
1330491283513741312
1330491241805586432
1330454672520470528
1330415163175006208
1330242927537303552
1330173879369805824
1330144192295817216
1330117012215967488
1330038771027415040
1329790426950361088
1329763785209425920
1329763673448079360
1329763621262520320
1329763563334987776
1329760068951216128
1329758873046159360
1329730167514812416
1329726708216426496
1329726645943623680
1329519856807448576
1329507210313994240
1329396432554614784
1329393027471839232
1329322365893873664
1329164439241814016
1329164387266031616
1329164285788950528
1329153249937661952
1329136219305992192
1329113356251377664
1329022784845082624
1328784956831789056
1328760409885700096
1328715763805515776
1328665189483483136
1328637647351394304
1328632328088936448
1328417595284975616
1328416351623450624
1328270368264630272
1328258298714394624
1328130456999636992
1328129152684322816
1327999103297593088
1327977261547532288
1327962295834726400
1327949766261665792
1327845903756111872
1327708040951439360
1327680282200301568
1327607511327924224
1327432923822383104
1327359915464269824
1327359862209179648
1327349002887716864
1327346760382095360
1327298912068243712
1327297411870580736
1327297377720471552
1327297049457528832
1327269416191610880
1327261426176634880
1327213009542975488
1327212529672708096
1327212483258540032
1327116449459154944
1327008948252241920
1327007909478281216
1327007841174089728
1326991107587268608
1326965954568458240
1326965874633420800
1326965765971513088
1326965709734375424
1326965656609239040
1326961088668295168
1326960761814573056
1326950157750054912
1326861642827698176
1326847202862436352
1326847103025471488
1326847036478644224
1326717529260224512
1326651046085730304
1326640769155862528
1326629801671745536
1326629762064900096
1326629693437718528
1326623740646608896
1326599954148843520
1326577208618602496
1326577152679157760
1326577069233496064
1326576073543446528
1326576018640019712
1326573872120999936
1326573525570899968
1326569149892620288
1326543395855036416
1326543355069657088
1326543305845301248
1326542882300329984
1326540923711361024
1326490835614113792
1326359958460436480
1326306982710669312
1326305450837635072
1326304986175836160
1326304884430434304
1326303262157529088
1326241415869968384
1326238682173612032
1326208877990457088
1326208775783653376
1326173825382445056
1326169789719588864
1326141403521572864
1326062666377539584
1326057039672520704
1325947661841813504
1325914553507581952
1325907606951571712
1325884341331832832
1325878654556057600
1325860471988236288
1325851148276948992
1325850366303461376
1325850328139436032
1325824528023482368
1325817311496990720
1325812438302908416
1325802627729403904
1325798565126549504
1325796706789826560
1325794743125684224
1325794545917947904
1325782447213129728
1325781976998096896
1325781925605367808
1325753095113109504
1325578112122429440
1325535104014426112
1325525657586167808
1325492089786937088
1325492003996569600
1325391586038063104
1325369625996103680
1325275417801060352
1325222006418264064
1325216513092186112
1325174895546929152
1325174848977592320
1325174793692393472
1325174552780037888
1325159227694833664
1325158250182975488
1325155390053617664
1325114361187344384
1325099004322078720
1325097095313977088
1325097020185522176
1325053053964328960
1325052596797788160
1325052412512653312
1325052331738722304
1325036604575141888
1325036098796576768
1325036053565206528
1325020409528520704
1324943613437104128
1324938409098555392
1324895108244918272
1324875201193062400
1324874282778963968
1324873720834437120
1324863659705774080
1324863089750192128
1324862839606153216
1324862376596877312
1324861874530373632
1324861336208232448
1324860725194526720
1324860115619631104
1324859142264279040
1324858632694079488
1324858063241752576
1324856435222728704
1324855964353310720
1324854751390060288
1324846909077540864
1324846271077720064
1324844743793299712
1324844051275853824
1324843907683880960
1324829173966319616
1324828925319618560
1324817970267344896
1324817819431784448
1324817535427031040
1324817185563386112
1324816237159976960
1324815911266770944
1324815224311058432
1324814931091509248
1324814652719747072
1324814010630443008
1324812138058338304
1324811569130295296
1324810356343136512
1324809544283934720
1324803447057752064
1324802683623116800
1324801279588257792
1324801219680980992
1324778530518011904
1324764014937853952
1324763058229678080
1324763004500647936
1324762916940369920
1324762877849423872
1324762834882994176
1324709125314519040
1324690029655019520
1324689467458887680
1324679148527357952
1324668658141044736
1324655900280369152
1324655819967893504
1324581978017091584
1324581435982884864
1324576464294076416
1324417305296674816
1324389234405482496
1324340356461244416
1324337792164470784
1324336595307290624
1324336382123401216
1324336256743055360
1324336213684297728
1324336170029993984
1324336106008125440
1324285917079764992
1324172206587432960
1324127073338875904
1324124628588126208
1324124587668459520
1324040034807357440
1324039833405296640
1324034425613672448
1324020420098576384
1323990861726863360
1323987500348674048
1323969182858399488
1323966658369757184
1323966590908510208
1323961584511782912
1323885761448562688
1323880109263278080
1323878989639897088
1323816726614736896
1323741939456499712
1323739889473605632
1323738536248516608
1323738488177647616
1323737607336038400
1323736986646175488
1323736851790942208
1323736775785877504
1323736560437731328
1323695956278366208
1323690785859162112
1323687990133198848
1323678690572685312
1323564518400790528
1323559435143434240
1323488562625630208
1323388901516595200
1323387093888966912
1323340975050313728
1323340665665789952
1323334320728252416
1323313915170869248
1323313860632338432
1323307477123956736
1323208813793714176
1323193819358179328
1323189626736173056
1323183059865317376
1323132566522789888
1323129176124215296
1323079625556242432
1323079428788936704
1323061712766046208
1323012940694495232
1323010955740106752
1323010689858965504
1322984198991466496
1322981207576088576
1322981158980931584
1322975684537552896
1322971752125911040
1322971703480340480
1322965514382123008
1322964463897747712
1322964398328193024
1322964141947162624
1322891361859837952
1322883905431764992
1322783410113437696
1322656473143541760
1322631459740487680
1322559538223075328
1322499396337049600
1322487829868535808
1322485441145249792
1322369388234854400
1322237148913901568
1322234891048755200
1322234843007229952
1322234794533670912
1322234738589995008
1322222769568993280
1322222723683225600
1322222686370623488
1322216521331052288
1322195508258082816
1322168662573387776
1322020162430771200
1322010517486055424
1321953592148938752
1321942158790791168
1321915378361139200
1321894321696788480
1321893782594457600
1321880045573591040
1321879427635138560
1321790018336284672
1321788759332052992
1321788289590972416
1321787716779073536
1321786771294834688
1321773709359779840
1321697102020399104
1321693148633071616
1321546581636767488
1321546513223475200
1321546252094459904
1321546190643744768
1321546132221296640
1321546082753667072
1321546044392509440
1321545999098281984
1321535291262468096
1321534718484140032
1321534616440885248
1321534509515525888
1321534452774948864
1321534408516653056
1321497819405000704
1321486614095429632
1321458443966971904
1321458194347134976
1321456718895874048
1321456598506757888
1321453391780958208
1321453261090672640
1321451399352328192
1321451196641673216
1321447720586981376
1321436454468419584
1321410743733014528
1321338012836483072
1321336357847969792
1321335875532447488
1321332023873675264
1321212504245260288
1321209048629452800
1321206405655920640
1321194870032244736
1321165731757723648
1321164095450730496
1321163612480831488
1321102012092719104
1321101904194211840
1321101585955643392
1321101485422370816
1321073948214333440
1321020924255227904
1320820538865057792
1320820469277302784
1320820399656079360
1320820322862596096
1320820026262364160
1320809888235376640
1320809815275380736
1320809766797627392
1320809726888824832
1320806181611491328
1320803532543545088
1320744626056241152
1320596241521233920
1320428057258242048
1320360674497888512
1320360635532795904
1320360594063708160
1320360532617138176
1320358925351505920
1320358883819462912
1320348481215778816
1320306253780946944
1320144056115208192
1320140393527332864
1320140139302105088
1320084950092230912
1319959193349226496
1319845478549303296
1319760732460929024
1319747739358535680
1319746999130927104
1319717269983944704
1319668465960161280
1319663850996850688
1319663787688054784
1319652884347293696
1319627841076662272
1319544926342959104
1319446138353864704
1319371995923025920
1319302246077730816
1319277538854629376
1319224611427463168
1319157947222663168
1319095834374529024
1319022233323474944
1319002347243229184
1318993794268860416
1318993745241657088
1318993588894785536
1318993552895021056
1318993496196501504
1318988171846340608
1318983092162465792
1318979038380163072
1318978194704302080
1318977700133044224
1318977661004369920
1318938815353028608
1318911794375774208
1318880047281934336
1318874045702615040
1318873930824884224
1318873895441674240
1318780869419610112
1318778029842321408
1318739725239209984
1318636895421739008
1318580970862366720
1318516784232910848
1318452764326899712
1318305988546613248
1318292225273569280
1318291103242735616
1318291066861293568
1318291031201382400
1318276552346488832
1318231968455196672
1318116770612465664
1318030162089431040
1317932781251551232
1317928433167572992
1317928204473085952
1317922532314447872
1317921955790675968
1317921799108255488
1317921702098120704
1317872042897772288
1317869372774506496
1317844003937812480
1317782524932784128
1317776498288480512
1317662092787331072
1317585620034834432
1317567835175079936
1317550568521519104
1317485928458473472
1317482563011792896
1317454976294264832
1317421681510592512
1317413640035762176
1317345113765445632
1317343051799552000
1317307399901007872
1317198530549813248
1317194007957602304
1317193961786703872
1317193669498314752
1317193581921271808
1317193449528053760
1317174501302554624
1317171938255687680
1317169898926341888
1317161954688065536
1317160563131273216
1317159071536107520
1317158614247854080
1317121027789434880
1317120970566586368
1317120426376646912
1317104351081615360
1317103714113605632
1317082340380770304
1317066504576421888
1317047384027877376
1317042232894128128
1317039532546686976
1317039124768063488
1316979566884380672
1316972622991773696
1316841102109007872
1316775293906976768
1316772063814791168
1316771000613244928
1316770928601313280
1316743920441843712
1316743009988489216
1316739907692396288
1316739823034667008
1316739761797767168
1316739529886388224
1316688463224242176
1316488074742947840
1316460103395151872
1316460037318086912
1316459981311537152
1316459943059390464
1316459854341566464
1316321677043695616
1316320390424285184
1316320325420888064
1316159395609358336
1316134332898123776
1316108678513266688
1316108022213742592
1315772926260645888
1315745399093821440
1315654768040304640
1315610573414035712
1315609475575840768
1315609335091822592
1315524946379051008
1315442151690510336
1315385000007741440
1315339317355728896
1315339267984568320
1315306486889885696
1315305930645549056
1315295905898258432
1315293496006369280
1315255563375255552
1315242717270638592
1315239983595225088
1315238815141785600
1315162513118437376
1315160307757715712
1315055301742206976
1315055001908252672
1315054955632435200
1315022229483261952
1314905390358974464
1314836364115009536
1314833721548247040
1314670049752477696
1314509123044732928
1314291487027466240
1314277846291017728
1314233212563066880
1314233165326753792
1314224537286967296
1314142459023306752
1313926071121858560
1313771928541425664
1313761940930539520
1313761456119316480
1313694935158337536
1313581455910604800
1313502635211796480
1313498070542356480
1313411938861317888
1313410726309122048
1313410582943608832
1313410462588055552
1313404819965706240
1313212549148614912
1313116296188506112
1313110933301088512
1313110886278672384
1313110779235905536
1313110735078199296
1313084839034327040
1313075077051752448
1313061679119446016
1313045273120301056
1312826269973860352
1312824054936633088
1312798502523674624
1312798444860379136
1312786181940285440
1312786124310564864
1312785896681463808
1312785856516759552
1312785719019081728
1312708118351098112
1312708073639866368
1312708015225810944
1312687119689711616
1312684983685910528
1312683028683149312
1312492714735235072
1312490917383692288
1312490882898096128
1312476616266670080
1312476531294310400
1312476491087708160
1312476331083354112
1312476085292998912
1312475954220945408
1312475889913925632
1312475849241718784
1312358637944348672
1312263320485978112
1312139984606957568
1312139697624236032
1312139641294790912
1312086112035364864
1312037967595266048
1312035034128416768
1311985862566182912
1311965922656215040
1311785385039663104
1311748366217420800
1311727685350162432
1311727526880989184
1311727206163517440
1311698708652794112
1311665802710413312
1311665765649584128
1311665726818643968
1311633962457092096
1311627149917462528
1311626816713523200
1311614193263665152
1311425431942373376
1311329797126094848
1311307392206934016
1311282705926180864
1311270007683284992
1311269000203112448
1311247187565850624
1311247146625241088
1311246627097772032
1311237281198546944
1310970419466428416
1310970376873271296
1310970314298449920
1310898916355911680
1310415058460123136
1310287623819268096
1310277083852140288
1310277039111446528
1310171524335390720
1310170139732652032
1309944370964180992
1309930893595869184
1309930822640828416
1309919240460398592
1309612812449255424
1309550577345593088
1309524925649125376
1309523241430548480
1309523062279278592
1309508783538872320
1309490985592909824
1309428526060367872
1309232464116756480
1309231377162924032
1309214352927588352
1309209186740379648
1309208963758665728
1309204928339103488
1309204252364070912
1309204209770860288
1309204171581788160
1309117263501549568
1308852701162283008
1308852651749244928
1308852595440717824
1308852546027618304
1308814335368663040
1308797823366955008
1308709828433457152
1308708740581949440
1308708454962548736
1308480278382497792
1308480228965125888
1308480185487024128
1308480145183907840
1308445352811470848
1308395982552526848
1308358431015874560
1308357767363801088
1308357696622596096
1308292545433100288
1308084334696501248
1308079701282492416
1308035258613366784
1308035189503930368
1308019253916962816
1308008650196365312
1308008608521695232
1308008565685313536
1307971291874496512
1307932711710011392
1307802309716512768
1307801206245535488
1307801039823933440
1307800925139087360
1307800847527612416
1307603842390003712
1307334031399432192
1307332708356493312
1307321520088375296
1307319631938543616
1307318323365937152
1307290441126162432
1307255305147949056
1307204756910341888
1307072248117944320
1307044626180771840
1307044574276313088
1307044508660572160
1307044204707799040
1307015607976689664
1307011917718978560
1307007151068635136
1306958206967721984
1306888253686132736
1306886728641323008
1306886401422749696
1306886186628243712
1306720604565929984
1306715213710983168
1306560499488878592
1306339563879759872
1306227404814389248
1306209210913427712
1306209147378184192
1306204140125773824
1306191041909993472
1306189748940271616
1306186063686361088
1305983419709558784
1305893565600497664
1305849665280192512
1305849134587543552
1305829941062270976
1305829844412968960
1305829641240936448
1305810544230887424
1305809801151119360
1305809754154045440
1305578326438838272
1305578279169069056
1305568687995449088
1305568640092319488
1305506110447775488
1305495872768270336
1305491746038710272
1305486507667587072
1305486452369874944
1305486415418056704
1305486373068124160
1305486257624096768
1305451239753347072
1305445152874541056
1305445108607746048
1305108476436377600
1305107112180285440
1305107054777044992
1305107006676783104
1305106953899855872
1305029644996014080
1304890896220139520
1304883895855452160
1304848162465681408
1304847474029457408
1304847185129992192
1304833187605098496
1304822599709581312
1304816851701112832
1304816177680650240
1304815251117027328
1304814661188161536
1304813855038734336
1304735168683487232
1304450618095005696
1304447289876979712
1304342099744227328
1304158551775084288
1304033668873236480
1304032702505639936
1304032649783045888
1304032590769402112
1304032528563609600
1304013214850707712
1303783947038609408
1303781937002229760
1303781726511157248
1303723297130065920
1303723250405568512
1303723215714504704
1303630699786915840
1303612870010208512
1303608936642351104
1303606530504372224
1303606254909165568
1303606185636093952
1303408823466590208
1303381595290832896
1303381544208420864
1303330245001588736
1303330193071845376
1303273525915136000
1302918068650291200
1302890813249257472
1302890748501729280
1302890663277662208
1302890612992114688
1302887890444267520
1302718199759241216
1302657145129914368
1302607755707113472
1302607231867908096
1302607166122188800
1302570487109824512
1302570422257561600
1302570369904148480
1302570323896938496
1302570269836546048
1302570107923828736
1302569998292934912
1302530681306832896
1302530604047699968
1302530531050106880
1302516265442062336
1302515493115322368
1302515408147230720
1302515320712822784
1302515260142874624
1302300209398124288
1302300018523676672
1302241360314093568
1302241319016947712
1302229921734025216
1302204736100339712
1302204311699681280
1302192686196240384
1301996293120765952
1301994886842011648
1301993601166200832
1301993548775075840
1301993495561994240
1301993444454342912
1301993383884476416
1301965734235512832
1301964235329679360
1301964105528627200
1301904125244977152
1301903951370031104
1301903882931580928
1301903843148660736
1301903788509462528
1301896132394717184
1301860879466737664
1301841947745816576
1301810193995624448
1301799269679206400
1301606850836730112
1301606656619544576
1301606499127644160
1301604157460287488
1301604080280887296
1301604033120145408
1301603997598527488
1301603867252215808
1301603825246253056
1301574933651357696
1301574894862381056
1301574849815547904
1301574804223528960
1301574761701617664
1301521169019998208
1301520247573315584
1301401244414685184
1301264221511000064
1301263104291090432
1301263058740879360
1301262998762385408
1301262934753120512
1301262895079186432
1301243138082844672
1301228855890448384
1301201194367569920
1301128982851706880
1301057713380696064
1300715337575542784
1300714520843898880
1300713559723311104
1300524560283037696
1300515813120762112
1300456741734318080
1300450370586652672
1300450057402155008
1300407236792066048
1300396421401673728
1300396368507396096
1300386006164795392
1300175380649775104
1300063122301034496
1300054091457073152
1299710321737822208
1299710198798602240
1299709852747530240
1299709781096230912
1299709709038030848
1299645761735528448
1299645127233884160
1299448365156044800
1299398672443154432
1299309074929061888
1299063206258892800
1299060051387260928
1299060005212229632
1299059963193708288
1298927889619050496
1298731780992905216
1298731454873178112
1298721780207476736
1298708385559265280
1298640945412476928
1298640692303089664
1298639696017461248
1298639654766419968
1298639606443802624
1298579370634891264
1298334928497672192
1298334098692415488
1298334042845335552
1298333994216574976
1298196767327100928
1298196364980101120
1298196096402034688
1298195455344627712
1297884765648039936
1297882213317595136
1297453954482274304
1297142539049459712
1297141956041224192
1297120078773788672
1297119721112981504
1297119655157551104
1297119586970669056
1296934978626949120
1296933286036549632
1296924495731732480
1296924380208017408
1296841236574339072
1296835429287763968
1296834949413208064
1296834820090232832
1296834686522621952
1296834597658013696
1296802484971765760
1296780918292656128
1296778167898832896
1296752806213361664
1296675327645753088
1296602218125234176
1296559496064622592
1296526286391857152
1296486876099076096
1296470537754087424
1296470457873567488
1296470310087254016
1296470252784685056
1296470201102405632
1296470103618396160
1296446792918347776
1296405749502009088
1296153747459121152
1296153684343238912
1296153621952946176
1296153536745676800
1296110495217471488
1296101492697563136
1296061584721281024
1296037911209619712
1296037589850431488
1296037337919565824
1296003898881331200
1295749032816648192
1295703768143671296
1295655842939904000
1295655800795541504
1295453694595563520
1295453589931003904
1295453548730294272
1295453502987264000
1295431063825715200
1295430923371057152
1295429652287311872
1295429556946513920
1295429404370272512
1295429348925865984
1295429211608567808
1295411892895322112
1295411058811842560
1295410630539784192
1295402192627695616
1295402093797429248
1295402040710004736
1295360576126889984
1295360527108055040
1295347109701586944
1295347061815205888
1295325391192760320
1295297988445843712
1295296919573606400
1295296875923484672
1295106997923217408
1295104370976202752
1295101227399892992
1295099801047113728
1295097574073012224
1295097504913129472
1295088808501940224
1295075954390454272
1295075647828754432
1295071326038888448
1295070942557765632
1295052014938988288
1295051972748419072
1295048695570927616
1295048449612750848
1295047935944724480
1294979053473202176
1294978930848542720
1294978688325505024
1294952894240894976
1294952658646831104
1294952551083843584
1294949691025756160
1294939391492869888
1294936236449308672
1294936082648379392
1294935959834955776
1294935742054051840
1294935429343518720
1294931997400485888
1294931377574510592
1294741329210114048
1294740480908034048
1294740345415249920
1294734279998668800
1294716239907094528
1294716148072820736
1294716055198326784
1294707462298312704
1294707120324173824
1294706300530626560
1294706255467106304
1294686398369406976
1294662670831026176
1294645154180145152
1294642792774475776
1294631323911544832
1294631075935924224
1294629471119650816
1294361179314421760
1294361131725869056
1294361090017693696
1294361041430892288
1294325830139748352
1294307830137270272
1294266381664477184
1294244027013922816
1294243980574679040
1294219919576518912
1294219026030264320
1294004756936036352
1294004285248802816
1294004225240961024
1294003997297213440
1294003527883390976
1294003444550906112
1293987382962921472
1293986897677737984
1293849084663607296
1293848411549179904
1293848248923430912
1293848201167020032
1293848155700826112
1293659774928683008
1293651739791568896
1293651104509632512
1293575527241068288
1293572781603520512
1293559282651324416
1293547966763020288
1293537259023675392
1293536839601618944
1293535506303778816
1293531905829351424
1293530574406193152
1293528880523948032
1293523404948111360
1293522960364572672
1293522896833454080
1293522670466760704
1293493724874518528
1293478159569035264
1293422314537857024
1293422111630012416
1293294128755769088
1293293119329521664
1293279045233389568
1293181176119619584
1293177584646152192
1293176940585680896
1293126171845173248
1292911775747387392
1292900231114350592
1292900168552067072
1292887625964105728
1292887394585378816
1292878935609442304
1292878828646338560
1292878765152972800
1292814237044281088
1292813364519936000
1292807407819722752
1292806831820222464
1292787022076280832
1292786619905454080
1292786542142984192
1292578341766258688
1292578096562962432
1292425467945984000
1292425112965218304
1292424996707589888
1292424329628712960
1292422116994953216
1292416947099971584
1292416579326664704
1292416527531212800
1292412569219735552
1292115579286028288
1292094332523229184
1292094271449968640
1292094234808516608
1292058762291937280
1292058700463722496
1291839852477022208
1291796992230924288
1291796862110965760
1291787992533786624
1291720316943765504
1291477610329931776
1291432111270961152
1291431782357913600
1291431337828724736
1291431024572891136
1291353656017780736
1291102437135339520
1290979850140946432
1290979655630106624
1290703513941618688
1290703370316062720
1290664545242034176
1290609862293041152
1290291127560503296
1290239983056388096
1289919543335194624
1289889559191445504
1289889518116433920
1289889443277467648
1289889358481424384
1289889296791384064
1289889249060257792
1289674801028579328
1289665131765362688
1289586914459127808
1289303673705656320
1289287471608471552
1289276977698897920
1289276898892066816
1289276743363125248
1289252725390074112
1289252198363234304
1289250924834283520
1289250794768801792
1289181723872428032
1289181493785485312
1289120850940243968
1288938082398543872
1288937816353890304
1288925045935480832
1288923854207844352
1288876095182381056
1288875057876545536
1288787415499452416
1288562870507188224
1288562097987760128
1288561510478995712
1288554689915760640
1288542792487247872
1288542282732404736
1288495646908067840
1288494907674497024
1288494775591751680
1288494546985324288
1288494460297502720
1288416466317041664
1288416279368531968
1288227429149024512
1288227372240707584
1288208106678345728
1288207997395664896
1288207852134334464
1288149518509383680
1288149201973649408
1287856418926800896
1287856282251284480
1287855728921850112
1287855614203514880
1287855237869514752
1287854863771148288
1287731636713525248
1287729951664291840
1287491450964508672
1287489198291910912
1287489150623657984
1287489113978019840
1287467070016442368
1287467015410790400
1287466966895271936
1287466920963444736
1287466874960334848
1287466751249219584
1287428233458311168
1287423527264583680
1287423476375134208
1287423419018031104
1287423364215308288
1287423320120528896
1287423270803910912
1287423210221338624
1287423138146537472
1287392166793420800
1287392112980504576
1287392036107300864
1287351656808624128
1287351375266042112
1287336187842224128
1287336101934505984
1287335727165054976
1287119390153089024
1287119170195337216
1287119124615888896
1287112645343088640
1287094243530551296
1286964684206354432
1286954856570327040
1286952615767572480
1286945754095943680
1286942440591630336
1286788567151398912
1286776055513186304
1286759444030861312
1286695095899770880
1286674057312837632
1286673729716719616
1286614653611708416
1286588873745805312
1286395556324151296
1286388200139874304
1286388144858947584
1286388063527145472
1286379932847833088
1286378413993984000
1286377313400229888
1286377203991826432
1286377118188875776
1286376882666180608
1286369027179323392
1286368329142280192
1286367947003494400
1286367904452182016
1286353051842949120
1286352985392582912
1286352914903183360
1286352833735020288
1286348230448558080
1286288288744124416
1286052635938783232
1286038408972898304
1286032582489051136
1286032185418555392
1286032098701324288
1286027816237256704
1286006429367832576
1286006372396564480
1286006320504737792
1285981893465448448
1285981840961142784
1285981768781373440
1285981618184781824
1285899194016964608
1285878453338865664
1285878369993752576
1285878242499600384
1285878094180626432
1285877977474052096
1285871694943531008
1285697268436344832
1285686411287388160
1285682761127399424
1285682357828280320
1285681842927042560
1285679457567744000
1285679133318578176
1285673015351664640
1285667267632668672
1285666960001454080
1285666745915670528
1285666565501968384
1285663849044218112
1285663699093594112
1285663486975119360
1285658355986509824
1285658164206211072
1285658009520275712
1285657905166000128
1285602463622541312
1285602412062035968
1285581634822180864
1285525806803034112
1285523498589454336
1285306883415379968
1285305929869807616
1285305735115616512
1285305662071873536
1285305594266746880
1285305311545511936
1285305031055548416
1285304977708195840
1285303178976690176
1285289125046820864
1285161976340119552
1285161595962785792
1285161502123622400
1285151059573440512
1285144773381234688
1285144698219384832
1284985306719096832
1284951456261582848
1284949280877355008
1284914144005718016
1284913170004549632
1284912349418328064
1284910602213875712
1284910275385319424
1284909598336585728
1284908943278563328
1284908833094217728
1284887839130476288
1284887788354232320
1284870117407498240
1284855958196412416
1284850392082374912
1284847880839344128
1284847780746461184
1284847728485445632
1284847566207713280
1284847519248388096
1284826820614017024
1284825615502315520
1284825202875158528
1284600404534267904
1284574133012004864
1284567697091710976
1284562784886431488
1284517774056927232
1284515270690770944
1284460851085430784
1284458940508626944
1284450542329176064
1284444223765446912
1284439363204591616
1284439032919920640
1284437794228666368
1284437475927236608
1284437345786363904
1284436048282619904
1284435830224887808
1284426997448531968
1284421422450909184
1284420710794956800
1284416511180967936
1284415059943477248
1284249913749049088
1284249697289416704
1284229781886828288
1284228864789688320
1284228680110178304
1284206629295140864
1284152118702678016
1284142045427269632
1284140972402671616
1284140693892534272
1284140334797279232
1284140201707737088
1284137031241695232
1284136885451882496
1284121259853389824
1284120831141044224
1284120729378795520
1284103396283371520
1284090276391395328
1284088623311327232
1284077087716970496
1283990920829046784
1283869815401254912
1283851179445764096
1283850026280783872
1283849987500187648
1283849946916061184
1283849905174384640
1283849865731211264
1283849826602541056
1283849786316271616
1283849747288199168
1283849697602555904
1283818090053206016
1283817754567553024
1283817672338268160
1283817614347833088
1283817571012284416
1283817530197516288
1283817427927736320
1283769059545317376
1283768946903199488
1283738667199148032
1283735974716080128
1283735920810827776
1283735819916906496
1283735758151585792
1283735722776723712
1283735660646617088
1283735616493166592
1283735547148738560
1283735512474362112
1283703257567657984
1283694436900319232
1283694381166452736
1283464293338484736
1283464256948772864
1283464201332293632
1283464161456869376
1283464046793162752
1283463896091652096
1283463842484432896
1283463793985703936
1283463753745432576
1283463651379294208
1283463600217128960
1283451394192822272
1283451350425260032
1283419273537429504
1283402945141276672
1283384350671867904
1283356964093820928
1283334022068920320
1283332832434294784
1283332764226420736
1283332329235255296
1283331988427022336
1283164772108836864
1283164713715675136
1283164654651551488
1283164607515889664
1283164550611767296
1283164493741268992
1283164447897522176
1283164392922775552
1283143344235909120
1283128738327203840
1283125528044732416
1283123090315186176
1283122454458703872
1283104128432996352
1283049802180317184
1282970768280887296
1282968818441224192
1282966307701501952
1282794267451293696
1282784269660753920
1282784099887964160
1282784055642279936
1282783973828108288
1282783926247882752
1282783396427632640
1282783343734644736
1282783083511664640
1282782920541970432
1282782834181263360
1282782289974435840
1282782212673474560
1282772541157900288
1282770164933627904
1282769964559151104
1282765869664407552
1282753961515155712
1282750174843088896
1282748944460795904
1282748844439220224
1282744612021571584
1282724826583629824
1282706803806134272
1282690883159236608
1282689545079869440
1282679109609336832
1282676980161351680
1282673038568415232
1282664908652503040
1282663355245879296
1282655009373650944
1282654497303662592
1282654039608565760
1282653976647917568
1282636589835968512
1282636003375812608
1282635975500484608
1282635843484647424
1282635742624325632
1282635601599246336
1282635285659090944
1282634281290993664
1282609359294529536
1282445024882458624
1282444602272878592
1282417362529124352
1282393260602818560
1282376522825969664
1282361391685472512
1282350397445873664
1282323699128061952
1282322157947834368
1282321489140895488
1282303122669477888
1282296718600679424
1282285911787569152
1282245865072205824
1282232454615633920
1282065660659605504
1281904177262792704
1281901902826016768
1281901782168489984
1281901681261912064
1281901483114602496
1281901197193093120
1281883485783891968
1281879092355309568
1281878220674142208
1281877849566314496
1281713090191667200
1281708031496065024
1281707481236942848
1281702705195614208
1281659890084327424
1281626245772517376
1281621417184899072
1281611201768837120
1281604330454474752
1281604261584011264
1281578482951225088
1281578053802614784
1281577817701056512
1281577292305707008
1281551052819628032
1281541890991706112
1281525879198355712
1281520743772282880
1281518594531172352
1281331448809742336
1281329052511600640
1281328774605410304
1281326551930478592
1281326192272998400
1281326130344197888
1281326085154709504
1281326024123453440
1281325741356064768
1281325275062689792
1281317684295147520
1281316925067452416
1281316619545972736
1281205509090168832
1281165940902842368
1281132162985668608
1281131340977639424
1281130484660146176
1281129827639189504
1281126907573084160
1281126730250563584
1280966244536135680
1280965716703948800
1280965638991855616
1280953994878255104
1280953790552735488
1280951983646609408
1280951423681822720
1280934219582234624
1280932394552475648
1280931964015476736
1280931768925814784
1280923125262307328
1280821620328841216
1280798654538940416
1280651282240471040
1280631729028464640
1280623513737494528
1280612922671144960
1280612722716094464
1280612615564283904
1280612541174030336
1280612279273361408
1280612205927464960
1280612127238246400
1280611865933107200
1280602774951079936
1280602549880590336
1280592116561915904
1280575397239930880
1280574975976640512
1280540316488040448
1280518332123414528
1280412634907586560
1280411999374061568
1280411839394971648
1280249966326435840
1280249887221841920
1280249798139011072
1280233835330965504
1280210812154580992
1280210270481256448
1280210170757484288
1280210086812581888
1280210005103345664
1280209679344418816
1280182116094029824
1280148163651911680
1280144078672408576
1280139652767330304
1280136724115578880
1280136447492861952
1280134422315106304
1280132763971203072
1280131031799037952
1280121111116746752
1280120096816537600
1280119248157892608
1280109185770885120
1279917882571456512
1279911882577641472
1279886254272925696
1279818451973005312
1279737557908172800
1279737483786366976
1279737185147682816
1279737044852506624
1279542609459978240
1279533709130174464
1279508356315721728
1279507933093670912
1279475122496319488
1279472842992750592
1279469945026482176
1279467515148742912
1279465701707862016
1345533266724577280
1345533246155730944
1345533204355309568
1345533182830108672
1345533118791479296
1345533097513791488
1345533044170567680
1345533016911831040
1345532998419152896
1345532957591789568
1345532944123891712
1345532900909993984
1345532861970059264
1345532840067428352
1345532540245991424
1345532182417317888
1345532095607828480
1345532033636986880
1345531988875292672
1345531949516009472
1345531887696158720
1345530757738094592
1345530731221700608
1345530698644533248
1345530676783812608
1345530534680793088
1345530515856756736
1345530475109109760
1345530451683913728
1345530434671816704
1345530357345443840
1345530335904342016
1345530297866186752
1345530201426550784
1345530166131511296
1345530132178595840
1345530108765995008
1345530072963444736
1345530042567315712
1345530013421072384
1345529981192044288
1345529936040390912
1345529912745197568
1345529591864111104
1345529501980241920
1345529421575368704
1345529390176886784
1345529352184864768
1345528920284790784
1345528889716731904
1345528849879212032
1345528241671516160
1345528016097701888
1345528000318742528
1345527932966621184
1345527896669093888
1345527864549105664
1345527832735346688
1345527759251140608
1345527729370902528
1345527709863190528
1345527658524905472
1345527629852667904
1345527610126848000
1345527565155504128
1345527397429481472
1345527374406950912
1345527325077757952
1345527297516990464
1345527280580386816
1345527225626615808
1345527194248949760
1345527167967485952
1345527133481922560
1345527097591271424
1345527081845858304
1345527056977846272
1345527040544559104
1345526987163660288
1345526872994701312
1345526783978991616
1345526734695886848
1345526706124288000
1345526678500630528
1345526635156676608
1345526581872250880
1345526546942095360
1345526527274979328
1345526505724666112
1345526467741028352
1345526432777318400
1345526415870078976
1345526390955921408
1345526352431214592
1345526315877863424
1345526248836100096
1345526229005463552
1345526188375240704
1345526122080067584
1345526095458799616
1345526072109117440
1345526053167620096
1345525364156751872
1345525242672926720
1345525078281363712
1345524967211995136
1345524897896923136
1345524768431341568
1345524622264049664
1345524581684170752
1345524526776512512
1345524499215769600
1345524424502607872
1345524397281521664
1345524371356602368
1345523734019452928
1345523701597560832
1345523647864315904
1345523617292021760
1345523601416597504
1345523584303771648
1345523551923802112
1345523530901942272
1345523505291530240
1345523475532931072
1345523458264936448
1345523412614213632
1345523309312684032
1345522967451758592
1345522930592182272
1345522887017566208
1345522844709637888
1345522780339580928
1345522742821576704
1345522715181142016
1345522636856684288
1345522585719726080
1345522546775613440
1345522452420554752
1345522413883297792
1345522355163029504
1345522266889744384
1345522193762021376
1345522165958008832
1345522128184107008
1345522009942458368
1345521982138429440
1345521953344516096
1345521590700794112
1345521563475599360
1345521529203908608
1345521474476646400
1345521448014786560
1345521310777171968
1345521295488917504
1345521254372093952
1345521234583445504
1345521124730425088
1345521108578086912
1345521037119787008
1345521012864118784
1345520994207686912
1345520978835726336
1345520945562345472
1345520925710626816
1345520904592379904
1345520854466236416
1345520828742590464
1345520789785878528
1345520764871725056
1345520742557954048
1345520687717429248
1345520618826039296
1345520582889263104
1345520516896092160
1345520501003870208
1345520462353330176
1345520415918215168
1345520393998761984
1345520327573594112
1345520313220665088
1345520297840095232
1345520198347063296
1345520182312243200
1345520150016090112
1345520128948101120
1345520104214319104
1345520052146204672
1345520026695200768
1345520012400992512
1345519981329575936
1345519963663081472
1345519895639896064
1345519878707556352
1345519861049532416
1345519840656809984
1345519825674784768
1345519775124959232
1345519725191835648
1345519704023175168
1345519684540649472
1345519661669085184
1345519637124018176
1345519587887087616
1345519564570963968
1345519529804312576
1345519505968148480
1345518466875482112
1345518281038458880
1345518220221046784
1345518199249522688
1345518180932968448
1345518123093544960
1345518105481670912
1345518046685892608
1345518028298084352
1345518012976099328
1345517995582513152
1345517979849662464
1345517966406901760
1345517944642691072
1345517913860694016
1345517901864906752
1345517877978394624
1345517859565408512
1345517834160500736
1345517596477714432
1345517548909907968
1345517528966160384
1345517509181640704
1345517491947188224
1345517466647203840
1345516803825561600
1345516762109005824
1345516732543328512
1345516714696585216
1345516699802624000
1345516650066534400
1345516632354021376
1345516491270217728
1345516463814225920
1345516443488710912
1345516419509792768
1345516397393285120
1345516367966064640
1345516344977059840
1345516308771835904
1345516268296802304
1345516249959321600
1345516231386923008
1345516205960998912
1345516184666591232
1345516160578703360
1345516128681005056
1345516103615864832
1345516076805840896
1345516058095005696
1345516029200498688
1345516011672514560
1345515979552468992
1345515950079172608
1345515892088721408
1345515840519680000
1345515822098296832
1345515767031336960
1345515753664086016
1345515723410563072
1345515696084680704
1345515680142127104
1345515650186403840
1345515582649753600
1345515569051795712
1345515552144560128
1345515527456903168
1345515511526916096
1345515488345026560
1345515469655199488
1345515430761345024
1345515408082808832
1345515348137750528
1345515330752413696
1345510833787445248
1345510742095785984
1345510726513925888
1345510708096749568
1345510685304889088
1345510670058532864
1345510537325654016
1345510497202876416
1345509756098768896
1345509733684420608
1345509710951276288
1345509681821835264
1345509640180817920
1345509606764773376
1345509591677808640
1345509573826928640
1345509531414126592
1345509491056537600
1345509455958564864
1345509377520890112
1345509357681848320
1345505197687255040
1345505110022098944
1345505093450424320
1345505075595104512
1345505051826073600
1345505030661660672
1345504986596331520
1345504968997011712
1345504935039926272
1345504900814417920
1345504879993704448
1345504855847292928
1345504838063427584
1345504793494740992
1345504763786490112
1345504746463875072
1345504712817139712
1345504692525297664
1345502473004462080
1345494054474280960
1345490161589739520
1345485523855441920
1345463464370839552
1345389205304848384
1345362610682785792
1345362595600093184
1345362575610011648
1345362507855241216
1345362491438727168
1345362475202523136
1345362380209987584
1345362358298963968
1345362252531195904
1345362228439093248
1345362208969154560
1345362128862138368
1345362099871035392
1345362076647256064
1345362052488040448
1345362037027840000
1345361985106489088
1345361598374883328
1345361581622906880
1345361531807141888
1345361507748602112
1345361487481679872
1345361468888412160
1345361455269502976
1345361438030835712
1345361386487087104
1345361164155449088
1345361146396762112
1345360944034099200
1345360915588378624
1345360879542530048
1345360860684972032
1345360842196447232
1345360806284816384
1345360776828223488
1345360731022221312
1345360707928420352
1345360685111377920
1345360655386349568
1345360625938137088
1345360596452179968
1345360571558993920
1345360543612329984
1345360526403112960
1345344762405122048
1345344667911680000
1345332699486171136
1345328643531284480
1345325850695229440
1345305699602063360
1345214160620154880
1345214122913361920
1345214062582505472
1345214027962740736
1345213998854238208
1345213903429578752
1345213854976978944
1345213800572710912
1345213691457896448
1345213406836629504
1345213388339687424
1345213363027140608
1345213343997566976
1345213311839825920
1345213292868993024
1345213272916697088
1345213242860302336
1345213226997477376
1345213200187453440
1345213163025928192
1345213135179935488
1345213105131945984
1345213064820510720
1345212987783737088
1345212951066800128
1345212924542001152
1345212887485263872
1345212865259728896
1345212847698141184
1345212822360305664
1345212797911752704
1345212760448241664
1345212732761665536
1345212698930401280
1345212668861419520
1345212650091905024
1345212630445809664
1345212610673856512
1345212587542269952
1345212570240773888
1345212554935742464
1345212541534953472
1345212509465276416
1345212489789808640
1345212444407455488
1345212415588376576
1345212393899622400
1345212355140071424
1345212317072568320
1345212288169627648
1345212255877607424
1345211600979058688
1345211575347650560
1345211552870387712
1345211530925760512
1345211496708628480
1345211458355924992
1345211440056172288
1345211426567290880
1345211383303065600
1345211308342456320
1345211278067978240
1345211256794460160
1345211234912788480
1345211214750744576
1345211190310531072
1345211173239746560
1345210265747533824
1345210241064050688
1345210097312690176
1345210064588705792
1345210042887372800
1345210016182267904
1345209995340738560
1345209979951841280
1345209938424066048
1345209923471364096
1345209886850871296
1345209839732056064
1345209807700164608
1345209779858403328
1345209731774885888
1345209708710395904
1345209679887151104
1345209656747171840
1345209619510157312
1345209587356594176
1345209568025059328
1345206761431695360
1345206715856392192
1345206689629417472
1345206662005727232
1345206637758455808
1345206592401190912
1345206565100466176
1345206444342259712
1345206418551562240
1345206398351761408
1345206357495074816
1345206327002456064
1345206310573375488
1345206280223391488
1345206244508917760
1345206216172199936
1345205350342025216
1345205305626546176
1345205287821709312
1345205267760349184
1345205248651100160
1345205223464308736
1345205040508764160
1345205025438642176
1345201563292356608
1345200000339501056
1345198846033473536
1345198819059900416
1345198697244667904
1345198657205923840
1345198618958041088
1345198587576254464
1345198423910338560
1345198395653296128
1345198375973564416
1345198351902531584
1345198329970515968
1345198290971860992
1345198265512452096
1345198226597683200
1345198178262540288
1345198154250129408
1345198137896480768
1345198118552424448
1345198096100315136
1345197914797322240
1345197889526632448
1345197868001464320
1345197833780162560
1345197815249702912
1345197684341297152
1345197662564478976
1345197629098098688
1345197614040555520
1345197588430131200
1345197363565129728
1345197347614191616
1345197306354798592
1345197288872931328
1345197233201967104
1345197147294208000
1345197095557455872
1345197055598276608
1345197039597056000
1345197018977869824
1345197006910840832
1345196924526358528
1345196850517835776
1345196805793996800
1345196790115688448
1345196717130604288
1345196694321983488
1345196619453632512
1345196589523083264
1345196566341185536
1345196524603642112
1345196490847907840
1345196450985205760
1345196398602551296
1345196380818722816
1345196278410604288
1345196239961338112
1345196207824637952
1345196054363435008
1345196000760139776
1345195977980968960
1345195896099790848
1345195847202582528
1345195810930229248
1345195788360687616
1345195768295157760
1345195745708748800
1345195700406136832
1345195674879619072
1345195650527469568
1345195621930692608
1345195599919013888
1345195544008863488
1345195494012837888
1345195450232680448
1345195425079455488
1345195408226717696
1345195355860819968
1345195330334302208
1345193960151658496
1345193924483276800
1345193867184844800
1345193832657379328
1345193803691532288
1345193747752091648
1345193693171621888
1345193518009098240
1345193195752316928
1345192937714544640
1345192746966016000
1345192689734733824
1345192620021178368
1345192595102773248
1345192576425586688
1345192554522939392
1345192529197719552
1345192488001265664
1345192434498740224
1345192417084002304
1345192351497678848
1345192283252150272
1345192254022033408
1345192214855614464
1345192173239738368
1345192156445765632
1345189581411463168
1345189147565314048
1345189078065672192
1345189017445396480
1345188976060207104
1345188945118830592
1345188870279864320
1345188834963828736
1345188791292719104
1345188774293217280
1345188687555006464
1345188668852621312
1345188597641719808
1345188565374873600
1345188468926918912
1345188429454340096
1345188397145595904
1345188374311743488
1345188349137530880
1345188317072076800
1345188293890117632
1345188272193081088
1345188252320460800
1345188231122452480
1345188201875562496
1345188178836287488
1345187446884073472
1345187408158089216
1345187331335217152
1345187116200943616
1345187079538552832
1345187043635306496
1345187025289437184
1345186965365411840
1345186936672182272
1345186899858771968
1345186885912600576
1345186778077163520
1345186753829863424
1345186720459972608
1345186689099169792
1345186645734289408
1345186618890727424
1345186597952757760
1345186579975983104
1345186539366735872
1345186523076059136
1345186495183917056
1345186477471375360
1345186403307704320
1345186385033097216
1345186347879956480
1345186321124438016
1345186300392058880
1345173900007759872
1345171065279021056
1345155513621884928
1345143095235645440
1345142474407358464
1345142289509851136
1345142063554306048
1345142032105418752
1345141917567299584
1345141852048031488
1345141794229673984
1345141732955009024
1345141606442283008
1345141573949005824
1345141305840717824
1345141004349943808
1345140989841825792
1345140945965219840
1345140844962181120
1345140810581483520
1345140787747680512
1345140475464986624
1345140407412383488
1345140069737365504
1345139997356273664
1345139972521779200
1345139804321816576
1345139653201059840
1345139537098526720
1345139273486508032
1345139084147240960
1345138896988995584
1345138681187889152
1345138590267924480
1345138473293000704
1345138281344880640
1345137840317997056
1345137809481494528
1345137792905596928
1345137747871338496
1345137682830274560
1345137657194668032
1345137330194157568
1345137253090267136
1345137213831569408
1345137196546879488
1345137149390237696
1345137111616389120
1345137022189641728
1345136882041106432
1345136671159943168
1345136508660027392
1345136492272873472
1345136459200798720
1345136277759422464
1345136142778331136
1345136123706830848
1345136080845230080
1345136063107497984
1345136003049267200
1345135752062128128
1345135314881359872
1345134738680512512
1345134658686775296
1345134331354894336
1345134231459164160
1345134151649923072
1345134121614508032
1345133921030299648
1345133906195079168
1345133638514585600
1345133597594943488
1345132675426885632
1345132060785201152
1345131692848246784
1345130952452927488
1345130612529704960
1345130397827477504
1345130332467638272
1345130306727247872
1345130245561712640
1345130218516836352
1345130179295899648
1345130137055064064
1345130114468765696
1345130042930688000
1345130010156404736
1345124161451130880
1345124160905891840
1345123942101626880
1345123880441098240
1345123822752690176
1345123798681530368
1345123681169797120
1345123570645610496
1345123465318330368
1345123424293838848
1345122902941827072
1345122872864473088
1345122822788702208
1345122792426115072
1345122738692911104
1345122170083618816
1345122111225016320
1345122079667089408
1345122036746747904
1345122016274374912
1345121978726944768
1345121840692387840
1345121793552621568
1345121734832365568
1345121691425525760
1345121661486587904
1345121615877722112
1345121522466377728
1345121440362885120
1345121362982149888
1345121328811151360
1345121283965657088
1345121239942234112
1345121169540788224
1345120975042576384
1345120901948297216
1345120883527053312
1345120864451309568
1345120715406770176
1345120699090874368
1345120681869061888
1345120387005353984
1345120361436864512
1345120333565722624
1345117931156496384
1345117904740745216
1345117869764444160
1345117845106159616
1345117802202591232
1345117757969461248
1345117731167854592
1345117711563694080
1345117676268638208
1345117654269489152
1345117636561154048
1345117593082994688
1345117571490729984
1345117554205982720
1345117520634781696
1345117496270090240
1345117476917555200
1345117428196519936
1345117400941867008
1345117397150265088
1345117397150261248
1345117308822368512
1345117274290720768
1345117217713696768
1345117205877444608
1345117203016929280
1345117188580126720
1345117188580118528
1345117048872062976
1345117025262305280
1345116913198895104
1345116878486822912
1345116859092369408
1345116834765418496
1345116805635969024
1345116763848142848
1345116728490160128
1345116691278295040
1345116638325202944
1345116583639789568
1345116564786466816
1345116447178170368
1345116431713787904
1345116386071367680
1345116327359426560
1345116236213067776
1345116222480920576
1345116221176426496
1345116218538274816
1345116190755184640
1345116190226735104
1345116154780643328
1345116111721934848
1345116056701054976
1345115910575677440
1345115896336031488
1345115874974380032
1345115856150388736
1345115765482135552
1345115731558608896
1345115706443051008
1345115631776124928
1345115591879897088
1345115553552355328
1345115417996627968
1345115410304266240
1345115341299527680
1345115302498099200
1345115285230149632
1345115254024515584
1345115189247680512
1345115162924228608
1345115109815934976
1345115058536386560
1345114986004283392
1345114939514626048
1345114886926442496
1345114853770293248
1345114822749396992
1345114806446125056
1345114784849686528
1345114758496845824
1345114730046889984
1345114204555116288
1345114127556075520
1345114061973970944
1345114004499406848
1345113971007893504
1345113943489077248
1345113917324984320
1345113248396414976
1345113134516858880
1345113107736178688
1345113081228238848
1345113027264307200
1345112977343700992
1345112959719268352
1345112936742842368
1345112921228128512
1345112905252007936
1345112723236016128
1345112696170160128
1345112667850203136
1345112637277957888
1345112603505405952
1345112571196677888
1345112551080779776
1345112528259575808
1345112505434177536
1345112453890387968
1345112440699281408
1345112420486946816
1345112391932108800
1345112370872463360
1345112272537071616
1345112230128472064
1345111939459010560
1345111716611416064
1345111679206612992
1345111637376847872
1345111610004807680
1345111578509766912
1345111544691101696
1345111428596969472
1345111385991213056
1345111367502753792
1345111332971024384
1345111318488113152
1345111298984570880
1345111179379658752
1345111143631740928
1345111126225391616
1345111031132131328
1345111015210573824
1345110997976166400
1345110933782360064
1345110912487858176
1345110893462482944
1345110881349365760
1345110697932431360
1345110670275186688
1345110654450102272
1345110552943726592
1345106075893305088
1345106009828818944
1345105962009563136
1345105916392316928
1345105262957514752
1345105029926162432
1345104968357978112
1345104944421085184
1345104849197813760
1345104768277090304
1345104663398539264
1345104645618855936
1345104626920665088
1345104610390925312
1345104560759705600
1345104421852749824
1345104271537299712
1345104251949895680
1345104014489354240
1345103963595616512
1345103899334733824
1345103843328192512
1345103296814452736
1345103278246400000
1345103198739116032
1345103180896620288
1345102799311425536
1345102779598172160
1345102746958127104
1345102716293550080
1345102701248585728
1345102662493200384
1345102617085669376
1345102572722515968
1345102417952698368
1345102392543621120
1345102371320442880
1345102348616687616
1345102317083898112
1345102290542338048
1345102268685803520
1345102251522711552
1345102198611566592
1345102160116252672
1345102133465653248
1345102106311733248
1345102092613120000
1345102076104347648
1345102053085904896
1345102034593337088
1345102016260022272
1345101994881675264
1345101967643844608
1345101944805851136
1345101909779165184
1345101860970131712
1345101835904962560
1345101810873356288
1345101758213877760
1345101705562750976
1345101685895606272
1345101656397148160
1345101639703785472
1345101602315759616
1345101587052720128
1345101572955635712
1345101328935247872
1345101307334549504
1345101268503719936
1345101094872096768
1345101079407636480
1345100914114383872
1345100707704283136
1345100690687983616
1345100672547643392
1345100640276672512
1345100624564809728
1345100591593381888
1345100569330020352
1345100531962966016
1345100510051840000
1345100473406287872
1345100440690683904
1345100422432911360
1345100407908028416
1345100376970817536
1345100337712160768
1345100320653893632
1345100293831335936
1345100262583754752
1345100243206090752
1345100221810941952
1345100203796426752
1345100158288224512
1345100123995598848
1345100080513241088
1345100057826230272
1345100037412573184
1345100014234841088
1345099989714874368
1345099973126463488
1345099950330408960
1345099916776001536
1345099889362006016
1345099866276581376
1345099840594784512
1345099810727211008
1345099787838877696
1345099768863862784
1345099752485105664
1345099700689633280
1345099605336350720
1345099493457473536
1345099345646022912
1345095381336682496
1345094492005806080
1345083050460385280
1345078611045449728
1345078339967610880
1345077936098074624
1345077615409967104
1345077329375207424
1345077027372724224
1345076860066136064
1345076073931952128
1345072430298132480
1345071407911333888
1345069623016906752
1345065753897275392
1345045744835817472
1345037267681878016
1344991213330587648
1344969225023184896
1344969195696627712
1344968781358133248
1344968600742998016
1344968564915261440
1344968545751474176
1344968419800735488
1344968386237919232
1344968331812626432
1344968275579588608
1344968238371897088
1344968200598020096
1344968135854718976
1344968116573515776
1344968099615961088
1344967919168606208
1344967876546068480
1344967842622390272
1344967810666131712
1344967784271380480
1344967768978952192
1344967663483822080
1344967619527512064
1344967603966644224
1344967586468007936
1344967545632251904
1344967525717708800
1344967450727735296
1344967427025678336
1344967388115194112
1344967364455096320
1344967345475878912
1344967316283527168
1344967298487037952
1344967272146853888
1344967253574475776
1344966952033398784
1344966916583137280
1344966903643705088
1344966830398599168
1344966804658139136
1344966788988227584
1344966766586421248
1344966751465963520
1344966685317619712
1344966666032181248
1344966661120602112
1344966652727873536
1344966599405666304
1344966573988188160
1344966534662402048
1344966513258848512
1344966481172459520
1344966443121725440
1344966397080829952
1344966382606233600
1344966367041228800
1344966348867301376
1344966330089353216
1344966245196640512
1344966222455201792
1344966164032741376
1344966135716917248
1344966116716781568
1344966099046162432
1344965894770987008
1344965778966269952
1344965757910847488
1344965738096955392
1344965720694779904
1344965689896013824
1344965669016776704
1344965654101831680
1344965621818273792
1344965527203143680
1344965499004854272
1344965473818075136
1344965458458533888
1344965436778172416
1344965417861836800
1344965333057232896
1344965307451006976
1344965297862803712
1344965269173760000
1344965236344938496
1344964233981792512
1344964174867288064
1344964139257622528
1344964128369221632
1344964110849552384
1344964037927448576
1344964006977679360
1344963988665360384
1344963960920039424
1344963943299764224
1344963913427857408
1344963896873017088
1344963638340300800
1344963548137598976
1344963508614672384
1344963471406997504
1344962294535626752
1344915926383267840
1344915614956204032
1344908865905831936
1344847898002001920
1344836309156769792
1344836264936304640
1344836217532243968
1344836119947571200
1344836063295139840
1344836035805634560
1344835989630578688
1344835945435197440
1344835904960155648
1344835840825061376
1344835822839877632
1344835726618353664
1344835714085748736
1344835572599238912
1344835512830488576
1344835488608346112
1344835469419433984
1344835446417862912
1344835408740429824
1344834899484827648
1344833927752646912
1344833866738118912
1344833843241615360
1344833697288232960
1344833639884988416
1344833607207157760
1344833552056283136
1344833507307253760
1344833481814274048
1344833445764231168
1344833401799507968
1344833355511193600
1344833333549793280
1344833279837560832
1344833254965309440
1344833222006501376
1344833202465210368
1344833153702232064
1344833122345615360
1344833098370981888
1344833048429404160
1344833001818087424
1344832942036680704
1344832920096284672
1344832890299969536
1344832844611383296
1344832826999525376
1344832746305294336
1344832641464471552
1344832603652837376
1344832584195440640
1344832561969836032
1344832544479604736
1344832469925814272
1344832445171036160
1344832379421126912
1344832339076124672
1344832306452824064
1344832285997199360
1344832271371657216
1344832234382090240
1344832208863965184
1344832157571809280
1344832062948323328
1344832045122547712
1344832024343949312
1344831997013848064
1344831933885329408
1344831884178706432
1344831854105530368
1344831835046629376
1344831798853963776
1344831763537928192
1344831727626317824
1344831705409060864
1344831662232842240
1344831616041025536
1344831594209685504
1344831555819204608
1344831535787216896
1344831509195345920
1344831475464732672
1344830153587830784
1344828935230656512
1344828455184117760
1344828435726741504
1344828374934581248
1344828357947617280
1344828319230021632
1344828196664049664
1344827546865717248
1344827487067496448
1344827471217258496
1344827425604120576
1344827161585340416
1344826996107456512
1344826970467659776
1344826481160183808
1344826463573438464
1344826432028073984
1344826392060583936
1344826275286966272
1344826254420275200
1344826170257399808
1344826154532958208
1344826058944765952
1344826004192309248
1344825988027453440
1344825932738146304
1344825864010280960
1344825722318311424
1344825670166335488
1344825610749829120
1344825564104970240
1344825529124454400
1344824623263854592
1344824572672151552
1344824530523590912
1344824438248898560
1344824403457167360
1344824368422133760
1344824059742314496
1344824032869445632
1344824017098780672
1344823987629600768
1344823952238112768
1344823930687811584
1344823914770411520
1344823857132269568
1344823761942564864
1344823736906764288
1344823720523788288
1344823654698381312
1344823626328113152
1344823598465347584
1344823536947507200
1344823516970037248
1344823459713593088
1344823433645973504
1344823385323429888
1344823367447293952
1344823323151241216
1344823289752023040
1344823266159034368
1344823234793975808
1344823211016511488
1344823082477871104
1344823056292831232
1344823038156697600
1344823013473210368
1344822944560799488
1344822919881498624
1344822775144476672
1344822725412581376
1344822696971013888
1344822672996388864
1344822654759546880
1344822630969434112
1344822595926061056
1344822562262548480
1344822522399830016
1344822499352129536
1344822479135662080
1344822422810320896
1344822407354331136
1344822387171274752
1344822361686745088
1344822336680288512
1344822314802814976
1344822292887515136
1344821723196174336
1344821655965753088
1344821611799707648
1344821597027360768
1344821577192513536
1344821545810714624
1344821524952457216
1344821497232306176
1344821461240918016
1344821402210365440
1344821374389542912
1344821328554184704
1344821284564324352
1344821238749925376
1344821219716161536
1344821159787962368
1344821142096384000
1344821121787564032
1344821103378788352
1344821083401297920
1344821061012123648
1344821040908820480
1344820990543605760
1344820963515518976
1344820942745309184
1344820857185726464
1344820833873752064
1344820819189493760
1344820710334754816
1344820640130494464
1344820607540736000
1344820584174276608
1344773394244505600
1344773359742148608
1344772939498008576
1344772876759658496
1344772838352416768
1344772802503700480
1344772750758588416
1344772729791246336
1344772700405952512
1344772673000386560
1344772653345873920
1344772615400005632
1344772580746686464
1344772547859120128
1344772515051278336
1344772464157536512
1344772436580052992
1344772391440953088
1344772376257564672
1344772348856168448
1344772317562466304
1344772273249652736
1344772248373243904
1344772218597867520
1344772191297138688
1344772161865658368
1344772117720657920
1344772088679301120
1344772067464507392
1344772043754139648
1344771992055140352
1344771966406975488
1344771917312634880
1344771893715476480
1344771848496672768
1344771812207570944
1344771769492787200
1344771717722464512
1344771685904506880
1344771652853395712
1344771589531983872
1344771545751810048
1344771521693294592
1344771488138858496
1344771473802752000
1344771445608624128
1344771425564028928
1344771401144791040
1344771386913513472
1344771370811617280
1344771339597578240
1344771323025874944
1344771297461624832
1344771280994586624
1344771261134745600
1344771240792371200
1344771221246898176
1344771205551845376
1344771190431363072
1344771169099067392
1344770889829724160
1344770614536646912
1344770593296703488
1344770574128713728
1344770545884291072
1344770519418200064
1344770493207994368
1344770469749268480
1344770376858021888
1344770355022475264
1344770323556790272
1344770302006468608
1344770282339360768
1344770234440437760
1344770199111823360
1344770170330476288
1344770121609441280
1344770075056857088
1344770053527523328
1344770014537281536
1344769998963793920
1344769929074126848
1344769856567185408
1344769832156356608
1344769802120949760
1344769774040076288
1344769728552828928
1344769702116159488
1344769669027274752
1344769653743235072
1344769613909938176
1344769574185672704
1344769548600356864
1344769498226831360
1344769436616683520
1344769370279600128
1344769308254236672
1344769290386468864
1344769272006979584
1344769256433573888
1344769234296037376
1344769217820819712
1344769198862557184
1344768009869676288
1344767848086962176
1344767790058774528
1344767742826655488
1344767399170605056
1344767375938363392
1344767356590043136
1344767319919230976
1344767293432221696
1344767274683670528
1344767186523533312
1344767170178404352
1344767140906336512
1344767124166881280
1344767101043675136
1344767051563495424
1344767034735910912
1344766991299727360
1344766940116627712
1344766916628541440
1344766890393133056
1344766860043161600
1344766822340571136
1344766779864850432
1344766707865448448
1344766676592574464
1344766652630630400
1344766638332252160
1344766598515740672
1344766582279561216
1344766567016525824
1344766518119301120
1344766498129244160
1344766482887155712
1344766451647967232
1344766438314307584
1344766358622498816
1344766321263837184
1344766291949871104
1344766275399147520
1344766256449282048
1344766227982528512
1344766208961372160
1344766195099176960
1344766181065035776
1344766121619152896
1344766106276425728
1344766086105997312
1344766058947878912
1344766038894903296
1344766018879688704
1344765999241949184
1344765975418318848
1344765939393437696
1344765915452362752
1344765900449341440
1344765882946478080
1344765867360460800
1344765855247314944
1344765842798555136
1344765827195744512
1344765812293427200
1344765787635113984
1344765762955862016
1344765729057468416
1344765709436514304
1344765690344042496
1344763906200375296
1344750906068365312
1344727219776663552
1344716508031815680
1344716475337207808
1344716392713641984
1344716352603480064
1344716318226997248
1344716294210416640
1344715976001126400
1344715936704692224
1344715905008349184
1344715875144896512
1344715833612886016
1344715802512130048
1344715782014595072
1344715757276573696
1344715738230231040
1344715708417126400
1344715688464756736
1344715613638438912
1344715597058367488
1344715577533857792
1344715560093946112
1344715540347105280
1344715514308939776
1344715480519610368
1344715449238487040
1344715435208548352
1344715414820036608
1344715388215557888
1344715367873212416
1344715336260743168
1344715319181520896
1344715272683479040
1344715251472887808
1344715232128724992
1344715215947124736
1344715202739261440
1344715122930053120
1344715056399982592
1344714965379375104
1344714928696000512
1344714883921752064
1344714830826135552
1344714790049034240
1344714774219788288
1344714748420644864
1344714704749527040
1344714680061853696
1344713393870135296
1344713366284230912
1344713221228404736
1344713135874322432
1344713052361547776
1344709515007111168
1344708600732790784
1344707001935409152
1344706111639851008
1344698329398206464
1344698295986360320
1344698243763081216
1344617749859983360
1344616528361234432
1344607937252233216
1344579590904279040
1344579422930808832
1344579195570163712
1344579170865713152
1344579048412995584
1344578824709804032
1344578701112045568
1344578515392462848
1344578391677300736
1344578204313513984
1344576497189838848
1344576257523122176
1344507795639578624
1344439995659145216
1344439644516188160
1344439492179095552
1344439391436026112
1344439374268813312
1344439353691537408
1344439316202868736
1344439256962527232
1344439234950819840
1344439204181381120
1344439174234075136
1344439155787509760
1344439117891952640
1344439022618365952
1344438975923154944
1344438958688768000
1344438940384825088
1344438925360816128
1344438888278978560
1344438861225722112
1344438836659630080
1344438807391821824
1344438743017598976
1344438705340165888
1344438673866158080
1344438643230957568
1344438409490812928
1344438388485746688
1344438105026265088
1344437373061496832
1344437303880650752
1344437260792561664
1344437243516227584
1344437216790122496
1344437197215248384
1344437047189237760
1344437010933678080
1344436018481668096
1344435937229549568
1344435238857035776
1344434739055357952
1344434622915076096
1344434591696908288
1344434553948147712
1344434539230355712
1344434477620224000
1344434452815032320
1344434429209554944
1344434411589279488
1344434383692902400
1344434347034750976
1344434331071164416
1344434315170607104
1344434294522073088
1344434270820061184
1344434228323360768
1344434202771664896
1344434189001760768
1344433862227726336
1344433831210864640
1344433611437727488
1344433506143907840
1344433481573675008
1344433430755504128
1344433410501177088
1344433280234479616
1344433226362851328
1344433207085826048
1344433169530028032
1344433144074825728
1344433102760906752
1344433087950835712
1344433063279919104
1344433020493824000
1344432989699239936
1344432966529921024
1344432918316380160
1344432865887592448
1344432656902221824
1344432628368371712
1344432600019042304
1344432547007180800
1344432515164086272
1344432498718208000
1344432476589072384
1344432462349348864
1344432437997293568
1344432406250614784
1344432388659675136
1344432340546838528
1344432278752157696
1344432249618493440
1344432196891930624
1344432174456581888
1344432158463688704
1344432124821196800
1344431818293055488
1344431707852840960
1344431694015832064
1344431623627013888
1344431605989965824
1344431557705146368
1344431527476813824
1344431503648948224
1344431484095102976
1344431430168928512
1344430214890348288
1344430197437849600
1344430178873835520
1344430143511662592
1344430126126260224
1344430085080813568
1344430060678340608
1344430040692502528
1344429804527955968
1344428920192569088
1344428873447047168
1344428554541432832
1344428307039854592
1344428292338823168
1344428185048522752
1344428128052109312
1344427999383474176
1344427984887967488
1344427953241907200
1344427930634637312
1344427891099115520
1344427861353103360
1344427839437893632
1344427812292325376
1344427786933575680
1344427293012332288
1344427271017406464
1344427225123270912
1344427176926523392
1344427122916470784
1344427089185955840
1344427053899247616
1344427020407742464
1344426993648082944
1344426647974535168
1344426625233018880
1344426505422725120
1344426250379685888
1344426227076096000
1344425798623703040
1344425784463810560
1344425769167151104
1344425736136962048
1344425683213295616
1344425667287519232
1344425651437236224
1344425611452887040
1344425571124719616
1344425558650859520
1344424225097052160
1344424203727098112
1344424132017070080
1344424069320634368
1344424045404680192
1344424015440605184
1344423988567666688
1344423961917009920
1344423910457151488
1344423884720918528
1344423862591749888
1344423809684799488
1344423779586478080
1344423761429360640
1344423744304013312
1344423689094394112
1344423638007750912
1344423608844738560
1344423585834786816
1344423553286987776
1344423523574571008
1344423380079042560
1344423313091817472
1344423280225226752
1344423237632061440
1344423184305631232
1344423158082899968
1344423138587799552
1344423106039967488
1344423073643196416
1344423023147933696
1344422990990209024
1344422951479898112
1344422932060233728
1344422904960839680
1344422864670367488
1344422823071277056
1344422716045201408
1344422697145688064
1344422678896254976
1344422654107930624
1344422530522742784
1344422510528499712
1344422484783804416
1344422456740761600
1344422433407774720
1344422413623300096
1344422382052761600
1344422360619888640
1344422343700045824
1344422326390190080
1344422232030924800
1344422192554127360
1344421919530086400
1344421435650043904
1344421420797992960
1344421405451055104
1344421323003592704
1344421303844003840
1344421285556842496
1344421267890458624
1344421242393292800
1344421221123940352
1344421185187151872
1344421169651478528
1344421143655165952
1344421100424486912
1344421065590714368
1344421025057009664
1344420993129984000
1344420902218444800
1344420871818063872
1344420852494983168
1344420823839473664
1344420788179513088
1344420768092991488
1344420703559429888
1344420687612702720
1344420672425111552
1344420637356531712
1344420608487149568
1344420587825991680
1344420568016318464
1344420544494657536
1344420510638202880
1344420472625254400
1344420456217063424
1344420432640929792
1344420397920497664
1344420383261405184
1344420351170797568
1344420323190599680
1344420295826944000
1344420204462403584
1344420185856487424
1344420171113517056
1344420147440865280
1344420127157186560
1344420097352458240
1344420079996428288
1344420060887179264
1344420045519265792
1344420014879858688
1344419991110754304
1344419965726642176
1344419936190554112
1344419907363077888
1344419882448936960
1344418860913586176
1344418846149648384
1344418815292154112
1344418799697727488
1344418778730422272
1344418749701644288
1344418726473572352
1344418707116859392
1344418684530528512
1344418644730769408
1344418603030994944
1344418536731660288
1344418523569922048
1344418491596738560
1344418462396010496
1344418380971995136
1344418348872954112
1344418293222944768
1344418265242755072
1344418232682340352
1344418214772666368
1344418158627737600
1344418124033122304
1344418109126488064
1344417990935248896
1344417879568097280
1344417869086523392
1344417828963815424
1344417798500573184
1344417762370871296
1344417726488580096
1344417693139693568
1344417674772799488
1344415382375976960
1344415364957020160
1344415324737835008
1344415292672376832
1344415261487718400
1344415160610525184
1344415140805038080
1344415123490955264
1344415105153380352
1344415086174236672
1344415061603983360
1344415043509768192
1344414952011010048
1344414922239856640
1344414907815620608
1344414811417935872
1344414788093435904
1344414763225387008
1344414740471291904
1344414713191530496
1344414696934354944
1344414666479579136
1344414629645185024
1344414609076314112
1344414578889936896
1344414546086273024
1344414519590846464
1344414501714743296
1344413950188908288
1344412967350263808
1344412930796875776
1344412889860481024
1344412866041044992
1344412834478882816
1344412798303035392
1344412778434588672
1344412761447661568
1344412741159759872
1344412717948538880
1344412696628883712
1344412680011075584
1344411978685669376
1344411952936849408
1344403148639789056
1344401536781312000
1344400816233451520
1344400531549278208
1344400060746969088
1344399975371964416
1344399670500536320
1344399481320701952
1344399382007963648
1344399184389136384
1344399156991971328
1344386470518386688
1344369804296253440
1344369089280684032
1344368804315471872
1344368587297972224
1344368271852756992
1344367992734408704
1344367721316757504
1344367567239045120
1344367341317074944
1344367112224186368
1344366813015117824
1344366378099343360
1344361928102178816
1344360518799290368
1344357539107008512
1344353897624842240
1344353885192941568
1344353871011975168
1344353856604540928
1344353818562191360
1344353801495605248
1344353785062289408
1344353746508275712
1344353723812872192
1344353702304489472
1344353682918432768
1344353663503003648
1344353640971169792
1344353607806824448
1344353586470387712
1344353492316659712
1344353475451363328
1344353429423091712
1344353415258923008
1344353238921965568
1344353223340154880
1344353207158533888
1344353189731164160
1344353151240044288
1344352788139175936
1344352749379588096
1344352731545403392
1344352713199525888
1344352567019646976
1344352540209664000
1344352519397519360
1344352486493188096
1344352468306690048
1344352437193367552
1344352418830671872
1344352371648950272
1344352335833739264
1344352317072674816
1344352270054543360
1344352242216947712
1344352225276145664
1344352106690580480
1344351979846459392
1344351965439000576
1344351692700184576
1344349797474512896
1344349769737641984
1344349525926932480
1344349278672744448
1344349042243940352
1344348635765612288
1344348393032851712
1344347369878532096
1344346267405742080
1344341851109793792
1344339843330015232
1344338158977232896
1344278233861206016
1344278202538143488
1344277919833718784
1344277894848196608
1344277799759175680
1344277736714608640
1344277714879053824
1344277666162204672
1344277638609776640
1344277618523303936
1344277603126046720
1344277581093363712
1344277562445410304
1344277541306183680
1344277528106688512
1344277506388590592
1344277479553433600
1344277433541931008
1344277391783432192
1344277153517608960
1344277126401429504
1344276865947742208
1344276832380739584
1344276792761315328
1344276761366958080
1344276717318385664
1344276668052086784
1344276294293401600
1344276263712804864
1344276231009824768
1344276213771198464
1344276158230261760
1344276120351469568
1344276101061816320
1344276079566069760
1344276058028331008
1344276036566085632
1344276004467073024
1344275986930675712
1344275970925199360
1344275939098849280
1344275922615152640
1344275900313919488
1344275876897320960
1344275845754576896
1344275830462160896
1344275797658529792
1344275775458042112
1344275750111879168
1344275727680729088
1344275705186693120
1344275683250499584
1344275668725620736
1344275156387168512
1344275126964150272
1344275090574372864
1344275050682327040
1344274989130932224
1344274901675483136
1344274878720057088
1344274844901376000
1344273232212451328
1344273212453122048
1344273194975375360
1344273173194403840
1344273144442482688
1344273081221656576
1344273064624857088
1344272920269492224
1344272678220390400
1344272657882218496
1344272636667457536
1344272620158595072
1344272596314030080
1344272439333806080
1344272418173579264
1344272308303630336
1344272284215869440
1344272264972427264
1344272214384906240
1344272191802789888
1344272176401297408
1344270543143526400
1344267442030321664
1344267394659852288
1344267380466311168
1344267355652841472
1344267319929921536
1344267193807228928
1344267163658547200
1344267130884268032
1344266738339356672
1344266715304226816
1344266651781370112
1344266625252524032
1344266605946138624
1344266592079765504
1344266503697420288
1344266490644738048
1344266466821087232
1344266439637790720
1344266412496465920
1344266398575566848
1344266388643438592
1344266354950606848
1344266331475075072
1344266289943113728
1344244182332923904
1344244121674903552
1344244101156372480
1344244057619443712
1344244035532300288
1344244007342383104
1344243980087816192
1344243955551117312
1344243934764130304
1344243905030709248
1344243879294488576
1344243813062242304
1344243783895044096
1344243739955507200
1344243722821783552
1344243657029902336
1344243615288209408
1344243574871891968
1344243529690832896
1344243507981131776
1344243488649572352
1344243463580217088
1344243435902013440
1344243411784761088
1344243384916041728
1344243361281150976
1344243335196798976
1344243310450372608
1344243288363171840
1344243216263081984
1344243184482840576
1344243138144194560
1344243112810602496
1344243080275365888
1344243030279270400
1344242976927719424
1344242950159675392
1344242928311525376
1344242908602499072
1344242890004946944
1344242864520368128
1344242835143483392
1344242806370529280
1344242761453678592
1344242686467973120
1344242642067009536
1344242604133724160
1344242583749464064
1344242567009984512
1344242475611942912
1344242456062271488
1344242429810106368
1344242415054581760
1344242369957425152
1344242350755868672
1344242256929312768
1344242043070140416
1344242012531392512
1344242012523016192
1344242012493672448
1344242009284833280
1344242009146618112
1344242008991346688
1344241873070780416
1344241809598377984
1344241713565589504
1344241626500227072
1344241444354215936
1344241444341633024
1344241413794521088
1344241384786636800
1344241367350976512
1344241326993371136
1344241309402476288
1344241289336918016
1344241245175034112
1344241231082250240
1344241159514820608
1344241159158304768
1344241159154135040
1344241159154118912
1344241158650736640
1344241158336217088
1344241158063599616
1344241118419021824
1344240888155926528
1344240888105603072
1344240888067858432
1344240054957387776
1344240036875821056
1344239981896880128
1344239905325658112
1344239844340485888
1344239822953722112
1344239820806234112
1344239757275099136
1344239722852458496
1344239702291996672
1344239684239634432
1344239668003557376
1344239427938353152
1344239354517086208
1344239318076895232
1344239282194673664
1344239262359813888
1344189825436557312
1344189784273669888
1344189754313736192
1344189727747018752
1344189601674625024
1344189379636568064
1344189317967699968
1344189242008866816
1344189196320313088
1344189178460987392
1344189156226965504
1344189107816304640
1344189061335027712
1344189034772492288
1344188992691036160
1344188923854155776
1344188875846070272
1344188836520349696
1344188755285053440
1344188737761259520
1344188718895296512
1344188699760848896
1344188651463446528
1344188605716193280
1344188570475618304
1344188549227290624
1344188504683720704
1344188450774392832
1344188430977265664
1344188372559003648
1344188328611110912
1344188262861168640
1344188241365397504
1344188224793669632
1344188170393542912
1344187559199571968
1344187535229071360
1344187499577364480
1344187475862892288
1344187444737040384
1344187338012950528
1344187293125517312
1344187265032069120
1344186924639145984
1344186767759593472
1344186717352431616
1344186657734590464
1344186607595872512
1344186588113350912
1344186553367715840
1344186530252926976
1344186482270101504
1344186458110898176
1344186398266552320
1344186364229791488
1344186341710569472
1344186306050580480
1344186281585233920
1344186253235912704
1344186231824019712
1344186165210046464
1344186136340672512
1344186108092030976
1344186034058387712
1344186007948832768
1344185967830315008
1344185903045095424
1344185885567365120
1344185863580880896
1344185832845008896
1344185809033981952
1344185765161525248
1344185704029544448
1344185679975215104
1344185597989167104
1344185580394000384
1344185515042603008
1344185485942542336
1344185457312223232
1344185433417281536
1344185418003197952
1344185401846738944
1344185265833836288
1344185233135042560
1344185208560562176
1344185191624040448
1344185064213663488
1344185042042499072
1344185024451633152
1344185001240387584
1344184985775992832
1344184969174933504
1344184254251597824
1344184227865239552
1344184199729786880
1344184176761835520
1344184145363263488
1344184125159321600
1344184088182272000
1344184054619533312
1344184021518053376
1344183987615526912
1344183971157073920
1344183549700792320
1344183518176436224
1344183496638668800
1344183461008068608
1344183421409648640
1344183402191319040
1344183352975364096
1344183328010858496
1344183308196974592
1344183270322426112
1344183237074153472
1344183186201436160
1344183159252987904
1344183142689681408
1344183130249433088
1344183098452414464
1344183078852374528
1344182990486778112
1344182916407058432
1344182848660647936
1344182794788941824
1344182739688452096
1344182672734695424
1344182656326631424
1344182641013174272
1344182611032346624
1344182167350423552
1344182137994539008
1344182080318697472
1344182052141338624
1344182027722100736
1344181999435735040
1344181946843353088
1344181897417674752
1344181814022311936
1344181771500449792
1344181709470892032
1344181685651460096
1344181638297755648
1344180178935836672
1344180115698233088
1344180085750980608
1344180060480282624
1344179996840112128
1344179980306173952
1344179936781852672
1344179919086112768
1344178881083961088
1344178859600654336
1344178830941024512
1344178795780202496
1344178780336750592
1344178758278934528
1344178737139609600
1344178718256877568
1344178690402476032
1344178664628490240
1344178637449400320
1344178441365704704
1344178409203761152
1344178378103005184
1344178357181800448
1344178340362641408
1344178287686405888
1344178257810358272
1344178215905079296
1344178180865859584
1344178108438609920
1344178054982152192
1344177729994969088
1344171928488210432
1344167530848464896
1344167505959526400
1344167373859938304
1344167311167672320
1344167008036941824
1344166721536585728
1344166664171102208
1344166634215366912
1344166401154699264
1344166156911988736
1344166101303894016
1344166077014671360
1344165732846809088
1344164972549570560
1344164954220462080
1344164907340750848
1344164885211590912
1344164839397203968
1344164810993369088
1344164555182768128
1344164498693890048
1344164454808879104
1344164433766002688
1344164412983287808
1344164393454600192
1344164372491460608
1344164273174573056
1344164222012448768
1344164190848770048
1344164156581294080
1344164138776473600
1344164098028797952
1344164045574856704
1344164024003473408
1344164001803075584
1344163949298806784
1344163903018827776
1344163873138630912
1344163574718099712
1344163546670772224
1344163520200511488
1344163499849764864
1344155157068738560
1344044526328045568
1344040113895038976
1344040088133636096
1344039907333992448
1344039883971719168
1344039849930743808
1344039834575400960
1344039814694367232
1344039798202380288
1344039772059275264
1344039753985961984
1344039737250742272
1344039703285264384
1344039686298329088
1344039667310751488
1344039648461524992
1344039632602861568
1344039596691255296
1344039579083567104
1344039520770154496
1344039484057407488
1344039433453109248
1344039415136583680
1344039389257723904
1344039362485432320
1344039343158136832
1344039330176770048
1344039272941293568
1344039249675509760
1344039228913704960
1344039076148731904
1344038860557312000
1344038842999992320
1344038567576821760
1344038280153673728
1344038260675383296
1344038238642720768
1344038210385694720
1344038159957585920
1344038143843069952
1344038126331842560
1344038105993588736
1344038086838255616
1344038058769993728
1344037947079843840
1344037894860763136
1344037687163056128
1344037611774607360
1344037541838790912
1344037460079214592
1344037391921803264
1344037365573148672
1344037344471617536
1344037315035996160
1344037280122629888
1344037049532354560
1344036997346824192
1344036958994124800
1344036943450021888
1344036891310620672
1344036872046186496
1344036831881547776
1344036811857866752
1344036761811480576
1344032052367253504
1344031905356898304
1344031880912527360
1344031857952829440
1344031833797877760
1344031807721897984
1344031774188449792
1344031692210786304
1344031302467649536
1344030496301445120
1344030427573583872
1344030397349376000
1344028678955687936
1344028642628820992
1344028614258548736
1344028587486302208
1344028571686338560
1344028554942681088
1344028534327664640
1344028497564590080
1344028468384829440
1344028438391369728
1344028400525176832
1344028369101451264
1344028353809031168
1344028323580674048
1344028276772241408
1344027875268300800
1344027866695143424
1344027705164103680
1344027621609402368
1344027537018662912
1344027517691326464
1344027487597174784
1344027448401424384
1344027431011758080
1344027419699802112
1344027384186613760
1344027360593637376
1344027343577358336
1344027315823644672
1344027303077163008
1344027047564357632
1344027027989536768
1344027009266159616
1344026972511469568
1344026863165960192
1344026841145892864
1344026805506871296
1344026788830343168
1344026777346334720
1344026727727714304
1344026713932632064
1344026665991745536
1344026645942951936
1344026614695424000
1344026597293236224
1344026570722332672
1344026553525657600
1344026459183185920
1344026437771210752
1344026410638311424
1344026357622308864
1344026341105147904
1344026267339943936
1344026239682674688
1344026217322840064
1344026195583774720
1344026169071579136
1344026119998205952
1344026065518341888
1344026044848890112
1344025774807011328
1344025755613863936
1344022523151843328
1344022052194410496
1344021933478850560
1344021630121611264
1344021603122876416
1344021237144707072
1344021224238813184
1344021212649943040
1344021186217455616
1344020819333287936
1344020804485472512
1344020776555597824
1344020731877875712
1344020694867308288
1344019457467969536
1344019444109103104
1344019407840931840
1344019281042931712
1344019265830219776
1344019225472593920
1344019209978851328
1344018627268390912
1344018592057225216
1344018563628228608
1344018540119130112
1344018513439174912
1344018497991532288
1344018461496848384
1344018447018172416
1344018427338498048
1344018390181171200
1344018326876348416
1344018313526059008
1344018284740562944
1344018254516391936
1344018232735363072
1344018216797040640
1344018110723072000
1344018086387703808
1344018067316236288
1344017971203727360
1344017941323505664
1344017921824223232
1344017772922216448
1344017734707904512
1344017719365160960
1344017662234537984
1344017543867084800
1344017485079715840
1344017456176705536
1344015575400513536
1344015315961860096
1344015284118691840
1344015112047357952
1344015063590576128
1344015022536749056
1344014959085285376
1344014848678572032
1344014639429017600
1344014615479508992
1344014592129826816
1344014560760619008
1344014542305718272
1344014523821391872
1344014505496469504
1344014389523968000
1344014374013456384
1344014344191959040
1344014301854658560
1344014256942026752
1344014234120761088
1344014211425447936
1344014171411787776
1344014111013797888
1344013946676801536
1344013902775021568
1344013874564108288
1344013774227988480
1344013757584986112
1344013726802989056
1344013680426569728
1344013642413563904
1344013591041740800
1344013561551610112
1344013386510700288
1344013339941347328
1344013284568150016
1344013258588622848
1344013184324300800
1344013118729572352
1344013085661650944
1344013033698373632
1344013001293242368
1344012979315109888
1344012948520493056
1344012922167717888
1344012886990082048
1344012845218983936
1344012810464894976
1344012766768750592
1344012722556469248
1344012703954857984
1344012685168545792
1344012659461648384
1344012611625627648
1344012568797589504
1344012550044864512
1344012524308598784
1344012510744219648
1344012483066028032
1344012461012357120
1343989418475069440
1343939452713005056
1343924456192937984
1343923135683440640
1343922254246260736
1343914623188262912
1343909457844174848
1343884195727351808
1343798003954544640
1343676706780041216
1343676674077032448
1343676612982824960
1343676589641519104
1343676547555860480
1343676500147654912
1343676416437706752
1343676387086000128
1343676317544435712
1343676286888255488
1343676223650746368
1343676130566561792
1343676093438586880
1343675978871152640
1343675945517985792
1343675920989696000
1343675901989580800
1343675859446673408
1343675819173048320
1343675794246217728
1343675699794767872
1343675653900693504
1343675628378345472
1343675601689972736
1343675583524384768
1343675534937649152
1343675478012530688
1343675410190659584
1343675347187994624
1343675314703101952
1343675261489963008
1343675128601845760
1343674539474092032
1343674469580214272
1343674382246412288
1343674334762688512
1343674295004897280
1343674254471147520
1343673907849662464
1343673880267943936
1343673848701612032
1343673821694459904
1343673796180529152
1343673751733489664
1343673731554664448
1343673697278832640
1343673656224993280
1343673622536351488
1343673579930595328
1343673540319571968
1343673407217553408
1343673313814581248
1343673288489373696
1343673234387034112
1343673202892005376
1343673174341390336
1343673148705796096
1343673129839828992
1343673100538359808
1343673072000393216
1343673049183367168
1343673020838277120
1343672980581322752
1343672924016955392
1343672885492277248
1343672826033811712
1343672792030523392
1343672771390406912
1343672738016342016
1343672716436631552
1343672653027151872
1343672529743990784
1343672484277714944
1343672425691623424
1343672394683133952
1343672366627487488
1343672333807079424
1343672281147568128
1343672079640629248
1343672039031377920
1343672020379250688
1343672000670273536
1343671969275904000
1343671943250268160
1343671870361640960
1343670230950830080
1343670114252689408
1343670067482001408
1343670032212107264
1343669990755627008
1343669952562266112
1343669930294726912
1343669864163139584
1343669821247000576
1343669786966953984
1343669763269136384
1343669737730019328
1343669716632670208
1343669686039433216
1343669666569461760
1343669620327264512
1343669308963098624
1343667871675723776
1343667842386960384
1343667817556692992
1343667776670593024
1343667749256617984
1343667727647580160
1343667685620641792
1343667637256155136
1343667041706926080
1343666648960675840
1343666544316981248
1343666491208708096
1343666461764685824
1343666223180107776
1343666204741939200
1343666165743296512
1343665995756548096
1343665954295832576
1343665917612486912
1343665899635666944
1343665881193320448
1343665835697696768
1343664333683888128
1343664298762133504
1343664260161937408
1343664234362712064
1343664207837990912
1343664184337293312
1343664166326972416
1343664141370871808
1343663929059323904
1343663886340395008
1343663378758295552
1343663334235795712
1343663274806673408
1343663227515924480
1343663116903702528
1343663004622204928
1343662977900228608
1343662933801365504
1343662885592059904
1343662868470910976
1343662817023586304
1343662760379428864
1343662722832064512
1343662699356557312
1343662615298531328
1343662525049671680
1343662461547909120
1343662043438739712
1343662010672836608
1343661902564634624
1343661136940593152
1343661035044171776
1343660908535557888
1343660832807399424
1343660201044570112
1343660149584634112
1343660113727520768
1343660092655345664
1343660072585596928
1343660053350543360
1343660031280095232
1343659990075244288
1343659924241440768
1343659868385927168
1343659705869225984
1343659650525310976
1343659609735749632
1343659586914557952
1343659561211854848
1343659545193754624
1343659322581135360
1343659308085600512
1343659208684810240
1343659170894147584
1343659075154948096
1343659045874491392
1343659007798599680
1343658940018663424
1343656979135426560
1343655174569680896
1343655044453965824
1343655008613576704
1343654978100068352
1343654951239692288
1343654798881652736
1343654769693491200
1343654736424263680
1343654685950017536
1343653770601914368
1343653750783811584
1343653729627729920
1343653712900858112
1343653654289592320
1343653619942518784
1343653564871278592
1343653523926487040
1343653508277555200
1343653489684193280
1343653416204201984
1343653358566039552
1343653318569111552
1343653285941686272
1343653166575980288
1343653125337571328
1343653094496858112
1343653057008119808
1343653023067877376
1343652905434443776
1343652863491383296
1343652842645696512
1343652828162764800
1343652796281872384
1343652728774520832
1343652683782225920
1343652630254530560
1343652597274533888
1343652560075419648
1343652540374806528
1343652411483815936
1343652394719207424
1343652361634521088
1343652328222687232
1343652307301502976
1343652279384211712
1343651858645213184
1343651834720825088
1343651815909371904
1343651794191347712
1343651758686535680
1343651678415949824
1343651646925119488
1343651603446980608
1343651414451630080
1343651374198902784
1343651076130660352
1343651037765365760
1343650912074686464
1343650875559047168
1343650808299200512
1343650505067814912
1343650431843631104
1343650371617648640
1343650207918153728
1343650182353793024
1343649341370757120
1343649156087377920
1343649102714830848
1343649073547665408
1343648983940538368
1343648957558382592
1343648934321905664
1343648838192656384
1343648789551263488
1343648729958645760
1343648695208828928
1343648537825992704
1343648504166707200
1343648457328877568
1343648428669202432
1343648377838440448
1343648351473065984
1343648294946398208
1343648188377559040
1343648154567245824
1343648128654839808
1343648085881344000
1343648068076523520
1343648017694531584
1343647967568424960
1343647900707008512
1343647852485074944
1343647834617352192
1343647791508291584
1343647725087293440
1343647679939825664
1343647631092932608
1343647546078613504
1343647424322134016
1343647383402504192
1343647315442216960
1343647125763190784
1343647083367178240
1343647028560146432
1343646996603826176
1343646967751184384
1343646920795971584
1343646905004384512
1343646878454448128
1343646852097433600
1343646833155977216
1343646792030834688
1343646761622118400
1343646699026317312
1343646638259240960
1343646586128257024
1343646528955678720
1343646419790553088
1343646385313349632
1343646325393518592
1343646276878016512
1343646229100638208
1343646131364966400
1343646090936123392
1343646027279175680
1343645953329397760
1343645905879261184
1343645878666600448
1343645796453986304
1343645741785485312
1343645709724213248
1343645665977577472
1343645593986625536
1343645553037631488
1343645513753784320
1343645473534599168
1343645424519950336
1343645389447188480
1343645356681293824
1343645326226448384
1343645272497413888
1343645233712680960
1343645212288176128
1343645176879866112
1343645137847644160
1343645122488127488
1343645093354496000
1343645063033876480
1343645031962443776
1343644972088778752
1343644941646520320
1343644760435732480
1343644739334254592
1343644702097215488
1343644365147795712
1343644344692187136
1343644319870279680
1343644280678735872
1343644249015930880
1343644222373695488
1343644189624590336
1343644158683176960
1343644130036080640
1343637614218375168
1343637567036649472
1343636845108875264
1343636775902851072
1343636711251836928
1343636653013917696
1343636634370256896
1343636613679767552
1343636499095547904
1343636480216936448
1343636446830350336
1343636386679844864
1343636315863199488
1343636294056947712
1343636166810234880
1343636114393935872
1343636058915934208
1343635980482441216
1343635931480420352
1343635866523213824
1343635834403049472
1343635796738396160
1343635769177600000
1343635734981435392
1343635715649916928
1343635697027178496
1343635359192788992
1343635319757950976
1343635237042057216
1343635206289416192
1343635155156672512
1343633509995454464
1343633469931401216
1343633320920444928
1343633279820378112
1343633117966381056
1343633071728418816
1343632872146690048
1343632781990113280
1343632452011651072
1343632432793333760
1343632417031151616
1343632371405500416
1343632277536989184
1343632194145841152
1343632144451690496
1343632054764916736
1343631970358747136
1343631823700680704
1343631807883915264
1343631500122746880
1343631461728071680
1343631431218692096
1343631356123877376
1343631263119323136
1343631245092204288
1343631213475540992
1343630890262474752
1343630162747916288
1343629907197370368
1343629880601288704
1343629825504894976
1343629748602171392
1343629306778546176
1343629257600335872
1343629221332197376
1343629200746565632
1343629086481113088
1343629046173884416
1343629011570683904
1343628966305935360
1343628936362696704
1343628916175593472
1343628869086179328
1343628836802613248
1343628588369793024
1343628520040386560
1343628503816810496
1343628466055491584
1343628449932582912
1343628011833331712
1343627994284359680
1343627943516524288
1343627758589587712
1343627739929174016
1343627700397871104
1343627679036276736
1343627657230082048
1343627613437366272
1343627562426183680
1343627532097228800
1343627516251144192
1343627353742827520
1343627331827544064
1343627301305675776
1343627265196888064
1343627246041493504
1343627218908565504
1343627173085782016
1343627065862533120
1343627023860822016
1343627000414674944
1343626972388352000
1343626918764171264
1343626714304417792
1343626586365566976
1343626510259920896
1343626492920684288
1343626472112746496
1343626395587661824
1343626372049199104
1343626342630359040
1343624130260828160
1343623440171995136
1343623019114221568
1343621656560939008
1343618698628644864
1343617412911013888
1343617367558025216
1343617335693897728
1343617282640138240
1343601233328799488
1343593625465331712
1343593509274726400
1343591905934897152
1343560562098266112
1343554390154760192
1343483893161332736
1343483406533988352
1343483354495266816
1343483234185859072
1343483030141349888
1343476472502243328
1343475469308600320
1343309835522236416
1343309767670902784
1343309696099377152
1343309607498870784
1343309556777181184
1343309492101013504
1343309452913606912
1343309431942082560
1343309400061128704
1343309358709551104
1343309261275856896
1343309241482948608
1343309210906451968
1343309057566846976
1343308972456083712
1343308956731642112
1343308713139073024
1343308425002954752
1343308319071604736
1343308271382392832
1343308249941078016
1343308208526553088
1343308112728645632
1343308061369372672
1343308021041127424
1343308003014017024
1343307966775234560
1343307919928995840
1343307894331203584
1343307871287709696
1343307834268807168
1345103790446436352
1344758327331401728
1344742989491539968
1344606533989011712
1344577503881551872
1344411617748987904
1344411185593122816
1344410169594228736
1344407757252947968
1344404231621660672
1344401418694885376
1344395517468545024
1344393082255585280
1344358674622504960
1344177400578519040
1344049214255476736
1344031577555296512
1344023884589363200
1344021739769093888
1344006401161646080
1343926589852155904
1343923528328994816
1343676341732986880
1343671164846166016
1343489978526027776
1341295443221819392
1341126636230619136
1341085758678065152
1341084053081116672
1341058065752334336
1341025466501767168
1340959915746189312
1340635575519490048
1340425976648507392
1340425032087035904
1340394156154302464
1340348719573680128
1340271040748990464
1340078778337423360
1340071821761253376
1340071411327639552
1339975345676685312
1339854951305121792
1339720335990636288
1339718918072651776
1339678074468757504
1339677464407273472
1339677085258924032
1339664225296392192
1339663426872897536
1339662238714650624
1339661129686134784
1339660718182952960
1339659446658613248
1339643857332531200
1339577862094020608
1339185897040977920
1338990432517304320
1338989402262032384
1338930752449376512
1338899610736205824
1338823230262489088
1338784466395951104
1338771095470694400
1338768275812077568
1338604485468360704
1338604127933370368
1338604063877902336
1338602308972769280
1338601550705516288
1338601433122414592
1338600570484105216
1338598730623291392
1338587365019889664
1338573987136352512
1338539932349050880
1338527786324070400
1338501940905467904
1338411760307548160
1338403664290078720
1338218487278411776
1338213927533105152
1338120535948095488
1338032078441639936
1337894272763310080
1337893460355985408
1337893335801925632
1337893067588820992
1337889648631279616
1337884649142497280
1337871997209108480
1337870752729731072
1337869468668743680
1337858699482648576
1337857161720950784
1337855780163350528
1337815980173643776
1337785500724310016
1337784559753158912
1337741454626656512
1337709199468482560
1337708912255053824
1337681427165556736
1337668483031633920
1337520692695355392
1337511832916025088
1337510482132033536
1337506371928006912
1337504819301462016
1337503432165511168
1337501547295633408
1337500924831551488
1337499163651608576
1337498108524195840
1337417095857008640
1337374277704802304
1337369980808159232
1337327943027208192
1337161386762399488
1337155890529640448
1337151031541690368
1337150243390033920
1337079817007734784
1336789935450419200
1336779451716284416
1336775544248160512
1336413859196833792
1336411490346299392
1336410779600478208
1336392489868124160
1336372199788339200
1336370545001172992
1336364502334451712
1336361420984872960
1336351676446469888
1336066658448838912
1336060730471223296
1336044776215486464
1335697378469416960
1335696074137329664
1335665307298488320
1335649389898047488
1335642381538963712
1335642346491359232
1335638879798505472
1335630389776420864
1335628853994266624
1335628331178463232
1335493612197601280
1335481394802339840
1335354362269405184
1335350539765288960
1335343251960852480
1335341535144112128
1335340267638034432
1335335875664867328
1335315692170698752
1334989369954988032
1334976835143208960
1334912660509499392
1334231056887799808
1334222829232009216
1333162298060517376
1333156595807768576
1333152339717394432
1333119347401707520
1333117266234400768
1333115871372435712
1333115635799367680
1332805923128143872
1332691844799541248
1332433368785580032
1332381960254189568
1332366474137178112
1332324028326014976
1332233484845375488
1330994279657984000
1330962758771363840
1330611140653703168
1330596391966662912
1330583362709446912
1329351037761761280
1329190062211411968
1329187613681610752
1327736617784709120
1327538532471230464
1327371671200813056
1327021764900171776
1327007357998608384
1326913621394337792
1326609834205130752
1326299623716253696
1326079207458410496
1325895374930907136
1325783656917594112
1325541183280574464
1325466328623443968
1325392340358492160
1325377304164438016
1325352943843995648
1325204347681198080
1325198377152376832
1324388760004497408
1324105834108985088
1324099251362816000
1324089589611507712
1323531821687181312
1323530354335064064
1323274293883642112
1323274254822051840
1322604972438130688
1322495745820397568
1321558005687767040
1321042252576292864
1320441240555528192
1320363750709395712
1319386418804830208
1318890551937294336
1318492211407892480
1318457181428240384
1318243983378817024
1318237964191911936
1318093581752684288
1317878759970713600
1317878462300983296
1317812679680118784
1317795992859758592
1317733325344223232
1317564242829213696
1317551184325074944
1317516441214746624
1317500616038584320
1317382310061367296
1317361996405374976
1317168823896805376
1317164556435730432
1317061388209184768
1317009898023079936
1316989237863026688
1316797755138940928
1316738989777395712
1316385143263821824
1316136785060167680
1316111845137281024
1316089203755806720
1316084120976584704
1316034234100994048
1315968266586779648
1315944113171300352
1315918179718369280
1315743375262351360
1315713165439762432
1315711644098605056
1315641525980860416
1315635481346932736
1315379862266359808
1315371928065060864
1315030396317335552
1314979439999168512
1314928275798536192
1314881015467446272
1314877079733796864
1314664173855477760
1314593024622686208
1314310990012600320
1314171908313829376
1314140911186718720
1313859879279484928
1313726820286705664
1313481601066692608
1313445889516752896
1313215150850220032
1313189948196032512
1312844920609218560
1312810533419208704
1312747511325622272
1312747460243214336
1312747459924369408
1312747435429691392
1312747416421044224
1312747393436262400
1312747370304745472
1312747355272347648
1312747340705468416
1312747329217277952
1312747249542332416
1312747232760918016
1312747217460002816
1312747200095703040
1312747176821391360
1312747077944913920
1312747048685445120
1312747007036006400
1312736732845092864
1312733470662242304
1312733470024757248
1312733452417011712
1312733451368493056
1312733430703104000
1312733429801328640
1312733417709146112
1312732411101409280
1312732368097153024
1312732357527564288
1312732335415193600
1312732203445518336
1312732202774470912
1312732191948976128
1312732182763405312
1312732155563454464
1312732154317754368
1312732128199815168
1312732105047146496
1312732051167117312
1312731956606627840
1312731956287803392
1312731929746309120
1312731912658726912
1312731898398072832
1312731883881533440
1312731863916711936
1312731834795597824
1312731814918844416
1312731781859364864
1311195932688556032
1311064752173584384
1311062602009673728
1311062571454259200
1310127209902944512
1310121861578199040
1309896057049042944
1309575598981943296
1309543606449995776
1309536554432507904
1309533044735442944
1309488888067616768
1309488816714141696
1309434716077068288
1309219573678387200
1308893309381890048
1308864443909058560
1305079189784211712
1304776505323646976
1304718564977504512
1304705169578491904
1304530406189019136
1304493222060789760
1304048088349372416
1304044527876018176
1303808622997262336
1303784873115758592
1303782496786669568
1303782459881017088
1303782372387811328
1303782330084007936
1303774261576904704
1303595504249507840
1302359443015979008
1302303794936643584
1301240283103932416
1301226189051301888
1300785625659043840
1300554874405507072
1300551003771723776
1300388026430951424
1300385238137348096
1300149125451845632
1299972061545332736
1299496588193263616
1299484516642361088
1299481737152602112
1299480543961255936
1299478803723493376
1299476119368937472
1299471915627749376
1299471863266053888
1299468114397143040
1299381361736921088
1299313641813168128
1299313174093664512
1299312748145324032
1299035680694251520
1298997292960116736
1298997052701995008
1298225695806693376
1298021683513765888
1296167649752358912
1296063043667992576
1296040378068606976
1296038259580165888
1296030128854753280
1295828937218633728
1295447514104188928
1295439249651769088
1295395747400224768
1295272154339123200
1295108309826056192
1291422862142734336
1290024837474209792
1290021947187724288
1289669651866083328
1289641939558526976
1289259283826139136
1288954096750399488
1288944248776261632
1288866872335765504
1288865692117282816
1288824841190223872
1288761414497296384
1287787160872128512
1287491018321993728
1287436079348547584
1287105718869471232
1287060911388319488
1286762418027269888
1286749468570923008
1286712199084486912
1286563460222980096
1286418504149798912
1286410100740153088
1286387444380848128
1286385965397946368
1286300231034970112
1286266193704374272
1286218511371636736
1285962335094530048
1285925200031358976
1285827397254885376
1285821882571382784
1285712452181688320
1285711919291170816
1285694109265432576
1285652772071800832
1285633222387408896
1285624832659525632
1285305134608723968
1285101133242007552
1284959192915353600
1284929488929857536
1279062759821500416
1345640686935281664
1345232694804934912
1345022766752407552
1345021741224124416
1345021394921402368
1345021272800034816
1345021259525083136
1345021242575900672
1345021225400213504
1345021213152829440
1345021190868504576
1345021175349604352
1345020914715529216
1345020884747247616
1345020872491413504
1345020858901921792
1345020810830995712
1345020797597999104
1345020772557991936
1345020759115255808
1345020744313548800
1345020730224898048
1345020715590934528
1345020693604409088
1345020678957891584
1345020652512825088
1345020639816658944
1345020624046088192
1345020584447660032
1345020566844174336
1345020550758985728
1345020506903347200
1345020408869826560
1345020389316026368
1345020288346583040
1345020273456771072
1345020260152434688
1345020208738672640
1345020196675842048
1345020184248131584
1345020171468083200
1345020157819817984
1345020127113326592
1345020114371047424
1345020099946807296
1345019965418696704
1345019940835876864
1345019927263117312
1345019907054985216
1345019881465520128
1345019810506223616
1345019798116311040
1345019741698715648
1345019727421337600
1345019708647604224
1345019332384993280
1345019297425448960
1345012968094838784
1344968055370227712
1344968042661498880
1344967973900054528
1344557272492601088
1344557259494477824
1344557248446685184
1344557241286975488
1344557230046269440
1344557217983438848
1343114500778700800
1341332891222102016
1340398546831466496
1339817281879195648
1339817262975488000
1339817251273379840
1339817239625797632
1339817224358551552
1339817179865341952
1339817171380301824
1339817154384957440
1339817145048436736
1339817134441041920
1339817121509982208
1339817109761765376
1339817096230936576
1339817081722814464
1339817067969712128
1339817052220121088
1339817041189097472
1339817030141304832
1339817005478756352
1339816994183524352
1339816981550260224
1339816970183651328
1339816953557504000
1339816942719397888
1339816930308403200
1339816919256485888
1339816908749754368
1339816898775662592
1339816886599610368
1339816877732884480
1339816866206932992
1339816855993806848
1339816841255002112
1339816819759214592
1339816808275185664
1339816798405967872
1339816786980696064
1339816773068206080
1339816762343362560
1339816731716575232
1339816723181133824
1339816713630724096
1339816703035924480
1339816689983209472
1339816678738309120
1339816668311240704
1339816651932512512
1339816643342548992
1339816633137836032
1339816624988299264
1339816613793714176
1339816604570411008
1339816576036564992
1339816564535783424
1339816554771394560
1339816544243728384
1339816533233688576
1339816501663162368
1339816488744742912
1339816474198896640
1339816443328802816
1339816085848268800
1339497731484766208
1339497719220629504
1339497677080457216
1339497660034760704
1339497647221174272
1339497632444653568
1339497620696420352
1339497604363771904
1339497592691052288
1339497576421339136
1339497564819890176
1339497552354430976
1339497537108099072
1339497519496253440
1339497507194331136
1339497494766628864
1339497480866689024
1339497468761923584
1339497449895948288
1339497435983458304
1339497213056196608
1339497197881225216
1339497180252532736
1339497168969854976
1339497154491130112
1339497139135787008
1339497126557040640
1339497070307258368
1339497054473740288
1339497041265831936
1339497026883526912
1339496973997649920
1339496959414038528
1339496946260730112
1339496933660962816
1339496921296236288
1339496909476687872
1339496893269880832
1339496876274561024
1339496839809274112
1339496824588152832
1339496801666260992
1339496786239614976
1339496768019591168
1339496753595346944
1339496737254371328
1339496724214243328
1339496709475475712
1339496690995384320
1339496676592148480
1339496610879967232
1339496595553959936
1339496580030840832
1339496563253633024
1339496546510000128
1339496526201151488
1339496492294410240
1339476232564555776
1339258205726257152
1339216336300466176
1339209138048471040
1339186656612585472
1339186639839621120
1339186624509435904
1339186607484788736
1339186593421291520
1339186579563274240
1339186562366582784
1339186547803951104
1339186534596087808
1339186518620037120
1339186502266449920
1339186487158562816
1339186473292230912
1339186459790639104
1339186425674272768
1339186409744306176
1339186395487875072
1339186380979621888
1339186366593249280
1339186350835326976
1339186334615875584
1339186320418156288
1339186304853168128
1339186286758924288
1339186270929625088
1339186252902518784
1339186235840094208
1339186220723789824
1339186206630961152
1339186191015567360
1339186176918507520
1339186160761974784
1339186144152608768
1339186129531252736
1339186111881547776
1339186062367862784
1339186040062566400
1339186006537494528
1339185978146254848
1339185961729658880
1339185945686446080
1339185929144184832
1339185909506387968
1339185890095210496
1339185815465947136
1339185798260924416
1339185783345967104
1339185762374463488
1339184970821210112
1339184877783146496
1339184377599844352
1339183916561920000
1339168005377445888
1339080103976980480
1338881420211707904
1338881389022810112
1338881302985060352
1338880433614954496
1338880413775835136
1338880396415668224
1338880380263395328
1338880366627663872
1338880353537302528
1338880336349032448
1338880317336195072
1338880302228385792
1338880261170278400
1338880243998871552
1338880228488261632
1338880213321719808
1338880190106234880
1338880149673168896
1338880116076720128
1338880099710611712
1338880085026172928
1338880069889126400
1338880053929779200
1338879809326370816
1338879793765478400
1338879771602726912
1338879752619225088
1338879736026685440
1338879714757398528
1338879697288130560
1338879678568931328
1338879658205569024
1338879634692321280
1338879619718647808
1338879431478218752
1338865090624323584
1338865066272194560
1338865017815326720
1338864997548478464
1338864962370818048
1338864944129794048
1338864918586507264
1338864890396594176
1338864870020673536
1338864840484376576
1338864815767371776
1338864795617882112
1338864779465613312
1338864762814308352
1338864744753553408
1338864716148404224
1338864698675003392
1338864607872479232
1338864582354341888
1338745157378842624
1338383766608285696
1338383748761612288
1338383732055674880
1338383658810392576
1338383638367514624
1338383605714784512
1338383586983075840
1338383566850416640
1338383549699923968
1338383472478588928
1338383455802023936
1338383440648040448
1338383425753976832
1338383408439947264
1338383388907069440
1338383366807236608
1338383346297139200
1338383322683207680
1338383300793131008
1338383269428125696
1338383209306988288
1338383192336850944
1338383174972436480
1338383160720187392
1338383136607121408
1338383092361334784
1338383070089646080
1338383052918157312
1338383028587028480
1338383006961119232
1338382993203859712
1338382978179887104
1338382753830752512
1338382727184265216
1338382685723619328
1338382666673041408
1338382643763744768
1338382623887024128
1338382609001426944
1338382578034814976
1338382563363188736
1338382545675821056
1338382529984933888
1338382509814505472
1338382495264419840
1338382466130776064
1338382449416560640
1338382429283889152
1338382411546185728
1338382390411096064
1338382372388081664
1338382354402979840
1338381096992591872
1338381079657525248
1338381061965877248
1338381040604344320
1338381022975696896
1338380967124344832
1338380936224907264
1338380695044022272
1338380575896461312
1337808026678554624
1337807987314929664
1337686327836483584
1337686190061998080
1337686170596220928
1337686154141904896
1337686134101594112
1337686116317716480
1337662264304922624
1337605260005814272
1337604951112114176
1337604898209353728
1337604880618450944
1337604839891742720
1337604822300766208
1337604792391176192
1337604760841711616
1337604744437751808
1337604729841520640
1337604717527113728
1337604696803057664
1337604678440411136
1337604652704149504
1337604635952095232
1337604621855039488
1337604605056851968
1337604585045843968
1337604570424414208
1337604530209513472
1337604512266264576
1337604495061217280
1337604445530689536
1337604429235752960
1337604396813840384
1337604294841921536
1337604270191947776
1337479554563248128
1337479516709588992
1337479283950940160
1337479260668387328
1337479239336153088
1337479220977610752
1337479167055704064
1337479150903373824
1337479134549843968
1337479115797123072
1337479098470461440
1337479078190911488
1337479062827175936
1337479029000187904
1337479000969666560
1337478980732149760
1337478965490036736
1337478947366383616
1337478927028285440
1337478895780704512
1337478879934558208
1337478861622284288
1337478840143261696
1337478820639727616
1337478793087373312
1337478757410607104
1337478729593970688
1337478713680818176
1337478693288091648
1337478677496532992
1337478658504732672
1337478597875994624
1337478565005291520
1337478528045027328
1337478506717044736
1337322982327377920
1337322964069576704
1337281523431714816
1337281501629718528
1337281475658600448
1337281453013364736
1337281410378457088
1337281391277568000
1337281370872311808
1337281349414244352
1337281332834148352
1337281316451196928
1337281293973917696
1337281270531944448
1337281030865219584
1337280855778217984
1337280837587492864
1337280818604105728
1337280798806974464
1337280753630113792
1337280706989469696
1337280667688841216
1337280534846824448
1337280515766968320
1337280486025125888
1337280467599560704
1337280444413456384
1337280416559091712
1337280398057881600
1337280376146956288
1337280294714478592
1337280273826926592
1337280254709272576
1337280230927577088
1337280191752704000
1337280173746626560
1337280148584980480
1337280086727418112
1337280072206733312
1337280054234144768
1337280037767303168
1337280022315470848
1337280005735387136
1337279965956599808
1337279942137180160
1337279326031667200
1337279311162773504
1337279287691448320
1337279264731885568
1337279243433242624
1337279227012526080
1337279209983647488
1337279180556341248
1337279164022452224
1337279146137972736
1337279129050296320
1337279111413305088
1337279088822792192
1337279071991062528
1337279044778332160
1337278971151593472
1337278922770313216
1337278900116869120
1337278878633648128
1337278845372796928
1337278826188058624
1337278810107080704
1337278791211765760
1337278759523803136
1337278739143651328
1337268176946606080
1337268077843636224
1337266106587811840
1335133449896734720
1335132345268105216
1335132319988986112
1335132267467902976
1335132204268216320
1335132048961495040
1335131991713476608
1335131963171217408
1335131870984540160
1333627472504631296
1333627021050720512
1333626998544084992
1333626971918622720
1333626955321794560
1333626939119177728
1333626906437103616
1333626870018011136
1333626685296664576
1333626640795045888
1333626617307017216
1333626590891269888
1333626497815498752
1333626481453522944
1333626351690067968
1333626301404557312
1333626264989675520
1333626228406968320
1333626191207665664
1333626166696087552
1333626146487984128
1333626060982919168
1333625972034326528
1333625952811819008
1333625897946124288
1333625863917752320
1333625843940270080
1333625756149223424
1333625727770615808
1333625702105681920
1333625670245769216
1333625546719289088
1333625079519907840
1333625058661720064
1333625037916688384
1333624986247061504
1333624970866528512
1333624949488185088
1333624933247807488
1333624910342664192
1333624895570403328
1333624879237763072
1333624862120833024
1333624704293343232
1333624687952343040
1333624453155205120
1333624426764578816
1333624410427838464
1333624394728546304
1333624379826122752
1333624338688344064
1333624309617733632
1333624290189643776
1333624272246484992
1333624249358176512
1333624221134688512
1333624199122915328
1333624181762691072
1333624130122510336
1333624115354243072
1333624100804321280
1333624085071491072
1333624070097809408
1333624054004264960
1333624038850244608
1333624023020920832
1333624007028072448
1333623984915668992
1333623969795203072
1333623952464351232
1333623934697267200
1333623918645686272
1333623873716297728
1333623820649975808
1333265836547710976
1333265672420384768
1333265657547411712
1333265580124725248
1333265564584845312
1333265464160628736
1333265377078415360
1333265341871435776
1333265212334596096
1333265198325633024
1333265182517321728
1333265149977878528
1333265132378615808
1333265054725267712
1333265037868359680
1333265023075049472
1333264901100417024
1333264884671401984
1333264870708482048
1333264855688753152
1333264833484103680
1333264697815146496
1333264667913953280
1333264647869378560
1333264630454554624
1333264605313986560
1333264550473424896
1333264524162576384
1333264248512851968
1333264211624005632
1333264197023621120
1333264181051731968
1333263897122402304
1333263882006228992
1333263864717324288
1333263848565051392
1333263826742104064
1333263812485582848
1333263797923049472
1333263782748049408
1333263724942139392
1333263351045091328
1333263332959264768
1333263306543525888
1333263259772837888
1333263206324834304
1333263187379183616
1333263173269532672
1333263160502063104
1333263144559448064
1333263128780541952
1333263112930275328
1333263092545966080
1333263078952153088
1333263065702346752
1333263051257163776
1333262974350450688
1333262956705026048
1333262940963737600
1333262925910462464
1333262905605824512
1333262871774564352
1333262857203576832
1333262843504963584
1333262828174774272
1333262808771928064
1333262768829583360
1333262752949866496
1333262736998985728
1333262716010717184
1333262700231741440
1333262684461162496
1333262388766924800
1333262363206750208
1333262344076611584
1333262310786424832
1333262284748152832
1333262269476724736
1333262248966574080
1333261879989432320
1333261835936608512
1333261709377671168
1333261421128396800
1333261341696663552
1333149430179098624
1331461284282372096
1331461254968438784
1331461196013317888
1331461070255501312
1331120085180805120
1331119825075236864
1331119790765858816
1331119759635706112
1331119744561373184
1331119727134044160
1331119710713352192
1331119696100413440
1331119674126462976
1331119658724954112
1331119568866119680
1331119544379858944
1331119508451422208
1331119496132767488
1331119480383172608
1331119456001679360
1331119439895535616
1331119401844830208
1331119385109549056
1331119369372508160
1331119346874261504
1331119321649721088
1331119305145118720
1331119285289308160
1331119268302364672
1331119246873653248
1331119227370147840
1331119212027400192
1331119192570011648
1331119179517341696
1331119165172817920
1331119122697084928
1331119080410132480
1331119050295009280
1331119036395089920
1331119020549042176
1331119003973132288
1331118985841172480
1331118973572747264
1331118958016163840
1331118943059259392
1331118928211406848
1331118912755421184
1331118899249737728
1331118882036322304
1331118866806738944
1331118852202172416
1331118829674655488
1331118802734604288
1331118785483448320
1331118768425230336
1331118740700884992
1331118724728971264
1331118696497106944
1331118666830712832
1331118650259107840
1331118627689558016
1331118593971527680
1331118540301230080
1331118519438749696
1331118501977870336
1331118481790676992
1331118465395077120
1331118446340346112
1331118418272063488
1331118401331322880
1331118384554061824
1331118368879992832
1331118349217050624
1331118332142100480
1331118311120265216
1330874802844864512
1330818254940631040
1330817319401119488
1330817294835081216
1330817277969764352
1330817261733613568
1330817244495044608
1330817215793393664
1330817200316420096
1330817173275762688
1330817150018269184
1330817127327145984
1330817107056074752
1330817040769290240
1330817021693530112
1330817000587857920
1330816984293003264
1330816967876423680
1330816952823058432
1330816931952201728
1330816913941917696
1330816892316102912
1330816771784380416
1330816754810023936
1330816728977305600
1330816710400675840
1330816680902209536
1330816651340738560
1330816645498081280
1330816611276771328
1330816591618056192
1330816552569024512
1330816535749922816
1330816518385438720
1330816502359060480
1330816487221846016
1330816470608122112
1330816454179041280
1330816436089069568
1330816417978085376
1330816395169427712
1330816379184877568
1330816362474778624
1330816346049933312
1330816326651273216
1330816306204069888
1330816270686695424
1330816254618329088
1330816236121436160
1330816200742473728
1330816183734562816
1330816147478994944
1330816127065321472
1330816106332909568
1330816090948202496
1330816060166205440
1330816039819546624
1330816002922168320
1330815987839602688
1330815969560834048
1330815950766170112
1330815930897735680
1330815911842996224
1330815894239518720
1330815879056138240
1330815861691650048
1330815845023493888
1330815824639168512
1330815807362895872
1330815789717458944
1330815772898304000
1330815756267876352
1330815737192197888
1330815600831115264
1330815556723863552
1330815516961857536
1330815497592581888
1330815483071897600
1330815467590737920
1330815449932685312
1330815414872510464
1330815400490250240
1330815379799740416
1330815363072843776
1330815345033089024
1330815321582821376
1330815303715000320
1330815254989856768
1330815240297181184
1330815205559951360
1330815189760012288
1330815157803626496
1330815140942520320
1330814812696227840
1330814781712982016
1330814750603812864
1330814729124782080
1330814709587714048
1330814647470002176
1330814629761708032
1330814516750323712
1330814501562802176
1330814482533249024
1330814465219174400
1330814446583881728
1330814429118803968
1330814413570535424
1330808779609399296
1330808733849489408
1330808717793779712
1330808698038530048
1330808680246292480
1330808662001131520
1330808622247501824
1330808584024821760
1330808565100064768
1330808537891614720
1330808509575933952
1330808509135544320
1330808417632522240
1330808401266434048
1330808400557568000
1330808368538193920
1330808218487054336
1330808178053967872
1330808138308722688
1330808121183391488
1330808116489949184
1330808116477386752
1330577420039155712
1330355823021797376
1330220914651394048
1329897006874169088
1329896986900881408
1329896958765445120
1329896930185523200
1329896911516684288
1329896894919831552
1329896878251667712
1329896862560686080
1329896824891731968
1329896805149106176
1329896784089538560
1329896767522033664
1329896751990501376
1329896738530975488
1329896724278747136
1329896707270782976
1329896689080168448
1329896499187212288
1329896480363130880
1329896456908644352
1329896405872291840
1329896389279617024
1329896374343708672
1329896360439582720
1329896346841731072
1329896332874686464
1329896317439647488
1329896303317356288
1329896288394108928
1329896272715714560
1329896255183581184
1329896189806989312
1329896173071708160
1329896156332167168
1329896142155419648
1329896127227949056
1329896111860043776
1329896076615299072
1329896049452994560
1329896032499617792
1329896018457092096
1329896002174787584
1329895987960221696
1329895971682136064
1329895956599500800
1329895942221410304
1329895925628669952
1329895910780887040
1329895896604143616
1329895882280603648
1329895866073747712
1329895828589309952
1329895804165885952
1329895787426406400
1329895770431098880
1329895752903122944
1329895735823884288
1329895714390990848
1329895699308306432
1329726901439651840
1329726885887160320
1329726869466472448
1329726833781248000
1329726818463657984
1329726803997495296
1329726787895652352
1329726773165166592
1329726752869019648
1329726735521288192
1329726719394275328
1329726703036493824
1329726686104006912
1329726666256621568
1329726648426635264
1329726613920116736
1329726579690401792
1329726561579388928
1329726541941661696
1329726526078717952
1329726509033132032
1329726482936164352
1329726464552562688
1329726448589008896
1329726432801681408
1329726419879030784
1329726391437430784
1329726375801073664
1329726356624695296
1329726337804869632
1329726321048612864
1329726307299684352
1329726292598591488
1329726276505100288
1329726260482871296
1329726243529428992
1329725312440164352
1329725288264110080
1329725272510357504
1329725208526286848
1329725186443251712
1329725165614362624
1329725133049782272
1329725116784193536
1329725097071030272
1329725047813136384
1329725034382954496
1329725003202441216
1329724987478069248
1329724970038071296
1329724954909306880
1329724939742687232
1329724916963418112
1329724885145415680
1329724867852251136
1329724847367335936
1329724814819520512
1329724798717620224
1329724781814558720
1329724766111064064
1329724749736456192
1329724733919735808
1329724689732792320
1329724673165307904
1329724658015493888
1329724642714587136
1329724625698304000
1329724582840905728
1329724558782369792
1329724337809715200
1329724318415261696
1329724302615318528
1329724286786019328
1329724269685772288
1329724012239466496
1329723978286555136
1329723958791446528
1329723940919513088
1329723923802501120
1329723899219685376
1329723874909560832
1329723856551092224
1329723835302735872
1329723816310878208
1329723776674754560
1329723759641628672
1329723741861982208
1329723605324869632
1329351827381493760
1329268744296816640
1329268718623485952
1329268621181407232
1329268431745593088
1328969281443401728
1328969251466645504
1328969237180911616
1328969221666201600
1328969190288613376
1328969173293277184
1328969156599934976
1328969139780718592
1328969104196313088
1328969054401556480
1328968970448351232
1328968951213252608
1328968934394122240
1328968917272948736
1328968901342998528
1328968882619617280
1328968777321635840
1328968759051227136
1328968743020601088
1328968615308169216
1328968568604647424
1328968458160238592
1328968414732431360
1328968395715469312
1328968341743165440
1328968323481079808
1328968222146748416
1328968205386330112
1328968183517220864
1328968170162499584
1328968156547862528
1328968142706585600
1328968126747258880
1328967984136806400
1328967968764682240
1328967898489106432
1328967880499671040
1328967864402010112
1328967848312581888
1328967830948208640
1328967774945882112
1328967735309717504
1328967700652171264
1328967662047780864
1328967631181901824
1328967614916419584
1328967597333884928
1328967573480878080
1328967556212912128
1328967539993489408
1328967227631149056
1328967159154962432
1328967140301565952
1328967124832882688
1328967073498869760
1328966692152745984
1328966659982364672
1328966603204157440
1328966578734559232
1328966577220440064
1328966544358068224
1328966482500444160
1328966445158576128
1328966429689999360
1328966411302166528
1328966396374560768
1328966378666209280
1328966357585715200
1328966339692728320
1328966312547266560
1328966295010807808
1328966277478686720
1328966249989214208
1328966215805640704
1328966179059359488
1328966161187397632
1328966141394505728
1328966121849049088
1328966106539765760
1328966092635713536
1328966079306194944
1328966064978407424
1328966051527331840
1328966037220569088
1328966023123505152
1328966010284744704
1328965993834680320
1328965980819759104
1328965967406313472
1328965951291797504
1328965936825692160
1328965923080957952
1328965908614815488
1328965893846691840
1328965878524866560
1328965862074834944
1328965844517392384
1328965826192478208
1328965810149355520
1328965794584211712
1328965779337961472
1328965764666314752
1328965748300128512
1328965731954925568
1328965716297601024
1328965398037934080
1328965380866510848
1328965362679996416
1328965341783990272
1328965321332580352
1328965300109406208
1328964959280238592
1328964928615674112
1328908493630410752
1328698617612341248
1328544184383516672
1328450294351613952
1328450257655619584
1328351645894324224
1328351630442582016
1328351612604182528
1328351596770697216
1328351577833410560
1328351541951164416
1328351520807596032
1328351506236666112
1328351471763664896
1328351426289004288
1328351410459701248
1328351395553161216
1328351373721808896
1328351312975638528
1328214858991591424
1328214830067707904
1328207605286785024
1328207413011484672
1328196911317311488
1328196150105665536
1328196081776291840
1328073656199680000
1328073639867060224
1328073622146195712
1328073603443814400
1328073587274764288
1328073492915482624
1328073477971120128
1328073460355108864
1328073305132331008
1328073280939585536
1328073263851909120
1328073247221571584
1328073229483843584
1328073206943674368
1328073187142340608
1328073163096420352
1328073127021129728
1328073111107997696
1328073074290384896
1328073057425121280
1328073039548981248
1328073016639623168
1328072956854083584
1328072844601864192
1328072827153604608
1328072810607095808
1328072795532767232
1328072772552110080
1328072755774951424
1328072737009659904
1328072720341495808
1328072702410838016
1328072681246298112
1328072647436095488
1328072534508580864
1328072506247352320
1328072490359418880
1328072449083248640
1328072261509771264
1328072243604287488
1328072227670122496
1328072203720601600
1328072176411533312
1328072158225043712
1328072117414486016
1328071865198399488
1328071847087398912
1328071809078595584
1328071790279725056
1328071767303315712
1328071715738562560
1328071696532856832
1328071679025827840
1328071496636510208
1328071477506215936
1328071460401897472
1328071430190231552
1328071414348443648
1328071397059534848
1328071380269719552
1328071362938802176
1328071331804536832
1328071313924251648
1328071295821549568
1327669922453999616
1327456357725990912
1327338890898927616
1327186495925530624
1326907336858984448
1326906288358436864
1326906271203778560
1326906253759684608
1326906213636984832
1326906198520684288
1326906179855978496
1326906155449397248
1326906120657629184
1326906103968526336
1326906084129447936
1326906068828639232
1326906053666205696
1326906036222107648
1326906016928329728
1326905994446860288
1326905812070113280
1326905797016772608
1326905775835521024
1326905760291414016
1326905741186359296
1326905685393731584
1326905665139433472
1326823239293804288
1326763166399946752
1326763117649534976
1326762458221064192
1326762443272499200
1326762405687390208
1326762389593788416
1326762369557667840
1326762323751661568
1326762305191882752
1326762283943555072
1326762243292360704
1326762223499403264
1326762206390837248
1326762122676752384
1326762104959938560
1326762091181649920
1326762071103516672
1326762054418653184
1326762000471486464
1326761975339225088
1326761961741295616
1326761945828090112
1326761923464089600
1326761903465631488
1326761886680018944
1326761868850028288
1326761850856476672
1326761831789158400
1326761701165895680
1326761646279307264
1326761595935059968
1326761577983471616
1326761557070671872
1326761540125659136
1326761512208375808
1326761496114827264
1326761434001379328
1326761413898096640
1326761393362767872
1326761340191518720
1326761321942147072
1326761307736055808
1326761274194194432
1326761256074801152
1326761241134698496
1326761204686196736
1326761188122906624
1326761168116076288
1326761149782691840
1326761129855639552
1326761116110893056
1326761095785230336
1326761078714470400
1326761063061319680
1326761048423223296
1326761032933642240
1326761019578970112
1326761005704237056
1326760989493256192
1326760970522406912
1326760955355738112
1326760941082595328
1326760919687426048
1326760905040932864
1326760884245557248
1326760868550479872
1326760849348890624
1326760834031345664
1326760812392947712
1326760797029150720
1326760738925522944
1326760722802630912
1326760707363364864
1326760659158249472
1326760642108338176
1326760524697243648
1326758347744423936
1326380123533275136
1326380111973797888
1326379986123694080
1326379527799496704
1326379509113905152
1326379489857826816
1326379475123265536
1326379461978304512
1326379448783036416
1326379430550364160
1326379417258651648
1326379398887518208
1326379385339977728
1326379372123738112
1326379352632807424
1326379331392856064
1326379311104974848
1326379292385808384
1326379278636814336
1326379257325555712
1326379242037325824
1326379224886890496
1326379018761989888
1326379002978840576
1326378985824145408
1326378966970748928
1326378954031308800
1326378927951130624
1326378912780259328
1326378895260741632
1326378882090594304
1326378867506999296
1326378832023216128
1326378811492085760
1326378780248641536
1326378741472370688
1326378717166391296
1326378658852970496
1326378639018119168
1326378624258289664
1326378604486402048
1326378589869248512
1326378566871900160
1326378547209007104
1326378531325140992
1326378512438206464
1326378495010856960
1326378480267907072
1326378465172578304
1326378446331711488
1326378426043863040
1326378404657115136
1326378387309522944
1326378146208354304
1326082133086113792
1325795586537365504
1325490898491351040
1325369915021389824
1325340337276121088
1325340282225881088
1325340183236128768
1324958814395904000
1324958797769617408
1324958781877444608
1324958766023012352
1324958734620233728
1324958682795413504
1324958646174937088
1324958620455493632
1324958440180097024
1324958420919840768
1324958404847267840
1324958385670934528
1324958364963631104
1324958350770102272
1324958311444344832
1324958295946387712
1324958281127878912
1324958261548871680
1324958239788855296
1324958224949403648
1324958208314781696
1324958193232064512
1324958172700954624
1324958149925888000
1324958132125184000
1324958095290806272
1324958079595798528
1324958063200235520
1324958047605755904
1324958028429463552
1324957955318550528
1324957933403299840
1324957906857549824
1324957888977264640
1324957860296593408
1324957841518637056
1324957822627491840
1324957804407484416
1324957772698546176
1324957744303124480
1324936732790427648
1324799307220963328
1324799288409526272
1324799268864053248
1324799246177046528
1324799228443578368
1324799210504527872
1324799192309682176
1324798942702391296
1324798925287661568
1324798909080870912
1324798893197066240
1324798876096827392
1324798859160231936
1324798840747249664
1324798801970941952
1324798785835458560
1324798768072577024
1324798748803956736
1324798732882350080
1324798696953970688
1324798677190348800
1324798657850417152
1324798640582500352
1324798625176834048
1324798607082561536
1324798581434425088
1324798559078809600
1324798543022956288
1324798527872987136
1324798512131964928
1324798494129967104
1324798472231522304
1324798456439934976
1324798440665219072
1324798422772256768
1324798405286207488
1324798384436379648
1324798367269068800
1324798348117843968
1324798321471430912
1324798293273120768
1324798270519054336
1324787842409746432
1324787361159520512
1324787340682928128
1324787323251396608
1324787303970230272
1324787286450593792
1324787272038961152
1324787253273657088
1324787225473830912
1324787198990950400
1324787142263005184
1324787123296391168
1324787086218678272
1324787032477097984
1324787013187502080
1324786996833853440
1324786958355357696
1324786928701550592
1324786911404302336
1324786892848701440
1324786871935918080
1324786855603220480
1324786831959986176
1324786796341972992
1324786779363430400
1324786762498146304
1324786724996874240
1324786710157365248
1324786687227080704
1324786668285644800
1324786624417378304
1324786606407098368
1324786575553797888
1324786560466849792
1324786544239091712
1324786529609371648
1324786513868148736
1324786495044132864
1324786477910396928
1324786461682663424
1324786447631745024
1324786433643655168
1324786415813730304
1324786402186481664
1324786387829346304
1324786374424317952
1324786339808727040
1324786326483468288
1324786311006507008
1324786279947579392
1324786261576568832
1324786185475100672
1324786171113803776
1324786151153164288
1324786136024260608
1324786120912240640
1324786108081885184
1324786091459837952
1324786078927245312
1324786062372278272
1324786049168613376
1324786036464099328
1324786021981192192
1324786006726451200
1324785994110033920
1324785980176506880
1324785964460498944
1324785950656995328
1324785935771455488
1324783064975843328
1324782913028788224
1324782631679086592
1324782114701778944
1324781915057041408
1324781373572395008
1324623654035050496
1324623636058279936
1324623619318796288
1324623568496398336
1324623556282634240
1324623533776003072
1324623518995271680
1324623503421747200
1324623478398636032
1324623460371484672
1324623405254103040
1324623383808659712
1324623368604340224
1324623347704078336
1324623314342563840
1324623292267974912
1324623277713739776
1324623214140600320
1324623199196319488
1324623184105230336
1324623165541224448
1324623140866195712
1324623105579515904
1324623086314991616
1324623069827223552
1324623043075952640
1324622918597464064
1324622900524187648
1324622870664876032
1324622852025438208
1324622837387284480
1324622817443356672
1324622803723837440
1324622758198861824
1324622742549897216
1324622728805179392
1324622645166485504
1324622630759051264
1324622615999373312
1324622565139194112
1324622401137741824
1324622379230912512
1324622359605760000
1324622339989032960
1324622146992300032
1324576328260165632
1324428311267889152
1324428279034662912
1324359325977071616
1324280647943409664
1324093817126031360
1324093477307797504
1324093460140511232
1324093440452366336
1324093400640114688
1324093383770542080
1324093369686130688
1324093353596719104
1324093336379101184
1324093321338302464
1324093301075660800
1324093282855604224
1324093264148992000
1324093247120133888
1324093194917863424
1324093165838737408
1324092728968437760
1324092712556089088
1324092694256378112
1324092676740915200
1324092658223034368
1324092637033517056
1324092594889129984
1324092580657876992
1324092565864517632
1324092553629675520
1324092536969900032
1324092518502408192
1324092491461701632
1324092474512605184
1324092455285854208
1324092418434674688
1324092385031323648
1324092362210086912
1324092335005851648
1324092320539648000
1324092300847448064
1324092281713008640
1324092267406217216
1324092252373790720
1324092215874957312
1324092198686806016
1324092180357652480
1324092166067675136
1324092151718961152
1324092123071893504
1324092107804598272
1324092093669789696
1324092075084783616
1324092059213549568
1324092041400360960
1324092025524944896
1324091758653902848
1324091741226602496
1324091725116309504
1324091704224395264
1324091685048123392
1324091635332952064
1324091611601658112
1324091593188663296
1324091580823838720
1324091566705827840
1324091553082712064
1324091538666885120
1324091495750815488
1324091479057440768
1324091463962079232
1324091445465272320
1324091429338185728
1324091412065996800
1324091023103037440
1324091006095151104
1324090958468833280
1324090941964193792
1324090926046842880
1324090895008964608
1324090877892038912
1324090861890768896
1324090846409560064
1324090817414369280
1324090805573898240
1324090763643396096
1324049585665384448
1324049179979718912
1324049157473116160
1324049118633873408
1324048860323471360
1324048179285970944
1324047660639227904
1323952171134701568
1323952126616314112
1323952096467685376
1323952069565440000
1323952044718362624
1323952021523910912
1323951954196877312
1323951858378047488
1323951841202348032
1323951825779888128
1323951807631138816
1323951785766256640
1323951734641860608
1323951709899677696
1323951693848055808
1323951357695545088
1323951340985503488
1323951324472451072
1323951279685730304
1323951263944499200
1323951247825768448
1323951142536126464
1323951127013040128
1323951109766057984
1323951094461042688
1323951078988283904
1323951063003791360
1323951046759251968
1323951030506344448
1323950838512046080
1323950822200401920
1323950805934891008
1323950787270266880
1323950762490212352
1323950747105591296
1323950732924649472
1323950666889547776
1323950651701923840
1323950632626171904
1323950610652237824
1323950454863286272
1323950439281381376
1323950423259156480
1323950406402220032
1323950391927705600
1323950377247670272
1323950356448104448
1323950339045892096
1323950305617260288
1323950289548955648
1323950273295982592
1323950255700955136
1323950228601524224
1323950195759968512
1323950177376440320
1323950088448806912
1323950005045047296
1323949987944947712
1323949972774129664
1323949934111039488
1323949900468465664
1323949884505051136
1323949850770198528
1323949850745098240
1323949817010262016
1323949799083790336
1323949780129796096
1323949763105116160
1323949746520837888
1323949268810551296
1323949213332475904
1323949196907548672
1323949171662082048
1323948909828444160
1323838943490678784
1323838926516269056
1323838904190046208
1323838867208896512
1323838812842299392
1323838795251355648
1323838771658477568
1323838753761304576
1323838735272841216
1323838596332298240
1323838578909155328
1323838558537482240
1323838531698085888
1323838509728280576
1323838202344603648
1323837889227141120
1323687220369334272
1323686788414775296
1323686770064695296
1323686742248034304
1323686719913398272
1323686570147401728
1323686537729581056
1323686514786738176
1323686477281267712
1323686451557654528
1323686417780920320
1323686371236536320
1323686355973640192
1323686339238371328
1323686316631068672
1323686289250594816
1323686251455684608
1323686220862468096
1323686194497101824
1323686128470364160
1323686097864503296
1323685978213654528
1323685953572085760
1323685935893065728
1323685920227446784
1323685898840641536
1323685883493654528
1323685663682821888
1323685607080681472
1323685579763208192
1323685559299178496
1323685542802923520
1323685511735709696
1323685494148997120
1323685472695132160
1323685456622604288
1323685439954391040
1323685415111610368
1323685376230363136
1323685286979768320
1323685251420475392
1323685231828885504
1323685189000732672
1323685166888505088
1323685142402138112
1323685050160996352
1323685004610777088
1323684987384844288
1323684971576500224
1323684935551647488
1323684917558083584
1323684870841901056
1323684829532168192
1323684783235452928
1323684763522207488
1323684738197053440
1323684718798381056
1323684702528614400
1323680640320110592
1323679749970006016
1323559244151640064
1323538059577753600
1323508933261201408
1323508915397664768
1323508896992997376
1323508857545568512
1323508839795302400
1323508816223371264
1323508796627525632
1323508765287714816
1323508746950189056
1323508729036361728
1323508702159273984
1323508667644366848
1323508589147918336
1323508553529909248
1323508534659764224
1323508511498772480
1323508493199020032
1323508460584132608
1323508429512736768
1323508407681355776
1323508380863004672
1323508364630962176
1323508347996438528
1323508325393334272
1323508307928166400
1323508289775259648
1323508273065168896
1323508256053092352
1323508235828154368
1323508217578688512
1323508154848759808
1323508136620293888
1323508121713680384
1323504266217168896
1323504217852694528
1323504022045839360
1323276076538384384
1323275800955801600
1323256548790067200
1323256066663157760
1323256045427445760
1323256027719094272
1323255929710792704
1323255915311730688
1323255898547101696
1323255883976134912
1323255863742705664
1323255847473041408
1323255829143916288
1323255812568080384
1323255796592005120
1323255780934619136
1323255764253892608
1323255739352293376
1323255724433092608
1323255708763258880
1323255693420437504
1323255664160944128
1323255636541526016
1323255597228314624
1323255562889547776
1323255546829541376
1323149232832978944
1323149032030720000
1323124703859482624
1323123789874552832
1323123562748747776
1323123549486370816
1323111656457670912
1323111628175527936
1323111594910469888
1323111576061333504
1323111558545838080
1323111537553346560
1323111518230269952
1323111487628595200
1323111480183672832
1323111480104017920
1323111434025422848
1323111416451211264
1323111396284993536
1323111395496513536
1323111329553698816
1323111306287861760
1323111288030068736
1323111270409773056
1323111250260348928
1323111227283902464
1323111203682607104
1323111160149954560
1323105582480560128
1323105526864072704
1323105507641594112
1323105489392148480
1323105472988254208
1323105455959363584
1323105440587198464
1323105406277869568
1323105366977204224
1323105339781324800
1323105323876536320
1323105285976837888
1323105270650839040
1323105254351785984
1323105240959373312
1323105224190533632
1323105207539113984
1323105191026139136
1323105172466372608
1323105156968419328
1323105140182863872
1323105119647506432
1323105101934927872
1323105083580682240
1323104883692707840
1322922598498476032
1322922502402748416
1322831028034088960
1322830575749783552
1322829869382803712
1322828698328961024
1322749773900861440
1322749112350068736
1322749053856305152
1322749026719203328
1322748932770902016
1322748884326752512
1322748852009684992
1322748808405655552
1322748772968026112
1322746424094871552
1322746170251333632
1322746145483927552
1322746120469127168
1322746090261721088
1322746024864157696
1322745742503612416
1322745723851542528
1322745666951696384
1322745646873481216
1322745627734904832
1322745609527480320
1322745593240965120
1322745576241463296
1322745505219305472
1322745408595152896
1322745389502681088
1322745346557124608
1322745329498861568
1322745311010426880
1322745293327261696
1322745272053747712
1322745176381599488
1322745157612150784
1322745133578788864
1322745106332585984
1322745087630151680
1322745065375236096
1322745038191943680
1322745011071553536
1322744992872411136
1322744933636341760
1322744915244290048
1322744823678382080
1322744805324107776
1322744788152655872
1322744766757539840
1322744743823085568
1322532543850336512
1322465859185610752
1322465835877867520
1322465796006793216
1322465777992323072
1322465755330478080
1322465720312176640
1322465703652372480
1322465589168901888
1322465574501449728
1322465556373622784
1322465510529896448
1322465492314005504
1322465476707000320
1322465459581652992
1322465444004044800
1322465427805605888
1322465410059542528
1322465394288926720
1322465377801146368
1322465362554793984
1322465347056865280
1322465328769732608
1322465281927766016
1322465261090426880
1322465238810267648
1322465216991547392
1322465200398807040
1322465184510869504
1322465169621004288
1322465154592768000
1322465136368668672
1322465098007515136
1322465045280919552
1322465021268496384
1322465000091516928
1322464985088405504
1322464965190733824
1322464948728090624
1322464900904554496
1322464885243084800
1322464867442397184
1322464850539356160
1322464834416500736
1322464817450520576
1322464799347908608
1322464782277103616
1322464736764723200
1322464709082271488
1322464692632276992
1322464654862487552
1322464638278144000
1322464608746131712
1322464570418540288
1322464162329567232
1322464100761378816
1322464069278932992
1322464044465430528
1322464022688600064
1322463998340681728
1322463973153931264
1322463948407492608
1322463922302189568
1322463899904520192
1322463870150184960
1322463764000743424
1322463725824204800
1322463693519659008
1322463662628577280
1322463630705778688
1322463594680930304
1322463545049702400
1322463518143164416
1322463494336335872
1322463456117837824
1322152006967005184
1322113871193264128
1322113854717964288
1322113838804815872
1322113767732379648
1322113750812577792
1322113736442859520
1322113720739340288
1322113703685345280
1322113688074096640
1322113662337863680
1322049062531727360
1322048630086394112
1322048596255117312
1322048581344366592
1322048547248873472
1322048467754274816
1322048428516532224
1322048408291561472
1322048372719656960
1322048354914893824
1322048333653880832
1322048306919448576
1322048290179981312
1322048269309140992
1322048253492371712
1322048205140430848
1322048191295094784
1322048142389501952
1322048128288251904
1322048090908421888
1322048076777984000
1322048058801201152
1322048044142125056
1322048029831139328
1322048015520157696
1322047996280930304
1322047977821773824
1322047962361548800
1322047939091566592
1322047896078921728
1322047868342030336
1322047852684759040
1322047839770349568
1322047826906460160
1322047813279195136
1322047781012443136
1322047767162855424
1322047747411816448
1322047732090081280
1322047714855735296
1322047696270753792
1322047675970322432
1322036666282946560
1321813102954950912
1321813065332105216
1321813045941862400
1321813028606779392
1321813006574063616
1321812933173719040
1321812914391625728
1321797418850177024
1321787183079063552
1321787036362301440
1321786980980711424
1321786963226222592
1321786945442357248
1321786889674903552
1321786873182855168
1321786856548245504
1321786821672579072
1321766020831465472
1321765990347276288
1321765961570131968
1321765930523918336
1321765831928389632
1321765807899201536
1321765790891315200
1321765762944638976
1321765746540761088
1321765728408739840
1321765690555141888
1321765673773785088
1321765657311137792
1321765617419116288
1321765601619136512
1321765586825826304
1321765566848389120
1321765460942245888
1321765441665175552
1321765381409808384
1321765352691433472
1321765331950571520
1321765302170955776
1321765267555364864
1321765233757687808
1321765195094675712
1321765174873829376
1321764786263232512
1321764765878857728
1321764722463645696
1321764705774510080
1321764684383608832
1321764669300899840
1321764642985775104
1321764619468374016
1321764583976173568
1321764563017211904
1321764510982688768
1321764457475964928
1321764411913195520
1321764368699265024
1321764353356554240
1321764291884814336
1321764269776666624
1321764252928147712
1321764234561265664
1321764180593168384
1321764162972848128
1321764133335756800
1321764115942121472
1321764101803122688
1321764081540435968
1321764063911829504
1321764042235645952
1321764021243170816
1321763976200540160
1321343456254533632
1321342998848905216
1321342931559534592
1321342897640361984
1321342883128102912
1321342862747934720
1321342848680288512
1321342833090039808
1321342818397409280
1321342792816300032
1321342751624073216
1321342731055235072
1321342714454167552
1321342696586416128
1321342678093713408
1321342636561731584
1321342619134418944
1321342589912653824
1321342565724160000
1321342548129054720
1321342463320215552
1321341262453157888
1321341241288806400
1321080900478783488
1321080680911089664
1321080648967344128
1321080629614780416
1321080609863852032
1321080588791652352
1321080573033590784
1321080554696118272
1321080515533918208
1321080501055217664
1321080486320549888
1321080452841656320
1321080438471987200
1321080417362075648
1321080398944849920
1321080382742241280
1321080366111821824
1321080349963751424
1321080331441786880
1321080316057079808
1321080268212547584
1321080234112962560
1321080175501692928
1321080155708805120
1321080138130477056
1321080120988389376
1321080104899039232
1321080087983411200
1321080069503307776
1321080052503748608
1321080036091416576
1321080018982834176
1321079997285752832
1321079970349912064
1321079952532557824
1321079936015368192
1321079903782113280
1321079885956325376
1321079863302934528
1321079844126547968
1321079825268908032
1321079804419018752
1321079784751964160
1321079755526049792
1321079673833533440
1321079654770499584
1321079579365285888
1321079557789810688
1321079499883249664
1321079479876362240
1321079104221913088
1321079063872753664
1321079045409460224
1321079028405669888
1321079008688308224
1321078987217653760
1321078970071322624
1321078884981444608
1321078867726131200
1321078849455706112
1321078822557593600
1321078799828738048
1321078782707585024
1321077287572439040
1320950343036010496
1320779521130434560
1320779519721152512
1320779519603728384
1320779511223517184
1320779503518556160
1320766915548205056
1320766896208269312
1320766819230240768
1320766494972796928
1320766438760714240
1320766420393799680
1320766385455333376
1320766292572471296
1320766241678778368
1320766023595892736
1320765910362263552
1320765888170201088
1320683285840887808
1320683271760547840
1320683248775794688
1320683230446714880
1320683213589794816
1320683194866376704
1320683179662053376
1320683156949864448
1320683137714802688
1320683115455619072
1320683092873535488
1320683064876507136
1320683023923351552
1320682960794898432
1320682940171431936
1320682923041968128
1320682906176622592
1320682888988381184
1320682803479150592
1320682485240471552
1320682460670234624
1320682328310636288
1320682212195487488
1320681971182411776
1320681952429678592
1320681911719743488
1320681889523519488
1320681872398188288
1320681832166445056
1320681734007103488
1320681681385304064
1320681666143260672
1320681619007700992
1320681389092646912
1320624241952362496
1320448810695405568
1320448340774002688
1320448279021293568
1320417819503349760
1320417699923714048
1320417326680969216
1320398777128288512
1320398759650525184
1320398738586767360
1320398722451333120
1320398703111380992
1320398685721776128
1320398633603387392
1320398616020815872
1320398599201705984
1320398582646738944
1320398565491998720
1320398549977354240
1320398526652780288
1320398502468460288
1320398486517522432
1320398465281786112
1320398449045610496
1320398403856191488
1320398386466533376
1320398371950047232
1320398354338242560
1320398338303414272
1320398322507698176
1320398306296594432
1320398267000258560
1320398245797965824
1320398227905142784
1320398213699018752
1320398199119597568
1320398163774234624
1320398148557221888
1320398131201232896
1320398107255996416
1320398028902105088
1320397978687934464
1320397964540522496
1320397950036697088
1320397933368479488
1320397910878584832
1320397896165003264
1320397880755191808
1320397860366667776
1320397845837602816
1320397831870578688
1320397758814162944
1320397742489861888
1320397727398793216
1320397712618127360
1320397697082220288
1320397679915110400
1320397656976478208
1320397619424858112
1320397602748272640
1320397585480323072
1320397561941942272
1320397542904025088
1320397527938715648
1320397507315326976
1320397472779411712
1320397456664907776
1320397439858245632
1320397405288910848
1320397380110458880
1320397364239257600
1320397330625986560
1320397094197383168
1320397077076152320
1320397058990313472
1320397038803144704
1320397021195415552
1320396990103027712
1320396936525041664
1320396914936942592
1320396891402752000
1320396864978640896
1320396842702671872
1320396828513325056
1320396812423921664
1320396790689091584
1320396689082077184
1320396667858931712
1320396648275759104
1320396631506812928
1320396598539681792
1320396570593026048
1320396553681448960
1320396536665300992
1320396521754533888
1320396498576826368
1320396481019432960
1320396462929399808
1320396445229502464
1320396424509607936
1320396308016992512
1320396290975563776
1320396273661431808
1320396239301738496
1320396222805540864
1320396194909126912
1320396178446536704
1320396160817893376
1320396141721157632
1320396118191185920
1320396099396534272
1320396083281989632
1320396068014653440
1320396044862213888
1320396027443163136
1320396007616749568
1320208122275913728
1320208081603670016
1320208008727711488
1320096327003443200
1320088180121534464
1319894936796467200
1319727624982245376
1319722126929285120
1319722084638068736
1319722051901493248
1319722009685872640
1319721936373665792
1319721882531364864
1319721777480781824
1319721740533194752
1319721655141343232
1319721633226121216
1319721602200817664
1319721584798650368
1319721566922563584
1319721550958964736
1319721535045799936
1319721516653740032
1319721493387948032
1319721476745027584
1319721452682334208
1319721387666309120
1319721361024090112
1319721325133504512
1319721297975402496
1319721254111399936
1319721220242288640
1319721173874331648
1319721127946629120
1319721111613997056
1319721076264415232
1319721051618709504
1319720767802793984
1319720742217519104
1319720655663877888
1319720639792558080
1319720620201041920
1319720590153031680
1319720575531667712
1319720559706517504
1319720493507858432
1319720460280565760
1319720438860218368
1319720410976497664
1319720391418535936
1319720372648935424
1319720351249666048
1319720333918732288
1319720312930447360
1319720297881284608
1319720280286220288
1319720264100401152
1319720239534379008
1319720221859598336
1319720204662878208
1319706417289400320
1319705544538587136
1319705288778436608
1319704606012805120
1319704025495949312
1319704006613209088
1319703975973801984
1319703956512268288
1319703940427022336
1319703924706824192
1319703884030484480
1319703866632556288
1319703849964371968
1319703833384263680
1319703819429793792
1319703803055177728
1319703746587361280
1319703724789518336
1319703695584526336
1319703675288301568
1319703656002949120
1319703408228638720
1319703390121791488
1319703352347889664
1319703336132726784
1319703309171777536
1319703291132059648
1319703262464016384
1319703243967156224
1319703224849412096
1319703206553845760
1319703177181220864
1319703157136629760
1319703136475484160
1319703090321379328
1319703015973097472
1319702996591255552
1319702979327438848
1319702946343510016
1319702920351436800
1319702789593890816
1319702694894931968
1319702672149282816
1319702653551759360
1319702634798907392
1319702594206519296
1319702546886348800
1319702487834701824
1319702367902760960
1319702335547973632
1319702317134991360
1319702214202589184
1319701890251300864
1319701842037755904
1319701820013424640
1319701802065997824
1319701780222124032
1319701765160390912
1319701749163327488
1319701731735908352
1319701697502105600
1319701672667512832
1319701641969487872
1319701621203402752
1319701605118300160
1319701572042055680
1319701501690916864
1319701477829545984
1319701454521774080
1319701437409038336
1319701081534963712
1319701035552833536
1319700999045603328
1319700709647044608
1319700690059644928
1319700643808989184
1319700620010528768
1319700595700387840
1319700549051273216
1319700529254195200
1319700508941090816
1319625524814221312
1319491000243453952
1319490902566592512
1319490498902589440
1319324606612852736
1319236438207201280
1319231210959310848
1319212025889902592
1319211940640657408
1319209986115895296
1319209964083269632
1319209936463798272
1319209914397560832
1319209889244340224
1319209869229031424
1319209814405353472
1319209688576261888
1319150139026624512
1319149989650682112
1319149871509786624
1319149834138419200
1319149816413409280
1319149794271645696
1319149778660372480
1319149755340083200
1319149736880996352
1319149698180153088
1319149679611940864
1319149661714866176
1319149637308207104
1319149619490717696
1319149600566030336
1319149583436492800
1319149566806183936
1319149549538205696
1319149533964754944
1319149512238243840
1319149437583826944
1319149415144296448
1319149392046292992
1319149372383350784
1319149356407193600
1319149326128549888
1319012150577418240
1318983247448182784
1318938926791393280
1318938903517270016
1318903285697359872
1318903166176473088
1318903093745094912
1318887357718945792
1318859314656849920
1318859259447214080
1318859229776777216
1318859218422796288
1318859118690639872
1318859103666659328
1318858970874904576
1318858952847839232
1318858930953519104
1318858917288595712
1318858738426675200
1318858713722138624
1318858697712586752
1318784501837975552
1318642444699828224
1318642432125358080
1318642423724183552
1318642412064047104
1318642400575840512
1318642391331557376
1318642379490996224
1318642369575739392
1318642352790142976
1318642343432564736
1318642329566253056
1318642321345359872
1318642307936169984
1318642298138362112
1318642289565106176
1318642276722159616
1318642261350060032
1318642252986634240
1318642241649451008
1318642226180869888
1318642205779808512
1318642176985911296
1318642165988413440
1318642147411791872
1318642130949210112
1318642120132001792
1318642105997287424
1318642094278365184
1318642082462994432
1318641748940390400
1318641720863690752
1318632165496770560
1318632124820357120
1318632100195598336
1318630470729519104
1318630457836244992
1318630444607377408
1318630413397598208
1318630401066270720
1318630390790324224
1318630378895269888
1318630368174538752
1318630357709824000
1318630299958468608
1318630277296627712
1318630254882246912
1318630237878522112
1318630225102688512
1318630180559196160
1318630157624725504
1318630134061158400
1318630107083309056
1318630095058358272
1318630082588647424
1318630070748172288
1318630039819255808
1318630029270700032
1318630014489939968
1318630002917769216
1318629992138506240
1318629962283442176
1318629951323754496
1318629938178777088
1318629926648598528
1318629913306464512
1318629732372578304
1318629713959674112
1318629600327512064
1318629587266523136
1318629533973708800
1318629516063969280
1318629488255709184
1318629475815481088
1318629464918675712
1318629453837238272
1318629438406479872
1318629425727066112
1318629414146625536
1318629390700433408
1318629360673431552
1318629347079618560
1318629333968310272
1318629305262407680
1318629288665665536
1318629278393696512
1318629250891763712
1318629237771952128
1318629225344237568
1318628793997758464
1318628268753420288
1318627386016092160
1318626895618019328
1318624379769597952
1318602663903330304
1318602635319119872
1318602622937477120
1318602612166610944
1318602595330592768
1318602576988864512
1318602565051965440
1318602552519368704
1318602539978395648
1318602524170092288
1318602508898607104
1318602489512460288
1318602153058095104
1318525342429085696
1318478468061986816
1318478435115819008
1318477762202664960
1318477733803008000
1318477709417320448
1318477681063768064
1318477649040297984
1318439713443893248
1318438674317573888
1318438660916809728
1318438647495069696
1318438621272285184
1318438607837908992
1318438594709684224
1318438581170507776
1318438568738639872
1318438553647501312
1318438539982405632
1318438526040576000
1318438514418221056
1318438498702102528
1318438485536215040
1318438456335437824
1318438411334799360
1318438384994537472
1318438369819566080
1318438356418744320
1318438345136050176
1318438330762252288
1318438315239133184
1318438295903309824
1318438279335890944
1318438265343586304
1318438252832063488
1318438240572067840
1318438225162141696
1318438211350417408
1318438194153738240
1318438181453352960
1318438167477948416
1318438154790146048
1318438139514552320
1318438123827847168
1318438108459839488
1318438090474688512
1318438071633838080
1318438059726262272
1318438040143089664
1318438026092097536
1318437742754267136
1318436173015076864
1318250577369903104
1318250487683100672
1318250461909209088
1318250422969241600
1318250291666485248
1318192215915696128
1318183099683962880
1318181632268972032
1318181580461006848
1318181539046457088
1318181501599612928
1318149585018228736
1318149561773363200
1318149525853405184
1318149421226405888
1318124882991992832
1318123535672463360
1318123507734269952
1318123477283602432
1318123188837122048
1318123139956695040
1318122844887330816
1318088320732307712
1318067090927030272
1318067074082680832
1318067060476383232
1318067042138849280
1318067017283457024
1318067000636309504
1318066986535014400
1318066972035342336
1318066958756098048
1318066943811899392
1318066930142597120
1318066916460761088
1318066898861510912
1318066885276164096
1318066871619493888
1318066854687084288
1318066842712289280
1318066829294751488
1318066811158626304
1318066796205920512
1318066782847029248
1318066729533263872
1318066715989770240
1318066699346825216
1318066684255756288
1318066666861899776
1318066631764070400
1318066616681234432
1318066600575053824
1318066568539103232
1318066548519685888
1318066534405804032
1318066493570121728
1318066478835523584
1318066261306281984
1318066190133170176
1318066154871586816
1318066104493920512
1318066089503444992
1318066078233300992
1318066029743013888
1318066015469752320
1318066000563195904
1318065829955686400
1318065801040154624
1318065784472637440
1318065771587796992
1318065756882505728
1318065736699576320
1318065716428443648
1318065640402571264
1318065592218406912
1318065576586170368
1318065559519563776
1318065520273481728
1318065509271818240
1318065440350965760
1318065423284424704
1318065403743141888
1318065388354228224
1318065364899713024
1318065320742014976
1345677955297640448
1345677898431295488
1345677825425231872
1345677800762695680
1345677488870010880
1345677456670400512
1345677410746978304
1345677389582524416
1345677294254350336
1345676838786506752
1345676805798301696
1345676765868531712
1345676735992524800
1345676692216545280
1345676672390070272
1345676591221927936
1345676506014633984
1345676475807227904
1345676439249690624
1345676219086479360
1345676176015159296
1345676137930895360
1345676091030171648
1345676046314721280
1345676014094082048
1345675973304446976
1345675937459949568
1345675860544794624
1345675824217907200
1345675736384999424
1345675671566225408
1345675638649344000
1345675588242178048
1345675476015177728
1345675042869440512
1345674993879949312
1345674968672174080
1345674898379833088
1345674859402166272
1345674799520034816
1345674762278809600
1345674729554903040
1345674714124054528
1345674696734478336
1345661046581841920
1345660930814840832
1345660909092548608
1345660878805471232
1345660851781566464
1345660818801754112
1345660787667435520
1345660749138558976
1345660715315687424
1345660644146745088
1345660594381336576
1345660572642254848
1345660519286505472
1345660489897017088
1345660428567928832
1345660373748355072
1345660317355945984
1345660297839861760
1345660277312933888
1345660260879642624
1345660233163616512
1345660203044384768
1345660187336732672
1345660168659460096
1345660155950673920
1345660131242078208
1345660108123086848
1345660025226878976
1345659986370830336
1345659938945818624
1345659721311793152
1345659662063038464
1345659606165499904
1345659568559443968
1345659461428514816
1345650735116070912
1345650715319029760
1345650621857337088
1345650542660513792
1345650514638340096
1345650357049962496
1345650333247287296
1345650301618024448
1345650092859141888
1345650076325130240
1345650057870270464
1345650035988566016
1345650006032855040
1345649981252907008
1345649957550895104
1345649934536740864
1345649918397050880
1345649882506407936
1345649857986523136
1345649834284486912
1345649794396651520
1345649727396864000
1345649698758135808
1345500668052832512
1345500180011954176
1345500141453774848
1345500124840140800
1345500095949713408
1345500071429865472
1345499956535291904
1345499934674575360
1345499875534905088
1345499752792805376
1345499632525320192
1345499610886893568
1345499496197869568
1345499466011389952
1345499429202235392
1345499357202804736
1345499322675310592
1345499302471360512
1345499283555020800
1345499219638034432
1345497478607605760
1345494631677628416
1345485300026503168
1345485257890525184
1345485209601503232
1345485170086969088
1345485151866925056
1345485110079086592
1345485079926231040
1345485040738824192
1345484960212381696
1345484926372741120
1345484889739636736
1345484810865803264
1345484698106134528
1345484628736487424
1345484448796700672
1345484154440478720
1345484103395782912
1345484080746524672
1345484056952266752
1345484028095422464
1345484004670263296
1345483975905726464
1345483949951373312
1345483927784460288
1345483904405434368
1345483868556701696
1345483812072017920
1345469536615747584
1345469196461871104
1345469075586248704
1345469044284157952
1345468967872307200
1345468951531311104
1345468921659461632
1345468775278252032
1345468702892961792
1345468665907597312
1345467953823817728
1345467930855747584
1345467811557224448
1345467785112121088
1345467719878144000
1345467685069578240
1345467662202261504
1345467638235979776
1345466956422533120
1345466934343643136
1345466665446875136
1345455686348640512
1345455633219395584
1345455588545880064
1345455535156555776
1345455492894777088
1345455444492480512
1345455398682316800
1345455366574907392
1345455054464184320
1345454965234442240
1345454895386787840
1345454750465187840
1345454475650207488
1345454208343015424
1345453974128914432
1345453920789917696
1345453862921105408
1345439313039908864
1345428911937695488
1345428618479099904
1345428600993050624
1345428552389423104
1345428413704790016
1345428394465497088
1345428328153542912
1345427149742895104
1345427065491886080
1345425905481609216
1345425890281484288
1345425866973704192
1345425842097291264
1345425822392463360
1345425800494010368
1345425753727504384
1345425721641095168
1345425685486182400
1345425662035812352
1345425647896817664
1345425630565982208
1345425394938343424
1345420395139182592
1345419994260262912
1345419856959705088
1345413606993768448
1345413135340068864
1345412955777720320
1345412931626934272
1345412917097803776
1345412904611426304
1345412888618561536
1345412874710224896
1345412860059521024
1345412790719311872
1345412777524002816
1345412760692252672
1345412729289519104
1345412707927941120
1345412690638995712
1345412673949872128
1345404843280789504
1345400818581839872
1345400724822360064
1345400544450519040
1345400000591908864
1345399982120186112
1345399946300821504
1345399914612879360
1345399898741616640
1345399860674129920
1345398503690948608
1345398480450281472
1345398454051344384
1345398429695025152
1345398368298815488
1345398260337356800
1345397945089339392
1345397910586986496
1345397869843513088
1345397832174489600
1345397801480552448
1345397782220337152
1345397743011962880
1345397683364782080
1345397648224870400
1345397580767887360
1345397539479105536
1345397501579431936
1345397439516311552
1345397421304639488
1345397393198559232
1345397370721361920
1345397347497504768
1345397323975766016
1345397281571401728
1345397239062159360
1345394081124462592
1345389518493462528
1345389428760596480
1345368567240413184
1345342473103695872
1345342399896293376
1345342301342732288
1345341631822786560
1345341075574165504
1345341014010171392
1345340840491835392
1345340825472032768
1345340778248339712
1345340734057152512
1345340695779926016
1345340660367446016
1345340572215762944
1345340467756597248
1345340249552133888
1345340208246620160
1345340139640414208
1345339165945298944
1345339144202031104
1345339126460121088
1345338964153143296
1345338932758781952
1345338910445072384
1345338886566928384
1345338861732438016
1345338840110804992
1345338785853288448
1345338768518246400
1345338599739428864
1345338581418700800
1345338542143242240
1345338471171371008
1345338451781156864
1345338428800561152
1345338371376361472
1345338354913701888
1345338320117760000
1345338113615388672
1345337980056195072
1345337758533955584
1345337716611960832
1345337689437040640
1345337662975188992
1345337619660607488
1345337566489419776
1345337485933621248
1345337428756865024
1345337370267279360
1345337348712771584
1345337326751408128
1345337305922482176
1345337276138708992
1345337234480881664
1345337216713838592
1345337184941993984
1345337133305901056
1345337109478076416
1345337088867266560
1345337010756706304
1345336967978954752
1345336944604151808
1345336928586108928
1345336914438737920
1345336882968866816
1345336864031518720
1345336835896180736
1345336796507500288
1345332678657245184
1345332603734417408
1345332487761887232
1345332413346492416
1345332342366367488
1345332285042798592
1345332218823118848
1345332173033902080
1345332141278851072
1345331975658332160
1345331725275168768
1345331685018243072
1345331662327078912
1345331635932295168
1345331618760826880
1345331518374338560
1345331492289982464
1345331459725385728
1345331364879626240
1345331287578460160
1345331103389904896
1345331082594570240
1345330981528625152
1345330965065904128
1345330934112005888
1345330910183489536
1345330821553655808
1345330795964194816
1345330721439834112
1345330623108550912
1345264105268142080
1345264030735331328
1345263988188307712
1345263956747808768
1345263885734080512
1345263778359889920
1345263691508416512
1345263453632671488
1345263399584870400
1345263364377882624
1345263307268173824
1345262587680796672
1345262563769126912
1345262478930935808
1345262324400205824
1345262266619408384
1345262199015698432
1345262130803732480
1345261919071039488
1345261632637849600
1345261589675565056
1345261557173932032
1345261512877875200
1345261465226399488
1345261402001469440
1345261322443902976
1345261158459187200
1345260544794763264
1345260429782736896
1345260408928661504
1345260378339635200
1345260339789766912
1345260303701979136
1345260282164207616
1345260265642860288
1345260235821350912
1345260215344758784
1345260189684002816
1345260171501645824
1345260143324360704
1345260097338044416
1345260059132047360
1345259968535154688
1345259886465187840
1345160442117763072
1345150908078968832
1345150463042330624
1345147130244194304
1345144776929255424
1345144569898422272
1345142427372441600
1345142396594618368
1345142376340336640
1345142358212534272
1345142335152263168
1345142319499108352
1345142290814275584
1345139352389775360
1345139164656893952
1345139122038583296
1345139076324859904
1345138975330209792
1345138815711784960
1345138752688173056
1345138712901005312
1345138687563149312
1345138649260822528
1345138600162295808
1345138561092349952
1345138524434132992
1345138371992182784
1345138328870539264
1345138293638361088
1345138265930813440
1345138216492531712
1345138171835805696
1345138122431062016
1345138047424331776
1345138014230601728
1345138000058064896
1345137983150845952
1345137950712066048
1345137900955054080
1345137827009462272
1345137767668449280
1345137738161520640
1345137685304913920
1345137640165748736
1345137613104177152
1345137550881652736
1345137528001736704
1345137427543973888
1345137351530602496
1345137326415098112
1345137251127357440
1345137202221764608
1345137171271921664
1345137080821809152
1345137050446671872
1345137000115015680
1345136946843103232
1345136929952641024
1345136913095786496
1345136875548397568
1345136853230497792
1345136781335928832
1345136748205109248
1345136684367831040
1345136659956903936
1345132908286255104
1345132774454407168
1345132600759881728
1345132572913917952
1345132548637257728
1345132530555637760
1345132510724968448
1345132492601389056
1345132433373540352
1345132357825802240
1345132267623088128
1345132027205574912
1345130639222312960
1345130614396231680
1345130592250306560
1345130553314521088
1345130524382277632
1345130503041593088
1345130386096058368
1345130315791134720
1345130273671962624
1345130188317847552
1345130066318151680
1345130016573690112
1345129966518865920
1345129879621263360
1345129774927261696
1345129710511153152
1345129637962248192
1345129599093633024
1345129546216067072
1345129472341790720
1345129333057269760
1345129293546983424
1345129199787511808
1345129175603154944
1345129117428162560
1345129082997104640
1345129016349642752
1345128978118533120
1345128951493095424
1345128848179027968
1345128799399260160
1345128783058247680
1345128762124464128
1345128731845799936
1345128712426180608
1345128430753427712
1345128395944980480
1345128339074396160
1345128285722865664
1345128238482415616
1345128205867474944
1345128124648992768
1345128094739423232
1345128071800745984
1345128052012052480
1345128024585490432
1345127999742631936
1345127959481491712
1345127798646726912
1345127757555101696
1345127577053261824
1345127501534814208
1345127441048743936
1345127409507557376
1345126467043287040
1345120069551075328
1345119962738946048
1345119821592203264
1345119436605415424
1345119384952561664
1345119334209880064
1345119309136359424
1345119263405826048
1345119220431007488
1345119173240909824
1345119116277985280
1345118907238113280
1345118842972987392
1345118801109647360
1345118659405115392
1345118594565361664
1345118517578899712
1345118453041139712
1345118418186461184
1345118385370238976
1345118347202093056
1345118298384576512
1345118270375014400
1345118218868957184
1345118182445559808
1345118150023634944
1345118099402596352
1345118056960417792
1345118029701672960
1345117979114090496
1345117937494089728
1345117919236288512
1345117861585580032
1345117799249801216
1345117765930254336
1345117704555016192
1345117640835137536
1345117601882583040
1345117566952493056
1345117486337957888
1345117445430906880
1345117405723451392
1345117373704105984
1345117344415277056
1345117309187325952
1345117271119847424
1345117248294445056
1345117223724187648
1345117191931359232
1345117162730622976
1345117124054949888
1345116957381718016
1345116896232935424
1345116653789589504
1345116615889858560
1345116516942049280
1345116496415105024
1345116451632504832
1345116361022976000
1345116293767290880
1345116266202357760
1345116173541715968
1345116127458963712
1345116079857807360
1345116054763278336
1345116030910259200
1345115985024585728
1345115945543618560
1345115902010908672
1345115412497883136
1345115392100995072
1345115345644888064
1345115309490008064
1345115280134045696
1345115256155205632
1345115236584534016
1345115212177944576
1345115155173093376
1345115126244978688
1345115088374661120
1345115064542646272
1345115048012820480
1345115001745498112
1345114963417948160
1345114928387158016
1345114896715943936
1345114869289332736
1345114850968612864
1345114624308477952
1345114588468142080
1345114564753559552
1345114481471401984
1345114459241590784
1345108469721006080
1345108441438842880
1345108315425165312
1345108284395687936
1345105192828723200
1345105127166922752
1345105091431378944
1345105006605852672
1345104970522251264
1345104937383047168
1345104905586044928
1345104834790371328
1345104792675377152
1345104632301940736
1345104595987656704
1345104571237081088
1345104424251904000
1345104376592011264
1345104348775383040
1345104306081566720
1345104266449530880
1345104204155772928
1345104181552689152
1345104137734787072
1345104106814369792
1345104063969566720
1345103979232047104
1345103946373853184
1345103761283428352
1345103637996040192
1345103593796468736
1345103565279395840
1345103532026982400
1345101868939284480
1345101754648690688
1345101700575735808
1345101664311767040
1345101620267397120
1345082510888361984
1345082376616075264
1345082293879189504
1345082182071709696
1345082108893605888
1345081966329286912
1345081730508722176
1345081642143129600
1345081499431931904
1345081415499657216
1345081363335180288
1345080781186756608
1345076834099208192
1345073664639832064
1345072720069984512
1345070079017414912
1345067366678462464
1345065388590116864
1345003858335068160
1345003819382484992
1345003801707687936
1345003783919718400
1345003755125805056
1345003736108818432
1345003699257700352
1345003675551461376
1345003588247027712
1345003565866242048
1345003411973038080
1345002988851572736
1345002963991994368
1345002937228079104
1345002920459309056
1345002892659466240
1345002856957562880
1345002804918820864
1345002779803340800
1345002721171165184
1345002669790916608
1345002531454386176
1345002429415350272
1345002351514574848
1345001817994833920
1345001709765074944
1345001607470198784
1345001542181535488
1345001447742693376
1345001392130428928
1345001296244441088
1345001158264434688
1345001077477945088
1345000944879210496
1345000917951774720
1345000715253641216
1345000678889054208
1344999552118640640
1344999434334195712
1344999187314839552
1344999154657931264
1344999080083283968
1344999033874640896
1344998990752972800
1344998952194764800
1344998927381245952
1344998877447991296
1344998782400942080
1344998753707687936
1344998727115829248
1344998682035412992
1344998648367747072
1344998614922358784
1344998538657357824
1344998509645352960
1344998481849688064
1344998411003703296
1344998367055794176
1344998283912032512
1344998251376881664
1344998221916078080
1344997589054177280
1344997569798279168
1344997493520662528
1344997443025465088
1344997419952594944
1344997394753196032
1344997335529611264
1344997296619081728
1344997265463717888
1344997226070867968
1344997135301926912
1344997114892455936
1344997097628688384
1344997075881230336
1344996992611737600
1344996939708960768
1344996904824938496
1344996888861434112
1344996875884240896
1344996861501992960
1344996845307703296
1344996822834679808
1344996805923237888
1344996786394570752
1344996765800521728
1344996732590059520
1344996706014920704
1344996690374373376
1344996675392299008
1344996662436130816
1344996642043400192
1344996615002738688
1344996565929381888
1344996538502807552
1344996489626578944
1344996417027403776
1344996387352621056
1344996359447973888
1344969108425748480
1344969085944287232
1344969031804182528
1344968906885242880
1344968826799202304
1344968751410802688
1344968721962565632
1344968686730440704
1344921838846169088
1344921291942481920
1344921256529899520
1344921238989320192
1344921205812428800
1344921180311072768
1344921159821832192
1344921103974752512
1344921080373407488
1344921056293871616
1344921038174515200
1344920934885576704
1344920917164617728
1344920876819623936
1344920854476382208
1344920832905248768
1344920788642750464
1344920771953627136
1344920749484748800
1344920730060922880
1344920708284100608
1344920690227609600
1344920667431587840
1344920549739425792
1344920409955827712
1344919925383700480
1344919863882604288
1344919828960841728
1344919807242756096
1344919785340100608
1344919766973227008
1344919745636823040
1344919725952921600
1344919708223610880
1344919686899757056
1344919563062960128
1344919484323274752
1344919444443832320
1344919378706444288
1344919342920724480
1344918898731311104
1344918858776375296
1344918838694055936
1344918817227608064
1344918796671340288
1344918689745924096
1344918663909036032
1344918642941693952
1344918617608122368
1344918564587917312
1344918455083016192
1344918296655781888
1344773803877003264
1344773524892905472
1344773491233587200
1344773344160325632
1344773289307217920
1344773262555967488
1344773236014330112
1344773191215034368
1344773147602677760
1344773125637025792
1344773100349616128
1344773064412815360
1344773025728762112
1344772991385825280
1344772964244484096
1344772932774539264
1344772892748374016
1344772841980502016
1344772798095491072
1344772774817107968
1344772736732819712
1344772700741447680
1344772674992615424
1344772638376407040
1344772588426375168
1344772548089753600
1344772495145119488
1344772460298850304
1344772439063076864
1344772338957627392
1344772306254622720
1344772284247109632
1344772265041342464
1344772244204085248
1344772224184676352
1344771783724052480
1344771579100745728
1344771541494542336
1344771492387704832
1344771445675712512
1344771419117387776
1344771376201289728
1344771325135646720
1344771268680282112
1344771241249538048
1344771202922008576
1344771184471257088
1344771166473494528
1344771118457093888
1344771092918001664
1344771070692306944
1344771054347182080
1344771009761710080
1344770976010141696
1344770936151678976
1344768873862737920
1344768781193764864
1344768551467560960
1344768523856392192
1344768497457442816
1344768458521792512
1344768302237814784
1344768271317397504
1344768247380533248
1344768225314279424
1344768199229923328
1344768182951833600
1344768149565169664
1344768131491897088
1344768082099785728
1344768045089222912
1344768002093441024
1344767982120169472
1344767972204826624
1344767945801658368
1344767867569516288
1344767759410933760
1344767685343801088
1344767637574852608
1344767599608004608
1344767558336061440
1344767457819570176
1344767135185334272
1344767093791719424
1344767067006889984
1344767045343338496
1344758820145422336
1344758792957919232
1344758771822842112
1344758749181820928
1344758594038878208
1344758560274731008
1344758524727930880
1344758495091036160
1344758447418576896
1344757671489138688
1344757619173556224
1344755422796853248
1344755362814111488
1344755279037165568
1344755241191927808
1344755217334677504
1344755186661732352
1344755169209282560
1344755074401234944
1344755008160616448
1344754956721680384
1344754888794898432
1344754829415993088
1344754813482000384
1344754767504035840
1344754676160409600
1344754580521963520
1344754516189720576
1344754432848916480
1344754330956668928
1344754288564838400
1344754225486700288
1344754153122365440
1344754081571733504
1344754046532513792
1344753967532802048
1344753909936640000
1344753878374494208
1344753823357804288
1344753741669552128
1344753698766000128
1344753645607387136
1344731476806553600
1344731252482596864
1344731226654052352
1344731206361952512
1344731173378007040
1344731126749868032
1344731086740484096
1344731060484108288
1344730998475514112
1344730963830566912
1344730936567599104
1344730903831052288
1344730851683262464
1344730831932293120
1344730811468279808
1344730793730576384
1344730760339664896
1344730729796788224
1344730683407790080
1344730655981236224
1344730634414129152
1344730579451916288
1344730542953144320
1344730528486989824
1344730453476048896
1344730393036156928
1344730367316680704
1344730334697553920
1344730320067842048
1344730296655224832
1344730282398773248
1344730266212970496
1344730251910377472
1344730234109755392
1344730220084011008
1344730183367090176
1344730169605562368
1344729997286760448
1344729914310860800
1344729846941946112
1344729809038024704
1344729776729292800
1344729648903704576
1344729539201671168
1344729489436274688
1344729441948332032
1344729313204178944
1344729256342003712
1344729205976784896
1344729075223556096
1344725582429507584
1344725532924121088
1344725463294504960
1344725431816224768
1344725406386188288
1344725388719771648
1344725367752372224
1344725352829095936
1344725332738367488
1344725312215592960
1344725289612533760
1344725269601513472
1344725228384116736
1344725198889754624
1344725175217041408
1344725149875109888
1344725117851623424
1344725087484862464
1344725069063467008
1344725044539383808
1344724940688416768
1344724905506598912
1344673656253898752
1344635411218497536
1344622621103681536
1344622606335561728
1344622583015157760
1344622562576392192
1344622543676837888
1344622482435829760
1344622452425560064
1344622421748416512
1344619250242236416
1344614594988437504
1344614432610144512
1344614412888506368
1344614359172083712
1344614312283959296
1344614270571606016
1344614228506914816
1344614195678085120
1344614172806574080
1344614112576286720
1344614073233760512
1344614050831990784
1344614007215419392
1344613882229387264
1344613862402887680
1344613786133659648
1344613712502661120
1344613677513764864
1344613653975281664
1344613615127711488
1344613575176892416
1344613557246300160
1344613530948038912
1344613490145832960
1344613363679174912
1344613338379128832
1344613302576558080
1344613287204446208
1344613262650986496
1344613240249061376
1344604020397268992
1344591752729133056
1344591728666439680
1344591701118213888
1344591671862972416
1344591631996100608
1344591601885192192
1344591540463824896
1344591451498422272
1344591418002710528
1344591355113304064
1344591325790949376
1344591286641315840
1344591240185180160
1344591173671919616
1344591140616593408
1344591116134477824
1344591097998274560
1344591071666446336
1344590972005601280
1344590934147817472
1344590902371741696
1344590868762800128
1344590844414857216
1344590504651083776
1344590447583367168
1344590421134077952
1344590394626088960
1344590379048439808
1344590266284601088
1344590248521719808
1344590227004919808
1344590199288967168
1344590183665119232
1344590164304265216
1344590144607760384
1344590124974284800
1344589967985684480
1344589947454554112
1344589469165514752
1344589453113876480
1344589423334338560
1344589354161860608
1344589300277661696
1344589280895766528
1344589259173490688
1344589242228502528
1344589223689646080
1344589206711119872
1344589189753536512
1344589150150942720
1344588886585053184
1344588789163896832
1344588707622481920
1344588676706291712
1344588493658476288
1344588445629485056
1344588249772282112
1344588211528609792
1344588108877205504
1344588093698023424
1344588033191014400
1344587969034903552
1344587930334068736
1344587896519589888
1344587882124730368
1344587728596459520
1344587498153013248
1344587472236376064
1344587433984335872
1344587406591348736
1344587377961005056
1344587340992413696
1344587313398112512
1344587023571709952
1344586987752329216
1344419486724743168
1344419460929695488
1344419437936586752
1344419413139857408
1344419389454622720
1344419362434854912
1344419334546993152
1344419308986884096
1344419277621907712
1344419213117693952
1344419157081788416
1344419124693315584
1344419080468652032
1344419042577285120
1344419018086768640
1344418981353021440
1344418958636670976
1344418932569071616
1344418907948523520
1344418878714208512
1344418846871089152
1344418697784520704
1344418657976332288
1344418635788464128
1344418607254695936
1344418535251042304
1344418491215056896
1344418410743128064
1344418348675817472
1344418320699764736
1344418284830126080
1344418246598995968
1344418215150104576
1344418186314342400
1344418163975479296
1344418128189677568
1344418096040341504
1344418058903953408
1344418026892963840
1344418003476226048
1344417978989818112
1344417935276838912
1344417908131299328
1344417830603788288
1344417772911144960
1344417746042425088
1344417723825205248
1344417699154309120
1344417670532313088
1344417634830479360
1344417594275672064
1344417532908855296
1344417499186663424
1344417456106967040
1344417436481806336
1344417252196700160
1344417225067945984
1344417190846590976
1344417170122547200
1344417136882700288
1344417109598679040
1344417077436809216
1344417035476996096
1344416200856633088
1344416166815686912
1344416118077841408
1344416074935267328
1344416026725933056
1344415984619302912
1344415946002354176
1344415927945859072
1344415904029933568
1344415588463087616
1344415411165650944
1344409701270892288
1344409650549170176
1344409614964678912
1344409518608941056
1344409325155004416
1344409286764605440
1344409250395783168
1344409203683811328
1344407524624232448
1344387872892350464
1344387819352059904
1344387792588185600
1344387709872304128
1344387649734385664
1344387576124342272
1344387524521832448
1344387494108868608
1344387460474744832
1344387428770045952
1344387396897541888
1344387370385342464
1344387331378339840
1344387270464450560
1344387243155324928
1344387223572144128
1344387192395849728
1344387168928735232
1344387072556216320
1344386887738417152
1344386857291931648
1344386829143990272
1344385497410502912
1344385464724303872
1344385435318034432
1344384749717123072
1344384718888955904
1344384685523292160
1344384652048523264
1344384599317765888
1344384571979268096
1344384528580816896
1344384481805922304
1344384448767385600
1344384290671513600
1344384237705830400
1344384209054539776
1344384171628769280
1344384083980378112
1344383981748420608
1344383953797406720
1344383919995686912
1344383887414349824
1344383845353844736
1344383818015404032
1344383011417182208
1344382974104653824
1344382907373252608
1344382878491271168
1344382847747059712
1344382814750461952
1344382782299107328
1344382753731715072
1344382614048808960
1344382577529004032
1344382433362391040
1344382399082360832
1344382362319269888
1344382332850106368
1344382259718139904
1344382225547206912
1344382169012166912
1344382120941268992
1344325504103567360
1344325475326423040
1344325452819804160
1344325429021323264
1344325388114210816
1344325366719131648
1344325345676324864
1344325329188487168
1344325301967478784
1344325275845349376
1344325252277542912
1344325238688014336
1344324912677351424
1344324892645347328
1344324873556996096
1344324847158120448
1344324813507145728
1344324781148090368
1344324725032497152
1344324678643572736
1344324653901377536
1344324465841344512
1344324443141779712
1344324413982990336
1344324379161861888
1344324360870440960
1344324337885700096
1344324315588800512
1344324268830683136
1344324233124597760
1344324190942490624
1344324157262213120
1344289985239855104
1344289950284574720
1344289914658185216
1344289892323504128
1344289869527478272
1344289830579146752
1344289794176782336
1344289746772582400
1344289666082754560
1344289590593679360
1344289557563527168
1344289519697338368
1344289496574078976
1344289462914871296
1344289436683669504
1344289408741208064
1344289378546442240
1344289328747474944
1344289296346439680
1344289209734066176
1344289178562031616
1344289149872963584
1344266869251969024
1344266851795271680
1344266793850961920
1344266531690205184
1344266511553327104
1344266479508852736
1344266451503501312
1344266428258672640
1344266411145912320
1344266394070896640
1344266340111183872
1344266319068332032
1344266302794440704
1344252086507155712
1344252036506918912
1344252007062900736
1344251980722659328
1344251955225522176
1344251914029035520
1344251572935602176
1344058466533584896
1344058399961575424
1344058348434583552
1344058284542722048
1344058249339953152
1344057728671621120
1344057703686148096
1344057672799297536
1344057630831108096
1344057549872574464
1344056289203257088
1344056273910849536
1344056240662568960
1344056199906525184
1344056130104913920
1344056085821448192
1344056051742756864
1344056013666848768
1344055964320882688
1344055924563079168
1344055890605989888
1344055830212173824
1344055771596787712
1344055721843953664
1344055667997499392
1344055618651500288
1344055595607982080
1344055565220196352
1344055532248850432
1344055488951050240
1344055334168621056
1344055276140376064
1344055249934446592
1344055201913856000
1344055182552944640
1344055160931287040
1344055143499780096
1344055050327494912
1344055019667148800
1344054987735891968
1344035509790789632
1344035487191805952
1344035455893909504
1344035381512187904
1344035190562238464
1344035121188503552
1344035060622700288
1344035040875999232
1344035010324656128
1344034972521422848
1344034948127334400
1344034922705596416
1344034892141776896
1344034850676879360
1344034785698721792
1344034328628629504
1344034308579844096
1344034271393173504
1344034240460156928
1344034202619174912
1344034170385924096
1344034097451175936
1344034041851486208
1344034013481226240
1344033989905027072
1344033941414699008
1344033909252755712
1344033861110533888
1344033786141569024
1344033734899752960
1344033665177759488
1344033620047114240
1344033591953658112
1344033568603963392
1344033531119464448
1344033494444478464
1344033456435683328
1344033357089415168
1344033202374123520
1344033169742438400
1344033105913507840
1344032953043706112
1344032921494183936
1344032876707377152
1344032851398955008
1344032811725025280
1344032788954181632
1344032687158398976
1344032630778556416
1344032604690018304
1344032559609610240
1344027360463621888
1344027328951816192
1344027292348067840
1344027271552786432
1344027244394651648
1344027217731473408
1344027162681217024
1344027121660866560
1344027092355325952
1344027065432100864
1344027039196721152
1344027014005731328
1344026985752879104
1344026957994979328
1344026921844297728
1344026890248577024
1344026810955272192
1344026778482962432
1344026667325550592
1344026635687915520
1344026609628704768
1344026579303849984
1344022199800311808
1344022134830587904
1344021945952710912
1344021590816776192
1344021508952387584
1344021490006679552
1344021468326277120
1344021424642658304
1344021405239795712
1344021379360894976
1344021366308298752
1344021354136428288
1344021341511573504
1344021324818214912
1344021302055751680
1344021276894126080
1344021248049868800
1344021231918604288
1344021211743985664
1344021190818615296
1344021168760778752
1344021134887571712
1344021115656613888
1344021099240161280
1344021037428695040
1344021022123679488
1344020998216101888
1344020971372621824
1344020957053255680
1344020801511714816
1344020767210672128
1344020735484944384
1344020689586696192
1344020674210365440
1344020635522097152
1344020599098798080
1344020562704789504
1344020528181485568
1344020498691354624
1344020475140333568
1344020455980756992
1344020356986777600
1344020327165288448
1344020291421413376
1344020257346887680
1344009593500954624
1344005216665010176
1344005175535665152
1344005128999858176
1344005096598867968
1344005068199239680
1344005012737941504
1344004947025690624
1344004903530885120
1344004842939953152
1343999466492342272
1343989638210449408
1343985409815154688
1343979189226106880
1343972282960642048
1343972228090761216
1343972182356090880
1343971681279365120
1343971649033539584
1343971627378167808
1343971575675162624
1343971485636030464
1343953537412313088
1343933822849712128
1343933744349110272
1343933723293704192
1343933687478558720
1343933671544336384
1343933521635790848
1343933493198413824
1343933467692822528
1343933446557749248
1343933425221332992
1343933406518898688
1343933380707180288
1343933340777377792
1343933311475986432
1343933280438153216
1343933262339731712
1343933230932762624
1343933185391009792
1343933124321931264
1343932836026449920
1343932778967085056
1343932716073578496
1343932674679959552
1343932501635563520
1343932466265022464
1343932443846447104
1343932410329751552
1343932392847929088
1343932338250674176
1343932301533736960
1343932274765688832
1343932257686446080
1343931803703386112
1343931539994923008
1343931511461064704
1343931448022224896
1343931206182776832
1343931174566191104
1343931053602443264
1343930499375509504
1343930473270140928
1343930444685991936
1343930414692503552
1343930367020060672
1343929744157499392
1343929728051408896
1343929559624908800
1343929500191625216
1343929437193187328
1343929412119654400
1343929385175441408
1343929164420816896
1343929132787380224
1343928974146220032
1343928943557177088
1343928895821783040
1343928865815748608
1343928604326039552
1343928539876360192
1343928442220408832
1343928417755033600
1343928385047851008
1343928330928713728
1343928243490070528
1343877954036785152
1343877915575005184
1343874103619559424
1343874041032142848
1343873963747905536
1343873773016129536
1343873436041535488
1343873337588649984
1343873271209603072
1343872972961034240
1343872940421558272
1343872908549124096
1343872861639991296
1343860892950274048
1343860863833399296
1343860774771585024
1343860716760162304
1343860692521263104
1343860661588267008
1343860639672971264
1343860556390916096
1343859880541749248
1343859830193270784
1343859800208248832
1343859642846359552
1343859610814472192
1343859583463395328
1343857229796155392
1343857103287554048
1343857060765700096
1343857036774301696
1343856989290590208
1343856949956386816
1343856916561330176
1343856872735047680
1343856850043867136
1343856813628919808
1343856781622173696
1343856762802331648
1343856741977624576
1343856722948055040
1343856704635727872
1343856655650484224
1343819579383050240
1343819238088306688
1343818349596340224
1343818000701530112
1343817936365092864
1343817168496934912
1343817045419372288
1343816909733720064
1343816715390615552
1343816302759173888
1343816248279388160
1343816170898665472
1343816136387932160
1343816006591012864
1343815833399787520
1343814881393455104
1343814809427570688
1343814572814249984
1343703177162596352
1343701269991616512
1343700990013407232
1343697514290180096
1343697462528237568
1343697440122294272
1343697387571847168
1343697341086388224
1343697311428440064
1343697090338287616
1343697067076677632
1343697043387199488
1343696991797260288
1343696812411117568
1343696726826360832
1343695678531371008
1343695562303004672
1343695538017984512
1343695513854619648
1343695491079561216
1343695449887223808
1343695429662339072
1343695399161364480
1343695376600203264
1343695343322599424
1343695317997379584
1343695295356542976
1343695280236089088
1343695262146031616
1343695245289074688
1343695020008865792
1343694983874965504
1343694930863149056
1343694802177679360
1343687747421220864
1343687448195461120
1343678628853391360
1343678506878820352
1343678402449039360
1343678368559095808
1343672461011922944
1343670234532745216
1343670217130577920
1343670181894234112
1343670145244393472
1343670098507272192
1343670038876856320
1343670006832389888
1343669944332988416
1343669893447737088
1343669756348534784
1343669621199695872
1343669182571884288
1343669151945150464
1343669129262338048
1343669086769786880
1343668818032402432
1343668777070850048
1343668735614312448
1343668698658304000
1343668206586753024
1343668185074196480
1343668149464555520
1343667725395238912
1343667683313807360
1343661816560443392
1343656869907341312
1343656830719959040
1343656796980997888
1343656776500207616
1343656713258491904
1343656685769027584
1343656654370467840
1343656628734873600
1343656579862831104
1343656523856302080
1343656400241766400
1343656303655313408
1343655908556026112
1343655872157904896
1343655833540952064
1343655807037140992
1343655776208867328
1343655754985733888
1343655731996876800
1343655709691535360
1343655687797284864
1343655608759808000
1343655576476250112
1343655535862812672
1343655324197249024
1343655233482854400
1343655207134261248
1343655138079236096
1343655111994859520
1343655051345223680
1343655025067909120
1343654987080077312
1343654888476205056
1343654815071690752
1343654801314295808
1343654757643247616
1343654726991282176
1343654697232642048
1343654678085689088
1343654664701677568
1343654641612026112
1343654593184591872
1343654554341171200
1343654088312041472
1343654059673341952
1343654042615091200
1343654020448186368
1343653994560950272
1343653963120435200
1343653951049248768
1343653938365652992
1343653849681297408
1343653812716924928
1343653787030990848
1343653759445061632
1343653740474228736
1343651849816170496
1343651834100113408
1343651815628419072
1343651763111473152
1343651722787512320
1343651698670252032
1343651666793553920
1343651639425691648
1343651603937689600
1343651563697541120
1343651496999718912
1343651456461795328
1343651422970261504
1343651401151471616
1343651364044492800
1343651321656844288
1343651279537643520
1343651253818187776
1343651196301701120
1343651152206974976
1343651122876186624
1343651081188995072
1343650969205272576
1343649495813410816
1343649457162883072
1343649369799741440
1343649259242086400
1343649222340575232
1343649184252108800
1343649152727732224
1343649117160022016
1343649080808009728
1343649048755105792
1343648972074868736
1343648920992407552
1343648862595067904
1343648814415155200
1343617342111178752
1343615121487241216
1343615088041848832
1343615063702335488
1343615038456782848
1343615018642894848
1343614633979113472
1343614413769732096
1343614382291513088
1343614360841842688
1343614313416847360
1343614139047030784
1343614066405859328
1343614027558252288
1343613993559220224
1343613969173532672
1343613679183552512
1343613651748532224
1343613627077693440
1343613589253468160
1343613426770321408
1343613385221484288
1343613351084109824
1343613330347462912
1343613310579650560
1343613286856724480
1343613226374868992
1343557293925937152
1343556714000490496
1343556698863263488
1343556554499497984
1343555668154974208
1343555619551326208
1343555596814065664
1343555562877890560
1343555544884387840
1343555525510893568
1343555338440740864
1343555238784073728
1343555106076286976
1343554657508085760
1343554624238870528
1343554581888958464
1343554457292967936
1343554418831224832
1343554186135400448
1343554159463821312
1343554126995746816
1343554106196156416
1343554086910783488
1343554046729334784
1343554017780244480
1343553972406267904
1343553950776233984
1343553895990259712
1343553876184748032
1343553853946523648
1343553815954522112
1343553786565046272
1343553711579295488
1343553681296392192
1343553583724298240
1343521210836127488
1343521171908780032
1343493256986959872
1343493214108581888
1343493167904141312
1343493138527244288
1343492909061042176
1343492889779777536
1343492860994326528
1343492820448010240
1343492772414828288
1343492747072851968
1343492715854639104
1343492683160055808
1343492644731838464
1343492625417043968
1343492601870217216
1343492580819017728
1343492552679436288
1343492509088014336
1343492448937512960
1343492228749152512
1343492167092862976
1343492139544698880
1343491761805660160
1343491717958348800
1343491673163227136
1343491572755816448
1343491532989603840
1343491509929340928
1343491488446078976
1343491451968250112
1343491434649800704
1343491294048485376
1343491258078134272
1343489058882936832
1343488999537606912
1343488918151429888
1343488496334475264
1343487833366016000
1343487757772054528
1343487692605173760
1343487641593982976
1343487555468189696
1343487522937188352
1343486754029002752
1343486644347920384
1343486565620846592
1343485800030334976
1343485684695314432
1343485661567987712
1343485640713891840
1343485604521267200
1343485528776331264
1343485481225486336
1343485427282571264
1343485381447184384
1343485331136458752
1343485279965995008
1343485226513801216
1343342758409469952
1343341765819047936
1343336138505904128
1343334661041381376
1343334586990915584
1343334571060957184
1343334556427055104
1343334521907912704
1343334455352684288
1343333154095067136
1343332434109194240
1343331975785041920
1343327644125962240
1343327534482644992
1343326239596175360
1343326114131935232
1343324654530805760
1343324497986920448
1343324471726366720
1343324434933948416
1343324384073805824
1343324346610286592
1343324297948000512
1343324271901347840
1343324201474789376
1343324142796480512
1343324025687310336
1343323905612771328
1343323856837206016
1343323808439144448
1343323776390410240
1343323739073687552
1343323695268438016
1343323666109620224
1343323553245126912
1343322795204292608
1343322736911855616
1343322714971512832
1343322668951597056
1343322637381095424
1343322599133208576
1343322566203740160
1343322545307725824
1343322472263930112
1343322100984119296
1343322041131425792
1343321874072301568
1343321827607777280
1343321757625831424
1343321697404022784
1343321662595465216
1343305725980848128
1343304504482131968
1343304324877856768
1343303721267175424
1343299930723667968
1343299880693985280
1343299181893582848
1343299122070224896
1343299058463633408
1343299024774946816
1343282377582387200
1343281667025338368
1343269764064571392
1343269737627869184
1343269710855606272
1343269670363795712
1343269649622904832
1343269612927000576
1343269566491799552
1343269519872159488
1343269470639452160
1343269440054505472
1343269396278611968
1343269353626738688
1343269308739293184
1343269287755214848
1343269265064005632
1343269236597280768
1343269170910212096
1343269133585146112
1343269084524392448
1343269059341807616
1343268951372026112
1343268836926230528
1343268807452864512
1343268754944364288
1343268689160843264
1343268643413643264
1343268573716865024
1343268514413637632
1343268473984737280
1343268454745468928
1343268417965535232
1343268377075146752
1343268357638917888
1343268337082658816
1343268033586933760
1343268000535875584
1343267932609122304
1343267872211132416
1343267835615846400
1343267624722059264
1343267580182716416
1343267529008029696
1343267446204080128
1343267411227774976
1343267345968594944
1343266509313990912
1343266426598138112
1343266301104545792
1343266264022708224
1343266214114709504
1343266111358439424
1343266082807812096
1343266043041603584
1343265994505134080
1343265969263800320
1343265918470778880
1343265896001908736
1343265847045980160
1343265739000700928
1343265715978166272
1343265605777043712
1343265144961454080
1343265122257686528
1343265047154405376
1343264976799150080
1343264567992979712
1343264538339258368
1343264503002238976
1343264465006047232
1343264446794371072
1343264415278391296
1343264360479780864
1343264189608042496
1343263427851128832
1343263387065733120
1343263344388681728
1343263315666083840
1343263285999783936
1343263262897483776
1343263217120903168
1343263198154260480
1343263137781440512
1343263122589704192
1343263102708678912
1343263052515467264
1343263025332154368
1343262968465793024
1343262943631335424
1343262922525581312
1343262840812150784
1343262818058055680
1343262707445850112
1343262650684342272
1343262578588475392
1343262539812134912
1343262498724712448
1343258624349646848
1343254758954569728
1343254682236436480
1343254622719385600
1343254539999338496
1343254504335167488
1343254457400893440
1343254436219658240
1343254371296047104
1343254303809675264
1343254269768716288
1343254177900875776
1343254126218653696
1343254087379382272
1343254051492933632
1343254011873550336
1343253980298801152
1343253804184186880
1343253778309537792
1343253753340825600
1343253669689634816
1343253653742878720
1343253630414168064
1343253593713995776
1343253483198291968
1343253385852702720
1343253299173142528
1343253263450337280
1343253147159048192
1343252984831086592
1343252945475919872
1343252892459950080
1343252833764835328
1343252671608872960
1343252621965094912
1343252577090220032
1343252523449278464
1343252456864681984
1343252410471477248
1343252373402169088
1343252337582874624
1343252291504189440
1343252260579586048
1343252227608219648
1343252202589220864
1343252178585190400
1343252147580891136
1343252112701075712
1343252086855782400
1343252040781332480
1343252012104867840
1343251979775127552
1343251951765639168
1343251918949384192
1343251894400118784
1343251815308161024
1343251760446648320
1343251733494030336
1343251707736817664
1343251681677631488
1343251491939876864
1343251457668222976
1343246333159862272
1343246262561353728
1343246226406387712
1343246188200550400
1343246162233585664
1343237817523167232
1343237776683229184
1343237709196881920
1343237669975961600
1343237605652094976
1343237551612682240
1343237462106255360
1343237404396838912
1343237349359169536
1343237299618914304
1343237243083890688
1343237173345193984
1343237125156859904
1343237108853563392
1343237015417069568
1343236742372012032
1343236706649124864
1343236667902202112
1343236618312949760
1343236590223712512
1343236542702219264
1343236501178634240
1343236433428045824
1343236377031429888
1343236313621925888
1343236244164194304
1343236184932278272
1343236139172376576
1343236095438368768
1343236060533424128
1343236032863608832
1343235995693699072
1343235906149474304
1343228037521956864
1343228007255826432
1343227960619372288
1343227936887988224
1343227900905062400
1343227846702080000
1343227816314286080
1343227790741688320
1343227761050185728
1343227720029888512
1343227697644924928
1343227663645892608
1343227638803009536
1343227621132398592
1343227590937604096
1343227568464474112
1343227421487755264
1343227389950758912
1343227352017473536
1343227323085156352
1343227293867651072
1343227121926344704
1343227077563187200
1343227048874139648
1343226976786653184
1343226917097500672
1343203558162882560
1343203491662196736
1343194173877399552
1343176316573646848
1343176281786085376
1343176238656081920
1343176218959630336
1343176200492097536
1343176180229435392
1343176161778692096
1343176134041677824
1343176094497861632
1343176030396309504
1343175829908553728
1343175752355901440
1343175679022682112
1343109582017736704
1343103384744824832
1343103317719834624
1343103181958623232
1343102995005894912
1343102815326117888
1343102238886162432
1343102210276777984
1343102170862858240
1343102137782427648
1343102068760997888
1343101702606618624
1343101636630241280
1343101460033232896
1343101380643475712
1343101345440673792
1343101304445538304
1343101257775534080
1343100606714621952
1343100535776432128
1343100476410253312
1343100430398725888
1343100383439314944
1343100359150084096
1343100315013443584
1343100289155477504
1343100266363629568
1343100234340171776
1343099907691995136
1343099848602607616
1343099779535015936
1343099754344034304
1343099641966026752
1343099221403185152
1343099161114255360
1343099123067707392
1343099092810031104
1343099070206894080
1343099039441707008
1343099004360531968
1343098965814816768
1343098906838773760
1343098876199366912
1343098836919705600
1343098809308635136
1343098769735364608
1343098721068871680
1343098694476963840
1343098673400606720
1343098654815608832
1343098614483218432
1343098585911595008
1343098557151268864
1343098514394521600
1343098475915976704
1343098446329348096
1343098411285942272
1343098385151229952
1343098359545032704
1343098330998599680
1343098305178443776
1343098284697653248
1343098249440329728
1343098227030167552
1343098156519723008
1343098135535644672
1343098118573862912
1342971897873633280
1342971876369436672
1342971841745477632
1342971815652716288
1342971784476434432
1342971759490965504
1342955155797536768
1342955100751486976
1342955042647793664
1342955008984293376
1342954917389078528
1342954891107573760
1342954807980683264
1342954767711088640
1342954720328036352
1342954703227904000
1342954684701675520
1342954600106700800
1342954576228605952
1342954548978200576
1342954519068618752
1342954479000424448
1342954456405716992
1342954431927742464
1342954416417239040
1342954377917690112
1342954317985292288
1342954296191676416
1342954257914490880
1342954168252837888
1342953340406272000
1342953300531048448
1342952130198564864
1342952106995675136
1342952040822136832
1342952017052971008
1342951991618772992
1342951952620126208
1342951929387896832
1342951887197392896
1342907700305395712
1342907663655587840
1342907635054628864
1342904644536840192
1342896403702566912
1342896313961242624
1342896287872675840
1342896251503841280
1342896220675710976
1342895654620770304
1342895305520521216
1342895162251481088
1342895132287389696
1342895030453870592
1342888160578195712
1342888119788515328
1342888095910400000
1342888072896274432
1342888057570271232
1342888039190831104
1342888020589113088
1342888004013207552
1342887979300364288
1342887953081753600
1342887935176290304
1342886844107808768
1342886703640543232
1342886670987911168
1342886640562417664
1342886605665787904
1342886565312401408
1342886414216794112
1342886387893350400
1342886360785547264
1342886233102557184
1342886211229253632
1342886042840526848
1342886003783196672
1342885972254588928
1342885941422256128
1342885905107996672
1342885792054734848
1342885771670417408
1342885738879328512
1342885712451002368
1342885629043101696
1342885569253281792
1342885530959286272
1342885482552832000
1342885397232308224
1342885329406226432
1342885284841730048
1342885253518680064
1342885227140681728
1342885204936040448
1342885178352537600
1342885156114358272
1342885122325024768
1342885115173736448
1342885033930092288
1342884885493641216
1342884292989505536
1342884275234942976
1342884229403844608
1342884179994955776
1342884122562322432
1342882866754166784
1342882843685482496
1342882752585232384
1342882734293868288
1342882715926990848
1342882645915688960
1342882623484526592
1342882549618462720
1342882221007515648
1342882188795260928
1342882042325970944
1342882007433547776
1342881963305279488
1342881927737602048
1342881896397762560
1342881701823991808
1342881678595919872
1342881651253260288
1342881485481771008
1342881450761351168
1342880910228791296
1342880880919015424
1342880825965240320
1342880807438999552
1342880779664297984
1342880759946891264
1342880739554156288
1342880700891078912
1342880657022869504
1342880531042750464
1342880511308529664
1342880490508984320
1342880468530827264
1342880411731550208
1342880388000206848
1342880358887522304
1342880244139700224
1342880218801987584
1342880201580146688
1342880151441465088
1342880133473050624
1342880084001251328
1342879869856837632
1342879827326599168
1342879802504654848
1342879774654476288
1342879750235295488
1342879705104576512
1342879683243892736
1342879640935952384
1342879541023412224
1342879506466484224
1342879467128188928
1342879417299820288
1342879352200048640
1342879206087262208
1342879183165386752
1342879165800972288
1342879152131743488
1342878253950840832
1342861480593653760
1342861456052772864
1342861439560790016
1342861407377874944
1342861364700831488
1342861336389316608
1342861308086132736
1342861266168262912
1342861241669324800
1342861210681815040
1342861173021175808
1342861122966269952
1342861102061940736
1342861076266971136
1342861017190182912
1342860992171143168
1342860968003592192
1342860941256503296
1342860922486988800
1342860898755616768
1342860834633113600
1342860812101300224
1342860775149490176
1342860752596721664
1342860732707307520
1342860709898686464
1342860652336046080
1342860623483465728
1342860608635604992
1342860514452516864
1342860473075699712
1342860438879559680
1342860422240743424
1342860387306393600
1342860368075485184
1342860346588073984
1342860321912991488
1342860301570605056
1342860284076175360
1342854839269785600
1342847911873437696
1342766885427957760
1342766387442426112
1342766368899407872
1342765632547389440
1342765594547023872
1342765568441638912
1342765544039186432
1342765503857745920
1342764851643490304
1342764664485249024
1342764610294837248
1342764566984404992
1342764531618095104
1342764253229494272
1342763241387261952
1342763181266116608
1342763139927040000
1342763024290033664
1342762987069841408
1342762876990337024
1342762697939689472
1342762657837932288
1342761968919322624
1342761923440467968
1342761767135535104
1342761669521510400
1342761599656992768
1342761535026974720
1342761436657950720
1342761307104272384
1342761265081495552
1342761199906258944
1342761124383649792
1342761014006345728
1342760950429052928
1342760885417349120
1342760840014012416
1342760794736488448
1342760758585794560
1342760707071291392
1342760669280669696
1342760632052019200
1342760580634062848
1342760535587172352
1342760487184949248
1342760457938075648
1342760423674798080
1342760385343070208
1342760346113740800
1342760309455540224
1342760274470830080
1342760198474231808
1342760109219393536
1342760043536670720
1342759988062777088
1342759938012098560
1342759892201910272
1342759827194458112
1342759694230814720
1342759658751205376
1342759610172772352
1342759531714113536
1342759484964409088
1342759423031336960
1342759355330998272
1342759247260639232
1342759218194087936
1342759084689412096
1342759026896068608
1342758392121667584
1342758351101427712
1342758326040465408
1342758268087754752
1342758217965850624
1342758144804581376
1342756329627254784
1342756047589617664
1342751738546237440
1342751707810426880
1342751677171060736
1342751634888286208
1342751594199330816
1342751535118344192
1342751457678909440
1342751422841049088
1342751290355560448
1342751235221446912
1342751192909312000
1342751110864527360
1342751052647559168
1342750986130087936
1342750935492210688
1342750897915514880
1342750846845661184
1342750789501153280
1342750728767614976
1342750660840878080
1342750625176694784
1342750545585590272
1342750477977579520
1342750364735594496
1342750257185255424
1342750233416105984
1342750140508024832
1342750120618700800
1342750086988754944
1342750040822054912
1342750004247728128
1342749906851803136
1342749884202541056
1342749851973525504
1342749811758530560
1342749782868156416
1342749414763470848
1342749357901307904
1342749286048690176
1342749193904025600
1342749118855319552
1342748360466460672
1342748048468963328
1342748009629708288
1342747975706157056
1342747934660694016
1342747893258739712
1342747869602848768
1342747828972564480
1342747807468367872
1342747760060198912
1342747723532013568
1342747622738710528
1342747592833302528
1342747566623109120
1342747530916990976
1342747512105525248
1342747474730119168
1342747433932120064
1342747395784896512
1342747324624351232
1342747260849946624
1342747233750495232
1342747136396505088
1342747042645475328
1342747019916538112
1342747001717465088
1342746982222352384
1342746937683038208
1342746891566665728
1342746850894475264
1342746688763658240
1342746568722706432
1342746522543419392
1342746424916795392
1342746394428383232
1342746371892400128
1342745237983285248
1342605796220219392
1342605618167894016
1342605504762281984
1342605455198195712
1342605405806075904
1342605352693604352
1342605280899715072
1342605235940945920
1342605208510193664
1342605100536254464
1342605010333536512
1342584229557923840
1342584196448051200
1342584156103073792
1342584127120404480
1342584082757279488
1342584038339596288
1342582579342487552
1342582516633513984
1342582450367721472
1342582406881140736
1342582365890207488
1342582320587563008
1342582269165375488
1342582232351965184
1342577984499281920
1342577954015084288
1342577920557133824
1342577895236116480
1342577849987956736
1342577573071618048
1342577424962355200
1342576906085003264
1342576843749208064
1342576755333337088
1342576666074357760
1342576642586271488
1342576606846603264
1342576555852242944
1342576406207881216
1342576351027593216
1342574485195665408
1342574081863020288
1342574013843984384
1342573860496023552
1342573743051333632
1342572558227484672
1342572490523029504
1342572416371986432
1342572356817088512
1342572272670924800
1342572117905317888
1342572049206816768
1342571983456894976
1342571294307581952
1342571255808073728
1342571188363661312
1342571124052402176
1342571051369308160
1342570951381233664
1342570930925670400
1342570724050006016
1342570673131155712
1342570605523185664
1342570539248975872
1342570378460336128
1342570326715207680
1342570243579924480
1342569943695568896
1342569887001145088
1342569776145690624
1342569617500286976
1342569566233382912
1342569433634627584
1342569360058146816
1342569291317653504
1342569201425235968
1342569119959408640
1342568987759157248
1342568913184452608
1342568802194755584
1342568717398417408
1342568580462817280
1342568518299086848
1342568460417703936
1342568419774885888
1342568347930660864
1342568296839835648
1342568251117744128
1342568224148377600
1342568182339538944
1342568140480380928
1342568107454439424
1342568052244832512
1342568016010207232
1342567930693885952
1342567532847386624
1342567457194733568
1342567407190212608
1342567359853293568
1342567299929223168
1342567237652250624
1342567195038068736
1342567135487340288
1342567064477773824
1342567008639004672
1342566930281099264
1342566831916249088
1342566747740758016
1342566654958567424
1342565710480990208
1342556856691154944
1342553000724860928
1342542556991774720
1342536832605712384
1342533393750384640
1342520344272379904
1342520223900069888
1342520195030675712
1342520167717224448
1342520138327797760
1342520094375685888
1342520039417774080
1342519900506632192
1342519814561132288
1342503873441918976
1342503823693246464
1342502876925620224
1342502825104961536
1342502768238612480
1342502738467442688
1342502451853877248
1342502426688028672
1342502408400809984
1342502347168243712
1342502015310716928
1342501994817318912
1342501965100675072
1342501925040828416
1342501901703766016
1342501874361118720
1342501833676349440
1342501376245592064
1342501354707816448
1342501311187734528
1342501296318935040
1342501246578667520
1342501217788981248
1342501174189158400
1342456864739569664
1342456621885255680
1342456597168205824
1342456569318023168
1342456542243786752
1342456484412743680
1342456451982307328
1342456434081018112
1342456398198747136
1342455758928158720
1342455730658541568
1342455696768512000
1342455657434378240
1342455640170631168
1342454601388351488
1342454581117202432
1342454538028994560
1342454519767162880
1342454489316515840
1342454462917566464
1342454441530814464
1342454424900395008
1342454303877963776
1342454280595365888
1342454258130677760
1342454236987207680
1342454213243260928
1342454195203534848
1342454173086973952
1342454142766374912
1342454058133704704
1342453994153783296
1342453959240384512
1342453929871892480
1342453562874466304
1342453542079107072
1342453415763464192
1342453336470122496
1342453299971293184
1342452597010161664
1342452576718102528
1342452551246098432
1342452457675378688
1342452415778463488
1342452396128141312
1342452377488678912
1342452345851011072
1342452330252402688
1342452309024976896
1342452246114684928
1342452215865356288
1342452197917917184
1342452177244188672
1342451490963812352
1342451453798055936
1342451339293577216
1342451309648211968
1342451289016463360
1342451264748191488
1342451230992461824
1342451204920651776
1342451179104727040
1342451132648587264
1342451102646759424
1342451053460123648
1342450993049563136
1342450962724777984
1342450920202907648
1342450893573259264
1342372224938999808
1342372192877686784
1342372173881745408
1342372153736442112
1342372122392461312
1342372083079262208
1342372054927089664
1342372030247821312
1342371998278836224
1342371977525399552
1342371956600037376
1342371912765333504
1342371889843490816
1342371805936410624
1342371508161802240
1342371466524946432
1342371220042506240
1342371178963476480
1342371112076902400
1342371059350327296
1342371010885148672
1342370922448228352
1342370823756197888
1342370786561187840
1342370767640604672
1342370737466826752
1342370664070717440
1342368744484577280
1342368620752547840
1342368505014923264
1342368473138274304
1342368403085021184
1342368360621879296
1342368328829071360
1342368293542363136
1342368236642426880
1342367997562859520
1342367973470830592
1342367942638505984
1342367905221140480
1342367863823343616
1342367771552862208
1342367739273424896
1342367712291520512
1342367687322775552
1342367660395405312
1342367573090963712
1342367544687128576
1342367473375580160
1342367430513987584
1342367399849435136
1342367376709464064
1342367355595354112
1342367308346486784
1342367289526657024
1342367265308729088
1342367245700313088
1342367006453075968
1342366980913958912
1342366919966547968
1342366889989832704
1342366865310576640
1342366846830448640
1342366829583470592
1342366702785454080
1342366598728970240
1342366564994211840
1342366415593074688
1342366376003063808
1342366315206602752
1342366290854481920
1342366200857243648
1342366170796720128
1342366145660264448
1342366099703271424
1342366083446173696
1342366021500497920
1342365990169038848
1342365961320615936
1342365947227746304
1342365861689118720
1342365793070309376
1342365764729319424
1342363176231456768
1342363151254351872
1342363127124537088
1342363008132141056
1342362984828592128
1342247272961232896
1342245094532018176
1342245062541942784
1342244959529947136
1342244796128239616
1342236146454188032
1342236106612502528
1342235858934628352
1342232988617211904
1342232942802853888
1342232845033611264
1342232818940858368
1342232791422013440
1342232763785752576
1342232736807997440
1342232713537974272
1342232614980227072
1342232284339040512
1342231297612259328
1342231261960687616
1342231089176334336
1342230695310143488
1342230671247495168
1342230651018354688
1342230571997605888
1342229990826532864
1342229965325135872
1342229937474965504
1342229885956321280
1342229844889841664
1342229822299365376
1342229776677933056
1342229753852547072
1342229728103718912
1342229687616081920
1342229667873435648
1342229624105934848
1342229586592100352
1342229543633956864
1342229519726424064
1342229491955998720
1342229469331914752
1342229451850051584
1342229429054033920
1342229404219559936
1342229372032471040
1342229348619870208
1342229320249565184
1342229279216644096
1342229233645613056
1342229196299514112
1342229168671612928
1342229147364581376
1342229118604242944
1342229095447474176
1342229073247019008
1342229053709946880
1342229011792015360
1342227832311787520
1342227812804157440
1342227779094515712
1342227762141130752
1342227729786298368
1342227714409902080
1342227681627287552
1342227572898340864
1342227555198373888
1342227533295714304
1342227506200522752
1342227492615155712
1342227476714582016
1342227455214563328
1342227436944171008
1342227412558487552
1342227395147923712
1342227379872260096
1342227359861264384
1342227327959363584
1342227182916145152
1342227166130532352
1342227139534401536
1342227120999833600
1342227084681359360
1342227065433694208
1342227014128971776
1342200262774165504
1342164196973285376
1342164166937870336
1342164069441269760
1342164022167220224
1342163766390239232
1342163729660710912
1342163693744873472
1342163640452059136
1342163606553718784
1342163564694564864
1342163503877140480
1342163423044448512
1342163364420739072
1342162491829268480
1342161632319971328
1342156724258676736
1342154513260621824
1342154336089092096
1342154116727005184
1342151615030112512
1342151591214903296
1342151495576395776
1342151440048021504
1342151358439444480
1342149174016561152
1342149138364952576
1342149102126198784
1342149074368212992
1342149049282125824
1342149005904588800
1342148974619320320
1342148933599031296
1342148901810434048
1342148761049591808
1342148720289316864
1342148428000849920
1342148304654708736
1342137340278550528
1342137315796389888
1342137288063594496
1342137257403297792
1342137216643047424
1342137166886019072
1342137131406417920
1342137099626164224
1342137076712660992
1342137049621680128
1342136699703480320
1342136571454238720
1342136535999766528
1342136508707442688
1342136475895406592
1342136398837653504
1342136341845463040
1342136103185358848
1342136083308552192
1342136061229674496
1342136020234604288
1342135966925017088
1342135933483810816
1342072751151079424
1342072731207131136
1342072709493235712
1342072673590010112
1342072628962603008
1342072602530078720
1342072573417369600
1342072538168500224
1342072520401448960
1342072478466793472
1342072458472550400
1342072431826120704
1342072412192575488
1342072369901400064
1342072338792271872
1342072322694508288
1342072299671924736
1342072229656489984
1342072183909179392
1342071928077611008
1342071887741001728
1342071859270078464
1342071756262138112
1342070634021470208
1342070602690146304
1342070572843479040
1342070118805868288
1342070092885061632
1342070068226699264
1342070045409763328
1342070014984282112
1342069986714669056
1342069952833073152
1342069926815793152
1342069907102584832
1342069888890920960
1342069838148206592
1342069705079738368
1342069093076238336
1342069067235131392
1342069038030221312
1342069001858461696
1342068979209273088
1342068942609797120
1342068923450220288
1342068892735307776
1345655301974990848
1345654034158546944
1345654014877302784
1345653997433221120
1345653960493948928
1345653941007228928
1345653919695966208
1345653656230780928
1345653637821980672
1345653615684325376
1345653593739845632
1345653551805189888
1345498755718647808
1345498736072523776
1345498719005904896
1345498698579660800
1345494875668701184
1345494466581454848
1345492731867635712
1345492688037179392
1345492345282830336
1345492316925124608
1345482846455148288
1345480822439162112
1345480214101504000
1345479998543695872
1345479838136676352
1345478241952395264
1345478119734571008
1345477085645647872
1345476868980485888
1345476601253867520
1345476557683499008
1345465681123414016
1345465527142129664
1345461453575368704
1345461295659810816
1345461269437014016
1345461233680592896
1345461217998024704
1345458503423561728
1345458434511089664
1345458393234989056
1345452841926873088
1345452757390663680
1345452731876712448
1345452692454440960
1345452668718866432
1345452634539499520
1345427117295677440
1345426923661520896
1345426897031847936
1345425822145015808
1345425271957184512
1345423042567163904
1345423012779225088
1345409710405652480
1345409654206164992
1345409557720428288
1345409532932067328
1345392313061793792
1345392285823938560
1345392258145726464
1345392234393456640
1345389489087246336
1345381999163428864
1345381978468659200
1345381955777552384
1345381920927068160
1345369559700795392
1345369535604527104
1345364730513412096
1345364697269329920
1345364672745263104
1345357709756018688
1345351053072592896
1345346753139249152
1345345873505562624
1345341575300329472
1345341381351501824
1345341359364960512
1345341333947506688
1345338888445943808
1345338865771491328
1345336048088457216
1345336022356422912
1345335998889271296
1345329360732086272
1345329098986565632
1345327657102286848
1345319729699966976
1345319693368893440
1345312871157260288
1345312850810707968
1345312827012218880
1345312356029575168
1345308526588154112
1345296750098194432
1345290121738936320
1345290078336245760
1345288710204620800
1345288619829948416
1345163780372783104
1345161553012789248
1345158299759599616
1345150248516251648
1345148025648381952
1345146133480353792
1345143905852002304
1345143873996271616
1345134421637267712
1345132759669473280
1345128596105555968
1345128554909077504
1345128499284205568
1345128472239341568
1345122883765493760
1345122863196610560
1345122820100132864
1345122796935012352
1345122773731971072
1345120979283021824
1345120098437238784
1345119864638287872
1345118213047267328
1345113781970620416
1345113760856420352
1345113737955569664
1345112342783258624
1345103653208805376
1345103235921666048
1345100054294622208
1345099873218129920
1345099246492672000
1345098952446767104
1345098127192314112
1345092323328274432
1345088759310798848
1345088723189444608
1345085707136741376
1345081925799616512
1345076633192067072
1345076613071958016
1345076592519872512
1345076569224704000
1345076502958919680
1345076484411691008
1345076457635274752
1345076431366316032
1345073610336120832
1345073592128712704
1345073003193905152
1345072491664994304
1345072459616313088
1345072414577860608
1345072372890689536
1345072250198913024
1345072225871917056
1345072033844129792
1345072010662203392
1345071988025520128
1345071647057960960
1345071616225644288
1345071594146844672
1345071573707976704
1345071553566924800
1345071532431863808
1345071510399160320
1345071443126718464
1345071387824828416
1345069387322171392
1345069074255118336
1345068075872354304
1345067486761414912
1345064824909258752
1345064707955318784
1345064362483077120
1345064340785950720
1345064309391503360
1345064277279961088
1345032969233248512
1345024049639010304
1345023833477181440
1345022502016327680
1345022468801634304
1345017928228417536
1345014399350824960
1345014378958094336
1345014359790149632
1345009623900807168
1345009560914980864
1345004066057973760
1345004035896733696
1345004014090514432
1344991338476040192
1344990692188237824
1344985091320274944
1344982320319705088
1344975718820810752
1344975663745413120
1344973896869666816
1344970563811479552
1344963145232756736
1344957057091440640
1344946739690827776
1344946718119518208
1344946628554272768
1344946493762007040
1344946434093838336
1344946411851440128
1344946393169993728
1344946368754966528
1344946341777203200
1344937571906936832
1344937196629975040
1344935952431636480
1344935928847081472
1344926152830418944
1344926131099754496
1344925953638719488
1344925925503356928
1344925818653450240
1344925755902451712
1344763899841806336
1344763879772086272
1344763853322788864
1344763833060110336
1344763644052201472
1344763619209261056
1344763513370267648
1344763491043971072
1344763462078099712
1344763439709884416
1344763417022898176
1344740728405168128
1344740628844965888
1344740564068143104
1344740545298632704
1344740523031060480
1344733875281518592
1344728240821137408
1344728217924591616
1344723388720410624
1344723350543888384
1344723325789085696
1344723304276488192
1344723286702370816
1344686753840566272
1344671168700305408
1344671128174944512
1344661228770250752
1344661193835872512
1344642952228970496
1344642412468174848
1344642409867706368
1344642401512652800
1344642289000476672
1344642289000468480
1344642277256404992
1344642257853566976
1344623328712122368
1344623177280925696
1344623156376588288
1344617639885352960
1344614930415296512
1344600169820651520
1344591557408796672
1344591532452683776
1344591510663258112
1344578607394521088
1344568077871181824
1344560664614998016
1344554936059748352
1344554904023658496
1344554883970641920
1344554865125695488
1344554842140930048
1344554823774035968
1344554731650347008
1344512507243876352
1344414335955820288
1344411853569536000
1344404882393071616
1344400373042323712
1344399954626764800
1344397468004454400
1344393200069451776
1344390176311750912
1344390162688708608
1344390149149511680
1344390122763132928
1344383205856698368
1344383185099042816
1344382067027693568
1344382042755244032
1344376874772934912
1344376780711489536
1344376747257688064
1344376709978730496
1344376693214089216
1344366934662508288
1344366912990547968
1344366879993982976
1344366851841794048
1344361554385448960
1344360923088171008
1344355605591580672
1344352812793262080
1344343159019630592
1344343139205656576
1344343119953846272
1344343101289193472
1344343079608856576
1344325033032896512
1344324967572381696
1344324934718394368
1344285020689735680
1344285003354693632
1344284981200302080
1344270954868986112
1344270932572069888
1344270881493823488
1344270674311979008
1344270653017509888
1344251620016742400
1344251601104629760
1344251584474189824
1344239468727984128
1344226941184974848
1344226901754314752
1344208632989294592
1344205573856894976
1344200176643280896
1344197395207208960
1344197241087680512
1344195595435712512
1344194212284289024
1344194174837514240
1344194143493492736
1344194112053010432
1344186370160525312
1344163457554386944
1344162693847142400
1344158616727802112
1344158308660375552
1344156386326941696
1344156329603190784
1344141875301724160
1344067510014980096
1344067445070430208
1344067397918064640
1344054335295152128
1344054318987673600
1344043424643690496
1344043090097664000
1344043060414599168
1344043014520451072
1344031096149843968
1344031051186843648
1344014841212772352
1344014824230023168
1344014807184396288
1344014788637171712
1344014762682839040
1344014735579217920
1344004376504004608
1344002814029258752
1344002722287263488
1344002701454168064
1343992464898711552
1343992432283807488
1343990634428960768
1343990603219152896
1343990362214440960
1343990286649851904
1343990252671819776
1343990228441305088
1343985829287505920
1343985807166734336
1343985781011075072
1343985758236004352
1343984897682255872
1343984602508124160
1343984584254513152
1343984562033061888
1343984543922085888
1343984525660069888
1343984498069934080
1343984461965357056
1343984443778850816
1343984416226422784
1343984398371315712
1343984367555776512
1343981886679490560
1343981635390341120
1343981616830537728
1343981594365849600
1343970249402703872
1343968305212760064
1343968173218009088
1343940728888713216
1343939356017500160
1343939338426593280
1343914851551371264
1343914799583944704
1343914776439762944
1343914737118175232
1343914711797145600
1343892154779840512
1343892128930422784
1343892104624435200
1343892077273370624
1343870902073765888
1343870780103393280
1343862448449875968
1343861566740066304
1343861537887420416
1343851117923475712
1343847647724134400
1343832060432101376
1343831913044324352
1343831848309448704
1343831516753911808
1343820367224328192
1343819826335281152
1343819464417173504
1343817403948523520
1343816155811688448
1343815657876500480
1343702122609709056
1343701055461347328
1343698144559828992
1343696634903994368
1343695290612768768
1343695262032814080
1343695218869198848
1343687924899061760
1343687399596052480
1343682463139328000
1343671889563152384
1343664767140057088
1343664735150088192
1343660652766908416
1343656097232678912
1343655859432382464
1343655849256955904
1343655361761443840
1343648313053212672
1343645854863945728
1343643036472008704
1343643016641339392
1343642990116360192
1343642966368391168
1343642946118283264
1343642925155164160
1343642900891131904
1343642809333665792
1343642696926326784
1343642669776576512
1343642642828189696
1343598033234251776
1343597997733507072
1343590120205725696
1343590091999084288
1343556981680959488
1343556798163378176
1343541650367410176
1343541578221150208
1343533158176796672
1343533081588887552
1343503496629334016
1343503223995453440
1343482988265414912
1343482964177530880
1343482943742873600
1343482922330894336
1343482897865601024
1343482872288731136
1343437599030050816
1343437540980891648
1343358987186614272
1343337772778713088
1343337728285536512
1343334218634559488
1343333551375343616
1343332996359852032
1343332844182130688
1343331637598281728
1343331401576361984
1343329414587817984
1343329312360034304
1343328229592092672
1343328182104182784
1343327788938518528
1343327742000029696
1343327543240306688
1343326642119331840
1343322529436479488
1343321909522530304
1343321363197652992
1343320734043680768
1343320079669350400
1343319693466234880
1343317811582668800
1343316084330541056
1343313207532916736
1343311802340433920
1343310964255580160
1343309139146117120
1343307105466540032
1343306847319715840
1343306492255068160
1343306451801010176
1343305083254140928
1343304419652333568
1343301775084949504
1343301745770962944
1343301719158124288
1343300245397123072
1343300221674119168
1343288149276053504
1343284185579057152
1343284143724105728
1343284113910861824
1343284078829838336
1343260321767706624
1343260182701355008
1343260140573761536
1343260081438281728
1343260057962741760
1343260033673523200
1343252015506403328
1343244096312406016
1343244089949646848
1343243856301719552
1343243758792564736
1343242555178287104
1343242506545340416
1343226057802055680
1343218076343533568
1343217150346063872
1343217121636077568
1343217099280429056
1343217053138882560
1343217027826257920
1343216997077757952
1343179665419153408
1343179635534786560
1343179611765669888
1343174441065394176
1343168892076744704
1343154456523845632
1343150418155761664
1343150393954607104
1343150366469316608
1343150346269552640
1343150321917452288
1343145232423116800
1343144987610009600
1343141113683730432
1343133706538647552
1343133662838206464
1343133640516132864
1343133612133273600
1342976287397318912
1342971488836718592
1342969852747784192
1342969602528178176
1342969535574528000
1342969492452892672
1342969469342277632
1342969447498346496
1342969425138503680
1342969401608462336
1342947464698068992
1342947437137317888
1342947352005517312
1342926456477855488
1342909440777924608
1342909412743196672
1342909378970660864
1342909338780922112
1342881279025541120
1342878000627515392
1342877644854091776
1342877322240782336
1342877054220566528
1342871704067043328
1342865166396960768
1342864992081735680
1342836763224645632
1342836742655778816
1342836715891924992
1342836694731649024
1342836645981261824
1342819580453023488
1342819489667231488
1342819411540013056
1342819380862836736
1342809561162543104
1342809514391842816
1342805012800557056
1342781292165935104
1342777184235233280
1342777027615715328
1342776904198328320
1342764484230840320
1342764424994680832
1342762505978994688
1342762482625114112
1342762463813636096
1342742042586316800
1342741971035688960
1342735399563784192
1342735378244100096
1342735287127076864
1342735235667079168
1342735192847495168
1342735169724284928
1342569512642760704
1342565221035085824
1342563839607508992
1342563820238155776
1342563784586625024
1342563765192187904
1342563724083818496
1342560201879269376
1342559190359928832
1342554504638689280
1342554484778692608
1342554461810647040
1342554439928971264
1342554306172608512
1342554284496461824
1342549004870164480
1342539611160137728
1342539590855503872
1342539567925231616
1342539546601390080
1342539530155524096
1342539509800579072
1342532224785256448
1342531829690232832
1342531811436601088
1342531791601676288
1342531471588937728
1342531445789761536
1342531432133107712
1342531396905005056
1342531127442079488
1342531102230065152
1342531083494109184
1342531038497677312
1342531019157741568
1342520382990016512
1342505932266287104
1342494689304449024
1342494554436620288
1342494485813612288
1342494371854364672
1342474053379100672
1342474032097144832
1342473995740962816
1342473921849937920
1342473805176909824
1342472716516020224
1342421596070424576
1342404977826947072
1342404947867004928
1342382425507299328
1342381661611298816
1342381182873432064
1342381153764995072
1342381124182568960
1342380640176664576
1342380608601825280
1342380587756228608
1342361345514205184
1342361324521742336
1342354595222315008
1342354570018762752
1342346719649034240
1342340378154905600
1342340358445928448
1342332633687224320
1342332074963984384
1342331185012350976
1342276757966221312
1342261226592759808
1342246943054061568
1342246923907051520
1342243376515710976
1342238462313959424
1342228771936604160
1342226360522203136
1342226222290497536
1342219174924480512
1342219077876658176
1342218692634017792
1342210910451085312
1342203984052957184
1342203807867011072
1342203719509807104
1342201863811248128
1342201838569926912
1342201796933144576
1342201775219220480
1342201756848107520
1342181124324384768
1342176880103985152
1342174848974544896
1342174820662996992
1342174738219732992
1342174720305868800
1342174695165227008
1342174673514201088
1342174653587070976
1342174615116906496
1342153546632933376
1342153517495160832
1342153490777464832
1342153442689691648
1342153419637870592
1342111497279954944
1342111417365893120
1342111392481095680
1342111370951667712
1342078428917469184
1342078227804782592
1342059861161422848
1342059842551353088
1342059815904882688
1342058202452602880
1342054035793321984
1342054004289900288
1342014990019137536
1342013626086023168
1342013605135396864
1342013584142905088
1342013566371684352
1341855102320164864
1341854788103892992
1341839094935121920
1341831758271156224
1341830935789056000
1341819220473106432
1341818481759629312
1341786080513765376
1341774253734149888
1341773740942745600
1341773684613242880
1341765736478494720
1341765653141839872
1341761427787440128
1341760418604347392
1341750220867186688
1341750168153108480
1341750127745245184
1341740492954996736
1341740419705692160
1341740398847418368
1341740384091856896
1341740366886805504
1341740350143164416
1341734017918484480
1341733990366138368
1341717218892128512
1341704804544950272
1341704526840139776
1341702668423720960
1341702652254703616
1341696317274373888
1341676265221345280
1341649149528301568
1341644629939249152
1341644598251237376
1341644579020410880
1341644560439635968
1341644542790033408
1341644526193172480
1341522744513617920
1341510790881357824
1341510763140231168
1341506264409497600
1341499716245344512
1341499681256452096
1341492678979149824
1341471786228211712
1341471756297629696
1341471724437704704
1341471693156564992
1341470197018968064
1341470043159314432
1341469639944138752
1341468382806339584
1341468126240759808
1341465036951343104
1341464546712678400
1341463969987518464
1341463847832530944
1341463789187772416
1341463398610063360
1341463374396338176
1341463352913104896
1341463289604259840
1341463227637612288
1341463192145432576
1341463148931497984
1341463083378728960
1341463070770606080
1341462833809244160
1341462794496077824
1341462685502869504
1341462660668383232
1341462632428146688
1341462573032587264
1341462539159425024
1341462489746317312
1341460858900254720
1341460834925604864
1341460808988061696
1341460775471345664
1341460749567356928
1341460664666238976
1341460641484333056
1341460565609377792
1341460540258959360
1341460494197153792
1341460465554247680
1341460443769040896
1341460401469452288
1341460378287550464
1341460357118889984
1341460333219749888
1341460306871128064
1341460279968886784
1341460215515009024
1341460192320471040
1341460068924076032
1341460025622073088
1341460002159153152
1341459975051370496
1341459951294791680
1341459899641958400
1341459872710324224
1341459837675319296
1341459809539928064
1341445277882970112
1341441387389136896
1341430951033909248
1341418392029442048
1341404966473351168
1341395077407657984
1341389709449326592
1341388638865768448
1341380389458374912
1341369823419359232
1341369799906127872
1341369773628780288
1341369751528943616
1341364223914471424
1341364146613465088
1341364116829696000
1341342819470946304
1341342786470162432
1341342737627557888
1341342707973799936
1341342643968720896
1341342550691622912
1341299984935870464
1341299895177756672
1341299862235713536
1341299825917214720
1341299791926575104
1341299768908271616
1341299743843119104
1341299713174331392
1341299690738999296
1341299662695903232
1341150844943806464
1341149804274049024
1341149700423110912
1341149614947360768
1341149539009515520
1341117067538382848
1341117036529905664
1341116991080423424
1341116895538401280
1341116825275420672
1341116795839795200
1341116771156316160
1341116745675845632
1341116720875008000
1341116692739608576
1341116579287842816
1341116545565659136
1341116507183591424
1341116474799382528
1341116447246983168
1341043401265963008
1341036372279353088
1341036328889282560
1341036305661255680
1341036280155660288
1341036254805299200
1341036230415400960
1341036203978731520
1341036174035574784
1341036143345852416
1341036119526400000
1340949247047418112
1340949193188360192
1340949153258598400
1340943941777190912
1340943913172013056
1340943887234437120
1340943846860083200
1340943824307294208
1340943775913418752
1340943736323379200
1340943707751768064
1340943603649179648
1340943574662299648
1340943547835576320
1340943522254495488
1340943501140353024
1340943474405871616
1340943447247745024
1340943422362890240
1340943316528095232
1340736643905536000
1340736619352100864
1340736463466618880
1340703005985959936
1340702445014560768
1340702418280062976
1340702357613637632
1340702329163681792
1340677470975094784
1340676978416992512
1340676684916416512
1340676654558031872
1340676631715831808
1340676473766752512
1340676449213292288
1340676407958093824
1340676378388258816
1340676311472332800
1340629404255449088
1340629191184830464
1340611559928836096
1340611496628379648
1340611469751291904
1340604344291504128
1340604291917201408
1340604267695095808
1340604158676754432
1340604078557171712
1340604054595137536
1340604026468134912
1340603926912126976
1340603883509321728
1340603861892034560
1340603811052855296
1340603787766067200
1340398950591901696
1340398836636938240
1340398785424470016
1340398736082693888
1340398700959567872
1340398605467865088
1340398556381851648
1340398526937911296
1340398490032205824
1340398357345406976
1340398303133970432
1340353972545175552
1340353920586137600
1340353795046445056
1340353581698985984
1340353513537368064
1340353486169534464
1340353460861071360
1340337432282222592
1340337409637150720
1340337370177146880
1340337345015508992
1340337319761620992
1340337293547204608
1340337265588006912
1340337240824799232
1340337215759630336
1340337191705309184
1340337168565321728
1340337143269482496
1340337087489433600
1340337063057629184
1340337030274924288
1340336983634288640
1340336956492959488
1340336892747927552
1340336858476240896
1340336778759303168
1340336703622537216
1340336675831070720
1340336634357792768
1340336614598426624
1340246379822796800
1340246352576561152
1340246329587609600
1340235372840837120
1340223705054666752
1340223658141360128
1340223602638147584
1340223578034335488
1340223551564115968
1340223526477950976
1340223505258991616
1340201748070318080
1340201725341392896
1340201699710021632
1340201658312253440
1340201628876549888
1340201606462238720
1340201579899727872
1340201553874055168
1340201528263630848
1340201498857365504
1340201473846722560
1340201448194383872
1340201423900991488
1340201399880196096
1340201377553854464
1340201322868596736
1340201298898120704
1340201228081524736
1340201152621719552
1340201080299335680
1340201043192377088
1340200927744184320
1340200889219428352
1340200783674019840
1340200730821615616
1340200690103279616
1340200645543030784
1340200575225516032
1339988117713989632
1339988073329901568
1339988040933060608
1339988017709236224
1339987990546948096
1339987963846012928
1339987920669782016
1339987897529880576
1339987875375542272
1339987810519048192
1339987789329412096
1339987764562030592
1339987740004405248
1339987715367038976
1339987692407414784
1339987462488285184
1339987436156440576
1339987405135351808
1339987375284482048
1339987350370267136
1339987287053135872
1339987242337624064
1339915062807584768
1339914988346089472
1339914917101625088
1339914859006357504
1339914834083770368
1339914813485568000
1339891253505306624
1339875641643118592
1339875609841967104
1339875588555857920
1339875559917178880
1339875447635636224
1339844321823121408
1339824084998340608
1339802279453614080
1339802256120700928
1339802235325308928
1339802162789027840
1339802126030172160
1339802055523897088
1339802030530039808
1339801963114971136
1339639500339818496
1339639477082468352
1339636349662576640
1339636318134005760
1339636291680530432
1339636257727647488
1339636231399981056
1339636137174970368
1339626731372765184
1339626706622164992
1339626593233346560
1339601318655115264
1339601293904470016
1339601271263621120
1339601246278193152
1339582003562234112
1339581516280516608
1339581459447783424
1339581357026988032
1339581306485633024
1339563052170170368
1339563023208488960
1339562951313862912
1339562948314972160
1339562947128029184
1339562849002250240
1339562809462538240
1339562745553952768
1339562678256340992
1339541923481063424
1339541881194245888
1339479538884079616
1339471810681851904
1339471668201349120
1339434987418955776
1339415436555923712
1339415417127903232
1339415391471321088
1339415356998381568
1339415334839848960
1339415308935835648
1339415283384107008
1339415230372323328
1339307744017387520
1339307693220257792
1339307669220372480
1339307642288820224
1339307572076179712
1339307544838279168
1339307498789081088
1339307469584142336
1339307427351629824
1339253991805431808
1339241012275929088
1339240976259444736
1339240948006612992
1339240913089032192
1339240888011280384
1339240852317741056
1339240749695721472
1339215155947859968
1339215126432506112
1339215088784465920
1339215032056504320
1339188097813278720
1339188043404677120
1339188004544503808
1339175372190003200
1339175347770810368
1339169924376387584
1339169457634234368
1339144549432762368
1339144232460759040
1339144186369597440
1339126067999756288
1339125839468916736
1339125653510172672
1339125567556349952
1339125361221787648
1339125066227982336
1339124406883414016
1339122293944029184
1339122011700867072
1339121716782657536
1339121692543758336
1339121630988079104
1339102326263607296
1339102300393107712
1339102276993085440
1339102248538939392
1339102219677949952
1339102194440810496
1338966426682535936
1338966401667772416
1338966375579217920
1338961604654804992
1338961576129417216
1338959563068944384
1338944297656315904
1338944256841572352
1338944099987181568
1338944055250726912
1338943970064408576
1338939153564766208
1338939118445801472
1338939047503425536
1338938943539195904
1338938883569016832
1338938789855686912
1338938750370451712
1338938681395179520
1338938655323328512
1338938626260881408
1338938595906826240
1338938558040694784
1338938471998779392
1338938443804659712
1338938412833837056
1338938383394091008
1338938351450271488
1338938322534666240
1338938275403341824
1338938245921579008
1338938216016191488
1338938148135514112
1338938080573722624
1338938045643579392
1338938006422609920
1338874882784956416
1338861953154830336
1338845599114928128
1338811609637138432
1338811527474917376
1338780014972694528
1338744462294573056
1338725346682793984
1338725320451629056
1338725288700764160
1338725246715760640
1338695470022078464
1338695442931003392
1338618571203747840
1338618176851095552
1338617256843108352
1338617233082347520
1338617128233136128
1338611596122271488
1338610407670489088
1338610380478828288
1338605078006083584
1338599200293052416
1338596566974783488
1338596540110286848
1338596501614944512
1338595814965440512
1338593358265118720
1338593222097055488
1338591068686872576
1338587507437559808
1338586541149589504
1338586499386920960
1338586459872391168
1338586439265751040
1338586419934203904
1338574909161791488
1338545708161437696
1338544191257907200
1338542986523791360
1338542963509563392
1338542939912495104
1338542893640933376
1338516682424414208
1338516626434646016
1338515252158345216
1338515214724116480
1338471895293960192
1338471868303626240
1338457888344453120
1338453106863071232
1338453063993093888
1338453036809801728
1338453014739361792
1338452983605063680
1338452955301863424
1338376050817036288
1338376030709575680
1338375986228957184
1338375900077944832
1338375846416044032
1338375795849498624
1338375768532021248
1338375728778403840
1338375661476581376
1338375599014998016
1338375569545760768
1338375520170483712
1338375489170399232
1338234561218686976
1338231906119393280
1338225951193391104
1338224533598244864
1338224500006154240
1338221200825344000
1338211338070454272
1338211312162189312
1338202272526962688
1338202195620225024
1338202135016706048
1338178705999491072
1338171432535281664
1338171396585885696
1338171341288197888
1338171238733189120
1338170747781525504
1338146428120682496
1338146064520663040
1338142010360950784
1338141980564598784
1338132344532848640
1338132323846533120
1338132299838345216
1338132254380466176
1338132217919311872
1338132176873938944
1338107251006066688
1338107228566466560
1338090580757327872
1338088351304388608
1338088296484888576
1338088273869201408
1338071409516535808
1338071390533062912
1338071366948491264
1338071337261215488
1338071317799710720
1338071297222438912
1338071266482409472
1338071237789167616
1338041045750255616
1338040914799960064
1338039461121232896
1338035364011929600
1338035343614996480
1338016208482918400
1338013675106471936
1338013648594350080
1338013613747998720
1338013556546162688
1338013509209255936
1338013479584849920
1338013450048507904
1338013419421790208
1338013387352133632
1338013354003205888
1338013323200180224
1338013292183379968
1338013260570914816
1338013221857484800
1337877717598015488
1337875991096647680
1337875932347047936
1337875897941102592
1337874413497233408
1337874295217905664
1337874269448105984
1337874032109228032
1337873971686100992
1337869615855243264
1337865461380341760
1337863979830571008
1337863948532592640
1337863927183642624
1337845601711628288
1337831174320901888
1337829752053374976
1337829722097651712
1337829686743863296
1337829624294879232
1337829597283553280
1337829565100646400
1337829534993960960
1337829506531418112
1337829439602905088
1337778571599818752
1337778527140278272
1337778473922924288
1337778443304493056
1337778387310571520
1337778314191179776
1337778272109797376
1337752573810372608
1337752548871204864
1337752510036054016
1337752484295700480
1337752458249035776
1337752432189861888
1337752408638812160
1337752340225531904
1337752245673320448
1337752217315635200
1337752007940182016
1337751980492681216
1337751950809559040
1337751924804869888
1337751893834076160
1337751842873352192
1337751810665287680
1337751678943162368
1337751633011355648
1337751598295117824
1337751564837122048
1337751521040228352
1337751483274698752
1337694392619069440
1337694344497786880
1337694270967468032
1337679877982605312
1337679211243442176
1337679164284039168
1337662403845234688
1337661529685188608
1337661171445403648
1337654064893583360
1337654036800090112
1337649887043842048
1337649680138838016
1337649642662731776
1337641288288636928
1337641247784186112
1337641194722091008
1337641163830988800
1337641042187853824
1337511840520282112
1337511799705509888
1337498404897878016
1337488291109736448
1337488265058938880
1337488099602030592
1337486263855816704
1337479475571908608
1337479392159739904
1337476639962312704
1337473579940765696
1337473520742387712
1337471416304807936
1337471203506855936
1337471159886098432
1337471125400465408
1337471086078947328
1337469980724654080
1337469918154002432
1337469892837187584
1337469867243474944
1337469811962629888
1337469729531949056
1337469701379780608
1337469678164258816
1337469652860071936
1337469625144143872
1337469600687136768
1337469557380931584
1337469531619532800
1337469502985007104
1337469478976806912
1337469451969720320
1337469418373345280
1337469358017306624
1337469288115023872
1337469220880343040
1337469186977767424
1337469156438978560
1337469123488583680
1337391744464379904
1337391593813389312
1337389513824473088
1337386327386550272
1337386283719675904
1337386256486047488
1337386201318305792
1337386167583510528
1337386129780318208
1337355225292664832
1337316072593174528
1337305637500366848
1337304046387007488
1337303820255293440
1337303703209062400
1337303656761266176
1337301054153691136
1337300927976517632
1337297190310596608
1337297161646723072
1337297136057274368
1337297088518959104
1337296903009132288
1337296822457536512
1337152302063423488
1337152123100868608
1337148706483744768
1337148633477734400
1337139088755994624
1337139013975728128
1337138979028807680
1337138945205948416
1337138910082834432
1337132186416394240
1337128603381796864
1337122284385996800
1337115480142864384
1337115286034649088
1337113320294375424
1337113291311751168
1337112627445690368
1337112363447836672
1337112014863339520
1337111975998918912
1337111076874440704
1337108075963183104
1337105521703313408
1337105495321169920
1337105465956773888
1337105330396933888
1337105302081171712
1337105275216683008
1337092907430522880
1337091503248859136
1337091475771969536
1337091449427550208
1337091393316151296
1337091362529873920
1337081152688058368
1337081135222968320
1337081021267906560
1337080995573624832
1337080913973420032
1337060013123264512
1337057697074737152
1337057648303349760
1337047200686362624
1337047152477007872
1337047128116523008
1337034548304093184
1337034509674483712
1337016072357244928
1337016043613642752
1337016017361506304
1337015978551615488
1337007220320559104
1336982975431520512
1336982934117617664
1336982894464667648
1336982869105840128
1336982846926368768
1336935409100664832
1336934801358643200
1336927369760747520
1336921556551917568
1336921520757755904
1336893986141827072
1336893962100088832
1336893932223991808
1336893901198811136
1336893849881501696
1336893816524029952
1336893784513253376
1336893735171485696
1336893688576958464
1336893660798054400
1336893628220891136
1336893601457041408
1336750112568119296
1336750065822609408
1336746893066579968
1336746859524743168
1336746833150955520
1336746807699927040
1336746761227002112
1336746721989316608
1336746678385336320
1336733356730552320
1336733315823525888
1336732117053673472
1336731813646118912
1336731758360993792
1336731704485171200
1336731526139162624
1336685913200599040
1336685876810821632
1336685853825970176
1336672527058427904
1336672504128081920
1336656752507580416
1336656706495983616
1336656623142572032
1336644493840363520
1336644460361490432
1336631848361922560
1336631821283504128
1336631794905526272
1336612453136932864
1336612417946652672
1336578000553447424
1336577972829032448
1336577947864621056
1336577918965788672
1336577879119958016
1336577854189019136
1336576538926587904
1336575222393286912
1336549663470653440
1336549637805707264
1336549613453635584
1336549551386267648
1336549520319111168
1336549447526977536
1336549278479736832
1336549250457538560
1336549213040152576
1336549058220068864
1336549013198401536
1336548981099409408
1336548956424298496
1336548875126140928
1336548846978134016
1336548802619199488
1336402583653593088
1336402551919538176
1336402522521686016
1336402428237926400
1336402399150354432
1336402354736869376
1336402324605067264
1336402282917801984
1336402235274768384
1336402200864710912
1336402128617746432
1336402093385674752
1336402065208324096
1336402037278380032
1336402002440491008
1336401970853244928
1336401888263233536
1336401848320880640
1336401818541289472
1336401780859674624
1336401744155324416
1336401712899387392
1336401670985687040
1336401617864839168
1336401572729925632
1336401453104181248
1336401413258227712
1336335500899090432
1336335455034359808
1336322584355303424
1336321372146913280
1336317966380531712
1336317932662505472
1336317898734751488
1336303288006955008
1336284029461688320
1336283255922958336
1336283233835770112
1336271939661418496
1336263050295451648
1336262987980664832
1336256513283907584
1336256467930914816
1336250775668920320
1336249953866407936
1336249818709188608
1336249771657363712
1336231394184466432
1336231336533757952
1336203883899744512
1336201308873904128
1336201066317291520
1336201009832611840
1336163781244760064
1336163737754087424
1336163711246082048
1336163679432224768
1336163653343719424
1336068988728713216
1336053563995328512
1336045348406571008
1336045278223355904
1336036527600758784
1336036498228043776
1336036474303770624
1336036451159597056
1336026124627881984
1336026044554469376
1336025802073321472
1336025239755628288
1336025203655270400
1336012941964046336
1336009495835709440
1336009398297235712
1335997027113635840
1335996993412489216
1335985291312631808
1335985260861984768
1335942483184906240
1335936595657191424
1335936496675790848
1335922200424177664
1335911287415517184
1335911203470716928
1335911155303329792
1335897789797109760
1335895508984991488
1335895421743468288
1335895406224486400
1335895333096873984
1335842437915435008
1335842414213427200
1335842373524463616
1335842306944065536
1335842201042104320
1335842129453715712
1335842104292085760
1335715161655693312
1335710532284846080
1335685244184354816
1335677895075880960
1335677699302412288
1335664670229852160
1335664611274743808
1335664510363951104
1335664475429597184
1335664412070469632
1335664382517317632
1335664332584136704
1335664298916515840
1335664242142420992
1335664171942375424
1335664132197130240
1335664103659102208
1335598537455898624
1335598503054225408
1335598462960885760
1335598431595859968
1335598402621599488
1335561872892899328
1335561847286665216
1335561818996166912
1335532571099336704
1335532532184608768
1335519024378241024
1335518722874896384
1335518698912821248
1335518676552921088
1335518638514843648
1335493830624354304
1335478961485312000
1335478889582383104
1335478864680808448
1335478834280484864
1335478812843323392
1335372566706479104
1335335889422209024
1335332020130615296
1335332000832647168
1335331981001953280
1335322488595681280
1335322244113981440
1335318895088046080
1335317248563695616
1335317186655694848
1335310797359239168
1335310713573797888
1335308911994408960
1335304531563978752
1335304507635490816
1335290162960625664
1335287827702091776
1335287794378420224
1335287031623258112
1335285078176501760
1335284712261242880
1335284677096206336
1335279279354023936
1335279150677041152
1335273842042781696
1335262425600454912
1335257689518206976
1335246711615344640
1335246637724217088
1335238323456106496
1335238299875758080
1335238269265715200
1335238208586719232
1335238184851140608
1335238114118348800
1335238076340301824
1335204096140324864
1335203995099521024
1335195909798424576
1335184117307232512
1335183923232583680
1335183904538562560
1335183859160379392
1335169343752060928
1335163520976101376
1335163129098067968
1335163100580995072
1335163051717357568
1335163024634748928
1335162998734942208
1335162901435469824
1335162877959925760
1335162848130052096
1335162819784945664
1335162011190243328
1335159447086387200
1335158343292362752
1335158241039429632
1335157008161517568
1335152054059364352
1335117600599183360
1335117569926295552
1335117550854701056
1335117468860362752
1335117448073400320
1335117427089297408
1334966781434327040
1334966757019279360
1334966499124121600
1334954737234563072
1334952796815302912
1334952706746822912
1334952606003650560
1334950274994147328
1334948975405920512
1334948911102963712
1334944302053662720
1334942376675172352
1334941878832259072
1334941620698030080
1334940697812754432
1334940676262416384
1334940651524337664
1334940609476505600
1334940587234119680
1334940564253528064
1334940442635493376
1334940416517476352
1334940392593174528
1334940374255755264
1334936881927221248
1334936856094527488
1334936835253014528
1334936804500369408
1334936781893066752
1334936740868526080
1334936718756212736
1334936698539683840
1334936675718459392
1334936651454435328
1334936632231911424
1334936610971013120
1334936546181517312
1334905742697123840
1334905689681104896
1334905663584149504
1334888926235013120
1334888878076026880
1334888837970079488
1334888813739601920
1334888751806472192
1334888705836904448
1334888679882563584
1334839872289468416
1334818362925387776
1334807167485009920
1334798837546962944
1334781566686552064
1334775507762737152
1334774942274031616
1334771433407475712
1334771386611609600
1334771345775792128
1334771306563309568
1334771208005570560
1334771180088258560
1334640646829772800
1334640620674150400
1334640596523364352
1334620461569859584
1334620261149249536
1334613898440429568
1334613442620231680
1334613407442624512
1334610442111639552
1334583132104892416
1334583080716300288
1334579050082410496
1334578449235779584
1334577052763246592
1334576993157984512
1334576957082701824
1334576933565239296
1334576904645521408
1334576880666685440
1334576852241965056
1334576819090165760
1334576786986967040
1334576757287120896
1334517425640001536
1334517395457797888
1334517003340685312
1334498300054081536
1334498277807558912
1334498174376046592
1334497960835620864
1334497926408785920
1334497891726085888
1334471619553669120
1334471456810528768
1334471415421169664
1334471383959605248
1334471350900166912
1334471309825363968
1334471263943843840
1334454908381253632
1334454709961318400
1334454666827063296
1334454635713716224
1334454588662013952
1334454484597137408
1334407297364353024
1334388467346837504
1334387707825561600
1334385719708708864
1334381936656097280
1334381905475563520
1334381794838241280
1334258871565770752
1334258824732151808
1334258772064301056
1334248049779085312
1334248022453198848
1334248000256962560
1334243708070481920
1334240440070131712
1334229925147127808
1334223789257854976
1334223296804622336
1334223245709635584
1334222975592173568
1334222833896071168
1334222352868122624
1334219960562970624
1334219932284891136
1334219871215890432
1334219839691481088
1334219743629373440
1334219702281904128
1334219666894557184
1334219629338767360
1334174423876841472
1334166639227457536
1334165963755941888
1334162754953994240
1334149909428187136
1334149381369565184
1334140589273731072
1334131009743429632
1334130503025373184
1334130466052583424
1334130426668052480
1334128399082811392
1334128336990298112
1334128242442317824
1334128205754753024
1334128105204686848
1334119406985752576
1334116776536322048
1334082124815736832
1334082093874356224
1334082004896391168
1334081974202474496
1334079953198059520
1334070206470217728
1334070035388780288
1334069992048955392
1334069945840365568
1334029867956973568
1334029827968561152
1334029802207141888
1334029742304092160
1334029717884821504
1334029692991574016
1334029659231707136
1334029635449982976
1334029610095349760
1334029542382571520
1334029499663527936
1334029471935057920
1334029447125754112
1334029393249914880
1334029368037945088
1333901405808168960
1333898889016045568
1333895058966409216
1333892996929105920
1333892955866885888
1333892199520608512
1333891997636190208
1333890124053180416
1333886534093770752
1333885857921720320
1333881310805422080
1333881282405801984
1333881162536804352
1333870030287671296
1333869891263344640
1333869864893751296
1333860665241579520
1333859806839496704
1333857423229128704
1333857400311443712
1333857376827551488
1333857353448480768
1333857331445161984
1333857307810213888
1333857282929647616
1333857257755381760
1333857236859359232
1333857211441930240
1333857187089829888
1333857164172079104
1333857141921357824
1333857116533219328
1333857095456788480
1333856694284259328
1333856662709542912
1333856631965224960
1333855006265647104
1333854980567158784
1333854958395994112
1333854936992452608
1333854900892086272
1333854878175780864
1333854813906464768
1333854790351269888
1333854711443808512
1333854671207866368
1333854647631695872
1333854601821491200
1333854574852120576
1333854545097715712
1333854521014050816
1333854497647505408
1333854473240932352
1333854391217106944
1333854365321457664
1333813467615293440
1333809345314873088
1333803942006976512
1333803908276383488
1333803872176009216
1333790391527608320
1333789741192339712
1333789718023000064
1333788615202152448
1333788514849177600
1333777710733291520
1333764720059437056
1333764694369243136
1333759657215725568
1333759634704793600
1333759608855425024
1333740843920928768
1333734839200124928
1333734794186924032
1333734671864225792
1333734575143579648
1333734471070326784
1333734447833878528
1333683812874719232
1333664732394508288
1333664710575738880
1333664657828179968
1333664613662040064
1333549059232182272
1333531597350576128
1333521852719919104
1333517507748106240
1333517481823117312
1333515156798758912
1333515110028103680
1333515082786099200
1333515057188245504
1333515013827465216
1333514986442940416
1333514962816405504
1333514898576470016
1333514875067387904
1333514841148055552
1333514744414789632
1333514601212891136
1333514578546876416
1333514555788562432
1333514522494197760
1333514497764560896
1333514369112666112
1333514345553293312
1333514313953386496
1333514287168565248
1333514243111530496
1333514216439943168
1333514191714607104
1333514166422953984
1333430525755842560
1333430435272134912
1333430210214195200
1333430184708616192
1333430160381648896
1333430136767721472
1333370000862830592
1333369973209772032
1333369943493128192
1333369896487546880
1333369871304954112
1333369821661179904
1333369777126076416
1333369750416715776
1333369717248110592
1333369610406682624
1333369585777717248
1333310287412342784
1333310077558804480
1333309788386697216
1333309538431348736
1333308451297038336
1333293946152292352
1333293911301877760
1333293860584386560
1333293803726368768
1333293770532642816
1333293749472989184
1333293725318045696
1333293702358462464
1333293677070921728
1333293644569305088
1333293617193111552
1333293589208715264
1333293569168257024
1333293514772410368
1333121418956066816
1333107214723244032
1333107179763720192
1333107156279840768
1333107130006704128
1333083721776369664
1333083674707947520
1333083654743003136
1333078718927998976
1333078659750645760
1333078604457054208
1333078575382138880
1333054281344307200
1333054165472452608
1333054142638678016
1333016267490545664
1333016019821080576
1333012687345901568
1333012673328504832
1333012621218500608
1333012584992296960
1333012030077476864
1332980513494208512
1332979529783119872
1332979283359305728
1332979097287479296
1332975326322946048
1332975305796050944
1332958348195614720
1332958324065701888
1332919069218136064
1332919043293057024
1332919018185961472
1332918996245614592
1332918964930945024
1332918940398465024
1332918900250583040
1332918852905267200
1332918748764922112
1332918717227933696
1332918649573797888
1332800517446234112
1332799508699361280
1332790300335628288
1332790253837545472
1332787508078374912
1332763322232561664
1332753397028687872
1332753373918089216
1332745315238227968
1332745189648166912
1332745136934178816
1332745112921714688
1332724344104038400
1332723439753367552
1332711969695150080
1332711940674760704
1332711891580424192
1332711865080803328
1332689739116400640
1332689718656561152
1332689692358291712
1332689661819498496
1332689636104220672
1332689613916434432
1332689583788666880
1332689566390743040
1332689523063607296
1332689491987984384
1332689469049360384
1332689448501436416
1332689416662421504
1332622350823600128
1332622320997986304
1332610241545056512
1332610159076663296
1332610103908904960
1332589088357150720
1332588160140840960
1332587103868366848
1332586969130545152
1332586172456050688
1332585223494791168
1332584419094310912
1332584389470003200
1332584317969698816
1332465160217382912
1332464918948425728
1332456068002312192
1332456012075462912
1332449690454007808
1332449558731878400
1332448690288660480
1332440049493929984
1332439464296263680
1332439361447628800
1332428864388263936
1332414216268079104
1332404743445114880
1332404583704965120
1332404539316711424
1332404493640740864
1332390576411512832
1332390557268799488
1332390537324802048
1332390495461531648
1332389713467105280
1332388790548238336
1332388762911956992
1332388702174187520
1332388671161569280
1332388644208979968
1332388624843878400
1332388548033581056
1332388524428046336
1332388493339865088
1332388462054547712
1332388439505989632
1332388420342190080
1332388395989995520
1332388378009071616
1332388329816526848
1332388269460434944
1332388246979022848
1332388228901572608
1332349911732510720
1332349889502646272
1332327092177006592
1332326864191430912
1332326840153861888
1332326817966026752
1332326790967209984
1332285019671453696
1332284988587466752
1332284915598192640
1332284844143939584
1332284801190146048
1332284697158750208
1332225425058226176
1332225394930556928
1332225371039805440
1332225343437074432
1332225311593914368
1332225276277874688
1332202140530577408
1332201999769677824
1332067943203680512
1332067915101851648
1332067868612190208
1332067842238410752
1332054431374958592
1332054396021198848
1332054327800827904
1332054241716948992
1332043238644076288
1332043211842449408
1332043186177515520
1332043130779152384
1332043099531522048
1332043052177874944
1332043026630381568
1332042969545904128
1332042916655722496
1332042890395213824
1332042846443089920
1332042799550705664
1331995441240678400
1331995380586844160
1331971040457732096
1331970894873366528
1331970861696491520
1331970788547825664
1331958125289725952
1331957292246429696
1331957265000230912
1331957198956736512
1331957168443183104
1331957135920533504
1331942480586141696
1331929709903491072
1331929329610047488
1331929209183350784
1331929178225184768
1331929148449820672
1331929119681093632
1331888720975454208
1331888675941199872
1331871956690464768
1331871658597117952
1331871065958739968
1331869945093885952
1331854074841587712
1331854047188545536
1331854023306194944
1331853997196648448
1331853763309613056
1331705115816955904
1331704342013947904
1331704253501628416
1331702408297254912
1331702224897122304
1331702196715577088
1331700665974972416
1331700568985903104
1331700510764769280
1331691214811312128
1331691185241460736
1331691153389924352
1331691114689138688
1331690980379070464
1331690917623894016
1331690848048852992
1331690820148359168
1331690789240528896
1331690759020535808
1331653818220732416
1331640297307197440
1331640259063451648
1331640226847092736
1331640198078324736
1331605946494291968
1331586906967191552
1331586852755746816
1331586824096059392
1331559137302487040
1331559106092675072
1331559071984578560
1331559040284061696
1331558986420772864
1331542462561660928
1331542403472355328
1331542376020664320
1331542351735631872
1331542324447482112
1331542286648414208
1331520590528835584
1331505953070575616
1331498113106911232
1331498009511800832
1331496113929596928
1331493492187656192
1331493459090399232
1331465020484558848
1331464959298056192
1331464905258655488
1331366766417764352
1331365285232828416
1331365059499601920
1331364988515192832
1331350096034865152
1331332630776836096
1331329946720088064
1331329908635742208
1331329872472518912
1331329848946675712
1331329824825208832
1331329788661948416
1331329759863828480
1331329703240740864
1331329678079045632
1331329649557770240
1331329621296558080
1331329597045137408
1331329561863327488
1331329532285038592
1331329504439115776
1331329479994695680
1331329435484696576
1331329409991766016
1331329298100346880
1331329270577172480
1331329223215243264
1331329189237100288
1331329158878728192
1331329131427098624
1331329095624503296
1331329070773178368
1331329043350884352
1331329015848833024
1331328986069217280
1331328955002085376
1331328927646806016
1331327351062409216
1331326981984690176
1331255517151432704
1331255490022678528
1331255463069974528
1331255404744019968
1331229784471433216
1331219685485010944
1331218890668519424
1331204373486194688
1331204350375563264
1331204327483068416
1331204305253175296
1331204279806332928
1331204252233035776
1331204227088199680
1331160817174257664
1331160609988239360
1331160529637937152
1331148090158575616
1331147988564144128
1331147075191525376
1331135707654610944
1331135678839721984
1331135646476464128
1331135621675487232
1331135588901253120
1331135502527946752
1330988005834764288
1330987679371177984
1330984230738866176
1330984169070006272
1330984023699632128
1330983921606135808
1330974582430453760
1330974551686197248
1330974515090903040
1330974454864875520
1330974426628825088
1330974282491551488
1330974236714930176
1330974211637202944
1330974154988920832
1330974129432965120
1330974101897420800
1330974078728085504
1330974052798902272
1330974029029715968
1330973996289056768
1330973926663614464
1330973891674726400
1330926153582977024
1330924553380515840
1330924385977438208
1330922777772175360
1330922747657150464
1330922722273189888
1330910258127114240
1330910233846276096
1330910183829147648
1330910135389204480
1330910108805632000
1330910078669611008
1330878718861061888
1330850947216650240
1330850914345873408
1330850889083588608
1330829241148190720
1330825096706088960
1330825066490236928
1330824980259549184
1330824920952152064
1330824892145602560
1330785096207634432
1330784037938532352
1330782159049732096
1330782107082383360
1330782079567732736
1330782052103434240
1330745006047567872
1330734927478919168
1330734450188152832
1330734421717168128
1330734260517482496
1330734099171057664
1330733922037141504
1330733889581690880
1330733857952440320
1330733294791647232
1330733203968159488
1330733099127332864
1330733014687625216
1330583495266230272
1330583431969959936
1330583316215566336
1330576200499142912
1330576168584695808
1330573120063893504
1330573005848780800
1330572977923100672
1330572919374798848
1330572868900581376
1330543167008108288
1330543111429349376
1330527452091850752
1330527413374169088
1330527389030510592
1330527363478802432
1330510703124418560
1330510647373799424
1330510619150266368
1330510578280968192
1330510552083410944
1330488000988532736
1330487955467743232
1330487932692606976
1330478813369819136
1330478739587796992
1330478461203472384
1330478395952680960
1330478337609887488
1330478296430219264
1330478265312665600
1330474686971580416
1330474610802954240
1330455821382258688
1330455796925280512
1330448816961695488
1330448782878793728
1330448745696272384
1330448723747418112
1330433242294522112
1330428688878477312
1330428011703889920
1330427842878959616
1330427801980297216
1330411359746527232
1330380432110739712
1330367422491193088
1330367400001343488
1330367364202975232
1330367339234283520
1330367312210374912
1330367290089594880
1330367244522692608
1330367225367322624
1330367204714549248
1330367180920287232
1330367158086414336
1330367135097495552
1330367112834060288
1330367085944446976
1330367062234034176
1330367001550852096
1330366969170833408
1330236824321724416
1330236730683891712
1330230554025988096
1330230525865431040
1330230502406713088
1330230454088298496
1330230411507752960
1330230387159740416
1330230313834995712
1330201787987587072
1330198613675347968
1330198586462777088
1330198555794010112
1330198518858911488
1330183367271309312
1330183289571864576
1330177891494227968
1330177852810153984
1330177826629234688
1330177798087069696
1330177762162782208
1330125426262413312
1330112247209844736
1330112218495668224
1330100935142543360
1330100905501405184
1330100873503141888
1330100847431340032
1330100819212050432
1330056547628703488
1330055126661406720
1330054556374495232
1330054534958374912
1330054348609646592
1330054325608050688
1330054288979136512
1330022547849621504
1330022524558700288
1330022496922373888
1330022463447719936
1330022313631297536
1330022288973033472
1330022262112718848
1330022227933351936
1330022200590671872
1330022119728689152
1330022092432171008
1329877659300605952
1329877626836619264
1329872797594767360
1329872729286250496
1329861850712985600
1329855963998924800
1329855623916367872
1329854192433983488
1329854169851826176
1329852683449225216
1329852659835269120
1329852376954629888
1329852255923630080
1329850566542036992
1329850341341474816
1329850250811633664
1329850217479499776
1329850189729959936
1329850129260621824
1329850070297157632
1329849896883679232
1329849872879669248
1329849851383853056
1329849821109346304
1329849789752750080
1329849768378589184
1329849732190101504
1329849642167791616
1329849617010266112
1329849591529926912
1329849442028154880
1329847846997274624
1329847014801207296
1329846111960522752
1329845173879271424
1329829723149635584
1329829565548650496
1329829542895161088
1329829492999806976
1329829437882372096
1329829416134975488
1329794777135656960
1329794752271806464
1329794728607453184
1329794705962512384
1329794668503183360
1329760217479909376
1329737458246967296
1329737418350747648
1329737391905574912
1329737368522338304
1329737347383091200
1329713199659311104
1329713157330382848
1329713116733648896
1329700873736511488
1329692444376657920
1329679998479962112
1329679716350124032
1329677114342301696
1329671639311806464
1329671550472245248
1329671527449636864
1329671507811979264
1329658232495890432
1329640086082883584
1329640062351536128
1329640038813011968
1329640014515417088
1329639903429353472
1329639879559557120
1329639834923757568
1329639616463429632
1329639592560095232
1329639566274400512
1329639545344839680
1329639517104574464
1329639481402646528
1329639432434159616
1329639410527301632
1329639387089547264
1329639226149842944
1329639198685614080
1329639160760717312
1329638987720437760
1329638960830816512
1329638757956538368
1329458017427984384
1329457940793880576
1329457921298739200
1329457901207949312
1329441769134678016
1329441711974731776
1329441685777092608
1329441645666979840
1329441622870863872
1329441596727832576
1329441563806724096
1329441537185472512
1329441483519369216
1329441454842912768
1329441406725853184
1329441371858546688
1329359855761698816
1329359467302031360
1329356766694477824
1329355894107332608
1329354705336758272
1329354431289315328
1329354386431205376
1329354364029440000
1329354333905940480
1329354312749887488
1329354291748986880
1329320855525060608
1329320835128184832
1329308915465646080
1329273616698117888
1329273570099392512
1329273542257614848
1329273513098829824
1329166107064852480
1329154136814866432
1329152751574585088
1329152730359795712
1329152706116788224
1329152681106165760
1329152656653357056
1329152634213834752
1329152605466075136
1329126072055721984
1329126041911255040
1329125954166394880
1329125923044602112
1329125893017571328
1329110295642591232
1329110123776765952
1329110090323030016
1329099463391137792
1329099074574938112
1329099043704889088
1329099007822622720
1329075145126727680
1329075110033014784
1329074973483233280
1329074940314750976
1329074915547389952
1329074888804507648
1329074855531057152
1329054679599362048
1329054607235026944
1329054550448332800
1329054440884723712
1329054384270020608
1329000014660644864
1328999989490692096
1328989024447569920
1328988997402701824
1328980868518514688
1328980709923545088
1328980667393339392
1328954361221951488
1328954336517517312
1328954302254211072
1328931304583389184
1328931215563497472
1328931176950718464
1328898363815829504
1328898334459899904
1328898292265197568
1328898263462907904
1328898207548628992
1328898173448892416
1328898141362466816
1328898101550182400
1328898055538675712
1328898019484438528
1328897983417643008
1328897909912461312
1328897805985968128
1328897769067700224
1328897733118275584
1328897695457611776
1328897666063929088
1328897627837108224
1328765062161567488
1328765034726612992
1328762757483802624
1328762624998301696
1328762304566071296
1328762274585194496
1328762248140107776
1328762183535177728
1328762156494565376
1328762125540593664
1328762079151525888
1328762047610359808
1328756289250463488
1328756254982987776
1328756226281385984
1328756196791160832
1328756171256311808
1328756107867779072
1328755974530805760
1328755929047851008
1328755902367862784
1328755875696291840
1328755851675447296
1328755788609953792
1328755752681566208
1328755723795369984
1328755689225850880
1328755655436591104
1328755552802009088
1328646664006103040
1328646583093751808
1328632419768037376
1328632324045611008
1328624057131130880
1328622134944468992
1328621567505559552
1328620570720808960
1328620535933263872
1328570987395358720
1328570501992767488
1328546027457146880
1328545998638108672
1328545973048647680
1328430513162432512
1328430222346235904
1328420381569544192
1328418846617776128
1328418539263438848
1328418510591188992
1328412927653797888
1328412895064039424
1328412816672517888
1328412769121611776
1328412698527272960
1328412672451293184
1328412644173361152
1328412570055798784
1328412522387542016
1328412442670616576
1328412401830678528
1328412367089184768
1328412334801432576
1328412309132369920
1328412264152576000
1328412231718084608
1328412204140556288
1328412143759339520
1328412117209329664
1328411992894402560
1328411966281576448
1328303659956973568
1328303630391324672
1328303602109198336
1328303541094658048
1328303456944332800
1328303420722323712
1328303336190304512
1328232932104876032
1328232861460213760
1328221384347152384
1328211304641945600
1328211008649895936
1328210955357057024
1328207995017195520
1328207966491848704
1328207842705367040
1328207677823066112
1328207566296539136
1328050257939353600
1328050229334118400
1328009039951912960
1328009011585822720
1328008983492382720
1328008950751571968
1327981922040111104
1327941391742361600
1327937049505255424
1327937023672524800
1327936996526985216
1327936969951899648
1327936945977237504
1327936921071476736
1327936896954232832
1327936874673999872
1327918282935066624
1327918244976582912
1327918214265921536
1327918189108474112
1327897154384519168
1327897123564756992
1327897087279771648
1327897006283624448
1327807578894721024
1327807547009609728
1327807517246844928
1327807485185568768
1327807452771983360
1327807206050369536
1327807176543440896
1327807148517154816
1327807121459699712
1327807093915742208
1327807064643670016
1327701719346769920
1327701644524597248
1327701496956399616
1327701469622136832
1327660988888469504
1327660931485151232
1327660905967054848
1327660875596095488
1327648222202957824
1327648191106453504
1327648167001731072
1327628234540847104
1327628203796672512
1327600868506685440
1327600798302408704
1327600764156522496
1327600739640807424
1327600683676299264
1327600657050841088
1327600584053166080
1327600472497197056
1327600445557182464
1327600416532598784
1327600389315817472
1327600358298890240
1327544588836466688
1327544541109506048
1327544512588165120
1327544483966279680
1327496755441790976
1327392482334740480
1327392455692595200
1327392413292376064
1327392348817551360
1327392311995723776
1327330575611551488
1327330540073193472
1327330471731212288
1327330438940143616
1327322139607883776
1327322117122252800
1327322094674309120
1327321580163256320
1327321557845372928
1327321539054886912
1327321235341107200
1327319466737328128
1327319389302042624
1327319319139803136
1327319138398826496
1327318127915495424
1327318034063761408
1327318008776298496
1327317962597011712
1327317883991576576
1327317853264089088
1327317691183603712
1327317659457875968
1327317632782118912
1327317603791069184
1327317577350189056
1327317548313030912
1327317492180656128
1327317460568182784
1327317434735398912
1327317378053644288
1327317328678285312
1345665401880006912
1345665378089893888
1345665347437928448
1345651816768413696
1345651535536148480
1345651491361665024
1345651464199409664
1345645077620785152
1345645054728298496
1345644978731700224
1345644949446995968
1345598281938821120
1345598245024784384
1345598207972290560
1345598180554121216
1345598133754081280
1345598109850677248
1345598063474335488
1345598039273172992
1345598009313267712
1345497016252641280
1345496975572140032
1345496946342064128
1345496896563982336
1345496865006112768
1345496833590779904
1345496801927954432
1345496756407193600
1345485678218457088
1345485656336846848
1345485600158228480
1345485561981784064
1345485533678596096
1345485505954242560
1345475587939459072
1345475567676698624
1345475546285797376
1345475521279361024
1345475492955226112
1345475457853104128
1345475431227674624
1345475399648763904
1345475373870571520
1345475344158093312
1345475321554993152
1345445731059044352
1345445697127067648
1345434238183735296
1345434213584171008
1345434165945233408
1345434136027279360
1345434092825935872
1345434059401531392
1345434027277344768
1345433985338527488
1345433939918389248
1345395300387708928
1345395273934254080
1345395248625803264
1345395226224041984
1345395204078112768
1345395178140528640
1345395157512965888
1345395127930515712
1345395102856998912
1345395078865575936
1345395053859119104
1345395011416895488
1345394992471281664
1345394941627932672
1345394914524278784
1345394883436171264
1345348015368900608
1345347989209026560
1345347962696830976
1345337021896785920
1345336994956791808
1345336969216319488
1345336943463313408
1345336887985262592
1345336865369575424
1345336840174383104
1345336819190272000
1345336773958914048
1345303746352451584
1345303719051743232
1345303688303288320
1345303667595948032
1345288701270753280
1345288681259753472
1345288658207780864
1345288623978147840
1345288601689583616
1345288484630765568
1345288453660016640
1345288430654267392
1345261430057086976
1345261394409762816
1345261327514816512
1345261303045218304
1345261275379605504
1345261245650194432
1345261204260925440
1345261162116612096
1345140970573148160
1345140942773358592
1345140862586646528
1345140836510670848
1345140811277725696
1345140784761286912
1345140752423251968
1345140723570638848
1345140700325826560
1345140663369740288
1345140640305344512
1345140611557576704
1345140583552135168
1345140560324161536
1345140537964310528
1345102008857092096
1345101984223940608
1345101958261174272
1345101899297665024
1345093690176516096
1345093665442721792
1345093625055748096
1345093576259227648
1345093538086793216
1345093515349524480
1345093482038362112
1345093481954467840
1345093393018449920
1345093369962385408
1345093346080002048
1345093325032984576
1345093307890855936
1345093254497394688
1345093231621648384
1345093208766898176
1345093169839550464
1345093145470656512
1345093117419130880
1345093094270787584
1345093072082907136
1345093032023093248
1345092024102477824
1345091982616621056
1345091955819212800
1345091929881653248
1345058478126223360
1345058408303620096
1345058372886913024
1345058332550246400
1345058289378336768
1345058261574311936
1345044744993435648
1345044668434821120
1345044644866961408
1345044619675971584
1345044586641633280
1345044553179553792
1345044523353829376
1345044502508089088
1345044478365741056
1345044455238283264
1345044424104009728
1345044403317051392
1344990905942630400
1344990882966155264
1344990854491070464
1344990829576912896
1344981151593722112
1344981117204639488
1344981093355843584
1344981071398641664
1344971776820969472
1344971420170911488
1344971309931966464
1344971246337929216
1344971197591810048
1344971145964118016
1344971023066804224
1344951451689361408
1344951428083834880
1344951392558002176
1344951360069005312
1344951327714144512
1344951271887958016
1344940650572238848
1344940593668091904
1344940559526457088
1344886480804708352
1344886455039127552
1344886436076650496
1344869579051446272
1344869524756189184
1344869483668713472
1344869440865894400
1344869411254136832
1344869380488835072
1344869336138338304
1344764607492141056
1344764438826659840
1344759178661928960
1344759155417112576
1344759130356150272
1344759108164055040
1344759081710530560
1344759057018712064
1344759015633526784
1344733137721503488
1344733101122084864
1344733099326894080
1344733020796973056
1344732992875474944
1344732969362214912
1344732929411395584
1344732897736065024
1344732871286730752
1344732845617672192
1344702722830905088
1344695987202371584
1344695961709408512
1344695933821399040
1344695891450613760
1344688560549617664
1344688329086930944
1344688175504109568
1344688152297025536
1344688128284651520
1344688102057644032
1344675705641201664
1344666639934124032
1344666617683333120
1344666588847476736
1344663534718869504
1344663509167124480
1344663483816751104
1344663456578990080
1344663432008761088
1344663406809411584
1344646361116004352
1344646189686398976
1344646156165513216
1344630135266410496
1344630104396353536
1344605984258457600
1344605957788217088
1344605930277711872
1344588018502541312
1344587993768628224
1344587972633645056
1344587947920797696
1344572713411760128
1344572687889424384
1344557885519486976
1344557858885677056
1344531323143249920
1344531280805978112
1344531190867513088
1344531165122875392
1344446585854439424
1344446546478297088
1344446495651721216
1344446459496824832
1344446420825333760
1344446386725658624
1344446358992941056
1344446325371400192
1344377514387496960
1344377478077435904
1344377450348879872
1344366553513517056
1344366526133137408
1344366503043465216
1344366472827723776
1344351447337590784
1344351409131679488
1344351384221741056
1344351356400918528
1344351320900329472
1344351258984013824
1344351236615712768
1344351205951205376
1344351181783621632
1344351154684243968
1344324694577700864
1344324672008167424
1344324645223342080
1344324618673410048
1344324580190654464
1344307959191511040
1344307941650944000
1344307907819687936
1344297480041754624
1344297445254189056
1344297421438902272
1344285212440731648
1344285185626546176
1344281962048073728
1344281940661297152
1344281911976460288
1344281885212610560
1344281854791311360
1344246598289788928
1344239998095269888
1344227055576227840
1344227034663366912
1344227010810359808
1344212101812912128
1344205977374101504
1344195776780578816
1344195736678920192
1344195677665058816
1344195643468881920
1344174185480916992
1344174159669178368
1344123623116861440
1344123578799845376
1344123547455795200
1344123520381497088
1344123489503096832
1344123461858435072
1344025984857755648
1344025908521398272
1344025867459166208
1344025840808587264
1344018115697516288
1344018083585908736
1344018052237713408
1344018024018407424
1344018003206295552
1344017982335430912
1344017960793497600
1344017936395198464
1344017917000736768
1344017893109989376
1344017870376869888
1344017847840886784
1344017826206666752
1343987825100914688
1343987825012830208
1343987752279420928
1343987728367685632
1343967371174813696
1343967341038731264
1343945738745765888
1343945713143705600
1343945682160386048
1343945654347980800
1343945633141555200
1343945609796079616
1343945587608137728
1343919226734731264
1343919186939097088
1343919147797909504
1343919093490003968
1343908234684473088
1343908188576477184
1343908144406266112
1343898295656214528
1343898273556393984
1343898245085466624
1343898221706403840
1343870847359004672
1343870795760754688
1343870771052113920
1343850615663951872
1343850565135171584
1343850506737868800
1343836681426890752
1343836640184299520
1343836608680898560
1343759672747163648
1343759645668761600
1343759600953282560
1343759535564058624
1343676876255076352
1343676830788841472
1343676719186718720
1343672579102564352
1343663890958340096
1343663869131161600
1343663846372896768
1343663815163052032
1343663795214942208
1343663730404560896
1343663707491020800
1343663687815589888
1343663666114293760
1343663642601000960
1343663532886388736
1343663512413941760
1343663491270504448
1343663467400744960
1343632622006755328
1343632600146046976
1343632574774697984
1343631199244341248
1343631165845102592
1343619979699236864
1343619950263603200
1343619922488909824
1343619891547484160
1343619861931569152
1343619816658239488
1343619787214217216
1343619758361600000
1343619698357919488
1343619669064871936
1343576677646036992
1343571574763479040
1343571546745548800
1343571516882116608
1343571468265906176
1343571299298406400
1343571257082720512
1343531513661550592
1343531488852246528
1343531455645941760
1343522768407638016
1343522744386932736
1343522689802264576
1343520100574441472
1343520017728630784
1343519990469820416
1343519962212806912
1343519940968644608
1343519915672801280
1343519895166840832
1343500725964447488
1343500694133874688
1343500670092107776
1343500646826307584
1343500620767121408
1343467394132537088
1343466217307316224
1343466193475125248
1343466167038586880
1343466140870324224
1343466116849479680
1343417629688659968
1343417601792356352
1343417580686606336
1343417555566931968
1343417526663991296
1343417493558353920
1343417455310483712
1343315445584175104
1343315430170091520
1343315393172140032
1343315366945157120
1343315341930340352
1343315303875358720
1343315277828812800
1343315246358925312
1343315202440376320
1343315173826850816
1343315138489839616
1343315059620118528
1343315035632906240
1343289018478448640
1343288941160648704
1343288709484056576
1343288684741873664
1343288627112116224
1343288603770818560
1343288571516620800
1343288546770247680
1343288473730641920
1343288425399668736
1343288395498459136
1343288366700359680
1343288341035438080
1343288315559227392
1343241171167043584
1343241145514668032
1343241125650460672
1343241056050151424
1343241032918593536
1343241007920459776
1343240983861981184
1343240963788037888
1343240941646344192
1343240910679715840
1343162858213945088
1343162833186529280
1343162774470483968
1343162731671805952
1343162709429383168
1343162685198888960
1343162661157134336
1343162636385583104
1343162607662985216
1343162577610813440
1343162534573051904
1343162506517360640
1343162360840785920
1343162335997947904
1343162301080346624
1343162300929355776
1343109669938733056
1343109639869763584
1343109609070985216
1343020467448377088
1343012296877105152
1343008550587691008
1343008479875887104
1343008418085412864
1343008347545591808
1343008308408496128
1342949403926155264
1342949377149706240
1342949335751913472
1342939629767581696
1342939590680850432
1342939525920776192
1342939483923214336
1342939456257581056
1342924690109690112
1342918790993096704
1342918764363472896
1342918741747773440
1342918712576401408
1342903891768340480
1342903871891505152
1342903846050394112
1342903823669612288
1342903801011982336
1342903764362158080
1342903738017701888
1342872126924197888
1342872096880418816
1342863317426200576
1342863290561671168
1342863240288751616
1342863217131999232
1342863197443940352
1342863147720453888
1342831213342576640
1342831015467868160
1342830990641786880
1342830965534715904
1342830931560771584
1342830907921731584
1342830874870558720
1342830824375398400
1342774206346522624
1342774170770419712
1342774132849651712
1342774081536589824
1342774051211767808
1342774021146996736
1342692015969083392
1342691990337691648
1342691955730427904
1342691880157532160
1342691842727567360
1342691796942540800
1342691769494999040
1342608677950337024
1342608649961799680
1342608615149072384
1342608586753658880
1342572154076987392
1342572136435748864
1342572096476618752
1342572096283676672
1342572022090653696
1342571997394563072
1342571989345718272
1342571945548767232
1342571921716686848
1342571897989562368
1342571876267266048
1342571873993945088
1342571873821978624
1342571799062654976
1342571775436206080
1342571751272812288
1342571724563509248
1342571702983790592
1342571680170967040
1342571656888377088
1342571632481677312
1342494066265772032
1342494041527754752
1342480830942375936
1342480739774902272
1342480602583478272
1342480573705695232
1342446225048678400
1342446190634430464
1342446164717797376
1342446139078045696
1342421963965407232
1342421935779672064
1342415470788546560
1342415440681852928
1342415397929316352
1342397386740609024
1342397361356681216
1342379079547424768
1342353953258934272
1342353928026021888
1342353898300973056
1342276538587295488
1342276511597002752
1342276468441833472
1342276403023261696
1342276364787978240
1342276333418786816
1342276309079252992
1342276283749855232
1342276232453488640
1342276181966643200
1342276150924607488
1342276123758096384
1342276095459077888
1342193030066016512
1342193001486036992
1342192975410057216
1342178904690356224
1342159514892709888
1342159159266050048
1342159091871981568
1342159066739695616
1342159033130774528
1342159003808190464
1342158971646439424
1342158774316969984
1342130141737189376
1342130115736723712
1342099256082108416
1342099223764938752
1342099198200717312
1342063864649838592
1342063836208242688
1342063816348200960
1342055841462177792
1342050068749295616
1342041444148785152
1342041417204584448
1342009035902623488
1342008407696551936
1341936835023564800
1341936756355190784
1341936729020915712
1341936621894180864
1341936588641562624
1341936564897775616
1341845167398072320
1341845074519453696
1341837059347124224
1341837039256416512
1341837012798758912
1341836990120153088
1341836967156326400
1341836939889176576
1341836914844983296
1341836887099629568
1341836861073993728
1341836836268871680
1341836804815785984
1341755965775994880
1341755267130789888
1341755220251078912
1341755198520365056
1341755176710000640
1341755055897260032
1341704359369969664
1341704328629858304
1341704295360688128
1341704266554220288
1341692313173635072
1341692290297978880
1341692262519103488
1341692241627258880
1341670415375216640
1341670385050390528
1341670356872998912
1341670329836564480
1341670306126188288
1341670279605567488
1341581218731716608
1341581175102599168
1341581125538463488
1341509190213365760
1341509160811282432
1341508997237641216
1341495557324464128
1341495017450463232
1341487627279757312
1341487554277875712
1341470779284856832
1341470730085687296
1341470701916708864
1341460968816201728
1341460942631137280
1341460914487353088
1341460889149554688
1341460864751329280
1341460838289448960
1341460809948540928
1341460785717981184
1341460758991953920
1341460735461867520
1341460706605064192
1341460676871675904
1341460606214426624
1341434268342468608
1341429945952833536
1341429922410221568
1341429890399297536
1341429860804259840
1341429822992637952
1341418551610134528
1341418530592403712
1341418506030616576
1341418477123493888
1341396036804329472
1341396014884933632
1341395937009262592
1341395912376152064
1341395859406262272
1341395827936407552
1341359112463015936
1341359083459403776
1341359054715826176
1341359004983980032
1341340173976662016
1341340147779055616
1341340120205717504
1341324700924960768
1341324370585792512
1341324339304652800
1341306336122990592
1341306250500468736
1341306223505846272
1341306194821083136
1341271865675952128
1341271747677609984
1341271713275887616
1341158599125512192
1341158465109168128
1341158439070916608
1341158379742519296
1341158353725231104
1341130253155119104
1341130227192311808
1341130200797622272
1341130174851657728
1341130151933960192
1341130125568585728
1341130079955464192
1341130058002554880
1341130030039052288
1341129867283279872
1341097628851965952
1341096592359755776
1341096555668008960
1341096532066652160
1341092742928195584
1341092693963927552
1341089542854635520
1341089485342294016
1341086470858268672
1341082953779175424
1341082884543819776
1341082854290284288
1341082824309411840
1341056892613914624
1341056858350641152
1341056810845913088
1341056781632593920
1341056743544119296
1341056713127059712
1341024580169850880
1341024555582844928
1341024529007734784
1340966281030365184
1340966245307453440
1340966207122534400
1340966176629936128
1340914633662717952
1340914597017100288
1340881690605064192
1340881641347174400
1340881600205172736
1340790170245865472
1340790001005703168
1340789957154271232
1340789912807870464
1340775436675104768
1340775392966225920
1340761623867379712
1340761530422480896
1340761496402444288
1340761456975994880
1340761420699414528
1340761379205246976
1340761302705319936
1340761269285105664
1340761236028403712
1340761207356219392
1340761173373939712
1340761121842733056
1340720353539141632
1340720318311264512
1340720280780623872
1340720244961239040
1340720202225504512
1340720130892902400
1340720089600045056
1340720055009632512
1340720011573407488
1340719973078081536
1340719934310129664
1340719901481324288
1340719855595646976
1340670376175656960
1340670345779564288
1340670313009475584
1340644941714894848
1340639703423447040
1340629440334848000
1340629402661609472
1340621997374619648
1340621969214099712
1340621935810662400
1340621901824192512
1340621873240010752
1340621845578571776
1340621815111168000
1340621783821651968
1340621712090656768
1340584965063454720
1340572339860369408
1340572268343259136
1340572239025106944
1340501204800073728
1340501150668382208
1340501106779107328
1340501072419434496
1340501025648750592
1340500987979640832
1340500947903139840
1340500907218366464
1340436484600508416
1340436453910843392
1340436419353976832
1340436389155004416
1340436359513853952
1340423123083153408
1340413204166533120
1340413168447868928
1340413109077495808
1340413064664002560
1340369939161608192
1340356644480401408
1340356615220977664
1340356586250924032
1340356551966486528
1340356513408413696
1340331712472035328
1340331682797391872
1340320284130353152
1340320252668817408
1340304145144811520
1340304105391222784
1340304072654659584
1340304038932451328
1340303982972035072
1340303952173293568
1340303922678915072
1340303892773564416
1340303854743789568
1340303820044288000
1340303783247671296
1340250110626807808
1340250075872849920
1340250042054139904
1340215231331643392
1340215115346526208
1340196238357098496
1340184324667224064
1340182156824461312
1340182127007174912
1340182093108801536
1340182054487601152
1340064560741543936
1340064528323776512
1340044207428399104
1340044168060674048
1340044130093854720
1340044097881600000
1340044061554700288
1340044027404673024
1340043987785269248
1340043952003624960
1340043910224244736
1340043879945482240
1340043847607443712
1340043797569429504
1340043761699741696
1340043717751783424
1340007285842718720
1340005760609169408
1340005733660844032
1340005702396461056
1340005672147103488
1340005643860783104
1340005617025617920
1339986101277224960
1339985812985933824
1339985783856525312
1339985754647228416
1339985726516170752
1339985694379405312
1339985665480646912
1339962562151129088
1339957793370071040
1339957762290233088
1339957731818688512
1339957699728056320
1339957670158188288
1339947891406868480
1339947847513464832
1339947796493955072
1339947763115716608
1339918471153545216
1339917418978799616
1339917388159062016
1339917353602195712
1339917321276706816
1339893886722973696
1339893856435892224
1339893826949943296
1339893791134633984
1339881382433202176
1339881351898652672
1339858660403662848
1339830826075377664
1339830796698460160
1339828611591843840
1339824949524107264
1339824163738034176
1339824127734140928
1339824056032440320
1339824023874756608
1339823995311538176
1339823967788556288
1339690959446155264
1339690934028660736
1339690879041347584
1339690844375441408
1339669757755346944
1339669722032431104
1339655128958296064
1339624813510443008
1339624765712117760
1339624696913014784
1339624645033684992
1339624613496705024
1339583085558386688
1339571356439105536
1339571328442117888
1339571299648221184
1339552274511761408
1339552207621017600
1339538986897948672
1339538950105554944
1339538918732132352
1339538891808882688
1339538855821791232
1339477775133061120
1339477726365962240
1339477694849937408
1339446033621905408
1339386252261527552
1339386210654031872
1339386165355565056
1339386133474652160
1339308273099530240
1339291626183811072
1339280171216629760
1339280145631342592
1339280117265293312
1339280065302065152
1339280031105814528
1339280006447587328
1339279978656133120
1339279949837061888
1339279912553811968
1339279886150676480
1339279855045718016
1339279817397710848
1339279789136490496
1339279754021756928
1339279715778039808
1339279688603197440
1339279635931140096
1339279610308157440
1339279582210482176
1339279529567801088
1339279500232757248
1339279471053066240
1339279444238888960
1339279419098214400
1339279390895722496
1339279357580292096
1339279330212503552
1339279284637212672
1339279254022991872
1339279223069007872
1339279195806048512
1339279161534410752
1339279131251527680
1339279078533328896
1339279043087245312
1339279012183629824
1339278954348343296
1339278908504551424
1339278878108475392
1339278848547037184
1339278821187579904
1339278793257722112
1339278755479625728
1339278725133856768
1339278695068942336
1339278662777118720
1339278618665562112
1339276595018817536
1339276567109906432
1339276539117133824
1339276508582600704
1339276481072128000
1339276453511356416
1339276420871315712
1339276386700304384
1339276358883684352
1339276330358157312
1339276304601010176
1339276273277935616
1339276243305455616
1339276214159151104
1339276186539745280
1339276156038680576
1339276128184373248
1339276101303021568
1339276075059310592
1339276044587700224
1339276008416010240
1339275933388312576
1339275905248714752
1339275878623285248
1339275832804712448
1339275808247078912
1339275779469930496
1339275754513850368
1339275725183078400
1339275698712829952
1339275671168815104
1339275619893469184
1339275589316993024
1339275559063400448
1339275523592171520
1339275496794841088
1339275470462922752
1339275437734813696
1339275408911560704
1339275356042371072
1339275311373017088
1339275235976212480
1339275204133068800
1339275176572309504
1339275145463148288
1339275117403271168
1339275084729552896
1339275044539805696
1339274572592451584
1339274542221578240
1339274513935109888
1339274484268855296
1339274452727640064
1339274425787674624
1339274397874589696
1339274365326790912
1339274338084806912
1339274311459336192
1339274283676262400
1339274252869103616
1339274226881220608
1339274179108024320
1339274151933128704
1339274100469100288
1339274054101061632
1339274025500078080
1339273997700182016
1339273967853572096
1339273939785281536
1339273915206672384
1339273879743848448
1339273831630987264
1339273760994701312
1339273733274542080
1339273702073131008
1339273672041893888
1339273639452151808
1339273609479598080
1339273580438228992
1339273551912833024
1339273513732104192
1339273464612610048
1339273435055337472
1339273406173376512
1339273376096014336
1339273346790420480
1339273307338797056
1339273273935351808
1339273244952702976
1339273211851182080
1339273180704366592
1339273151818108928
1339273105596878848
1339273057739943936
1339273023648641024
1339272998126227712
1339272968912908288
1339272927309668352
1339272893960687616
1339272864197988352
1339272828537942016
1339272718382936064
1339272636803788800
1339272529970667520
1339272501801725952
1339272470164074496
1339272438882897920
1339272402790993920
1339272361783259136
1339272306397470720
1339271028753756160
1339270948881633280
1339270908922351616
1339270877867876352
1339270846377058304
1339270810519920640
1339270778429337600
1339270746569383936
1339270715967725568
1339270639786528768
1339270602788630528
1339270558526083072
1339270529811963904
1339270497327075328
1339270464129163264
1339270428469174272
1339270360068403200
1339270327222808576
1339270286580068352
1339270259119939584
1339270228283449088
1339270195848880128
1339270162978140160
1339270096322224128
1339269972456042496
1339269926499077888
1339269848346583040
1339269819577888768
1339269795284398080
1339269768201859072
1339269728989306880
1339269685183967232
1339269648488001536
1339269622332317696
1339269592930283520
1339269567080763392
1339269538605654016
1339269405058936832
1339269372838359040
1339269287463297024
1339269260829454336
1339269230169120768
1339269199512875008
1339269168437268480
1339269138611662848
1339269103933067264
1339269076724686848
1339269012686065664
1339268985611751424
1339268952065708032
1339268857001816064
1339268614524968960
1339268562691760128
1339268532358541312
1339268506559377408
1339268483171938304
1339268412300800000
1339268387546009600
1339268359687442432
1339268330667040768
1339268302842032128
1339268233992540160
1339268208021413888
1339268157723340800
1339268068900564992
1339268022037569536
1339267992023162880
1339267938952613888
1339267913375752192
1339267886427348992
1339267856668774400
1339267828193648640
1339267764226285568
1339267739203080192
1339267702402281472
1339267672752721920
1339267642662789120
1339267617727590400
1339267507857788928
1339267475469426688
1339267444674867200
1339267414983385088
1339267374835503104
1339267345198555136
1339267318170460160
1339267291435982848
1339267257093005312
1339267168366628864
1339267086397345792
1339267048308879360
1336068379325640704
1336068338313728000
1336068301357797376
1336047341577461760
1336047293078835200
1336041689597825024
1336040202905800704
1336040172228648960
1336040063163977728
1336026745770799104
1336026709410377728
1336026666045419520
1336017512643883008
1336017442146021376
1336017408277028864
1336017372776443904
1336017289355866112
1336017231231262720
1336017196837953536
1336017160951504896
1335991353172500480
1335991315960619008
1335991284071354368
1335991169214533632
1335967187375435776
1335967146355159040
1335967108166004736
1335967026016374784
1335948708358348800
1335948668160143360
1335934256225394688
1335934200483115008
1335934156153507840
1335934081545211904
1335912389515030528
1335912347362320384
1335880073275203584
1335879956589666304
1335871782566449152
1335871700873981952
1335865194510249984
1335844340158042112
1335844305030836224
1335844270436212736
1335828711845879808
1335720040767819776
1335717946056990720
1335717905690996736
1335717789257109504
1335717751378350080
1335717696516841472
1335717620969054208
1335717569869860864
1335717426768588800
1335717388818505728
1335662624948842496
1335662542027419648
1335662501028098048
1335651336713609216
1335647194507071488
1335647086788931584
1335647051577692160
1335647014856634368
1335646979100209152
1335631893925142528
1335631853152296960
1335613156878675968
1335613115057188864
1335600267170107392
1335600225260630016
1335600188526878720
1335581508908748800
1335579210530820096
1335579138208522240
1335574137826402304
1335574048366071808
1335573992162422784
1335560530380148736
1335560495194120192
1335560450952585216
1335560291090911232
1335560210551894016
1335560185520267264
1335550569180753920
1335528420806189056
1335528322667835392
1335528260021735424
1335514410778058752
1335510018620350464
1335505878162739200
1335505850270670848
1335499664410484736
1335499625831280640
1335499595732889600
1335499510148116480
1335499481748533248
1335413331604148224
1335413244937252864
1335413203073896448
1335412995892142080
1335316485275852800
1335316393726783488
1335316353599889408
1335300464016052224
1335300415668310016
1335297635549319168
1335284736315576320
1335284704375934976
1335268813575761920
1335268773629145088
1335268699134189568
1335257939544862720
1335257904958611712
1335257871324471296
1335244229237465088
1335244144252510208
1335244048135806976
1335227938342641664
1335227870910820352
1335227839474446336
1335227808361156608
1335216354283188224
1335216310444240896
1335216199261622272
1335216160875360512
1335216097491030016
1335216024191463424
1335197037923610624
1335193573118128128
1335179751883993088
1335179724260302848
1335179670048927488
1335179641255063552
1335179612658262016
1335179579745558528
1335156758696890368
1335143224646766592
1335138888260661248
1335138844673454080
1335131664066949120
1335131616595898368
1335131581296627712
1335131547876401152
1335131488824782848
1335046836495769600
1335046805009076224
1335046774252253184
1334969154512818176
1334969122329915392
1334969093129203712
1334969056760389632
1334969030940258304
1334969002876133376
1334968974900146176
1334968946932523008
1334968920726523904
1334948855016808448
1334948780005855232
1334948741414072320
1334948666604474368
1334948633876320512
1334948591270580224
1334948540649500672
1334948503454412800
1334948407069339648
1334907151563825152
1334907119401922560
1334907086166175488
1334886742458064896
1334886700309471232
1334886627903213568
1334866465573359616
1334862093716229888
1334857029136097280
1334856982747025408
1334814382631563264
1334812118151999488
1334812086149537792
1334812030377861120
1334800412914946048
1334763687979200512
1334756201305952512
1334752646977245184
1334752617021534208
1334752589313945600
1334752554186649600
1334752519579381760
1334696195143462912
1334696160037134336
1334695869636079616
1334695811335204864
1334695754976333824
1334615211752427520
1334613575223087104
1334611537349251072
1334611300752781312
1334611234755399680
1334602428268900352
1334602208344674304
1334601734916894720
1334601697885347840
1334601660786733056
1334601627890806784
1334601595909246976
1334601552565301248
1334601376798826496
1334601327557668864
1334601280212365312
1334571733530062848
1334571700936208384
1334567464336822272
1334567407868899328
1334567348267851776
1334567308874936320
1334567211789324288
1334539539545808896
1334539502023561216
1334539475662286848
1334530370335858688
1334526204272111616
1334526178774937600
1334526117559083008
1334515823919177728
1334515791090372608
1334515718130462720
1334479435769188352
1334465790008053760
1334465746223706112
1334449453068132352
1334449367143559168
1334449332188286976
1334449298235420672
1334449227779477504
1334449191494578176
1334438095366860800
1334438058071121920
1334438021874278400
1334431797258706944
1334431745949708288
1334428683294175232
1334428591552073728
1334428563194474496
1334428516440551424
1334404188269317888
1334395128639868928
1334355947318353920
1334355913596137472
1334355874782060288
1334260689251266560
1334260635065082112
1334246243678081024
1334246180579053568
1334246121330405376
1334245946100752384
1334245910524604416
1334245836717486080
1334245800554205184
1334212805931700224
1334212448052801536
1334212401760231424
1334212373335433216
1334212312107020288
1334212251625136128
1334212213767348224
1334212168934453248
1334212121824010240
1334212093051105280
1334179346983096320
1334179298098503680
1334171900268998912
1334171866756304896
1334153805315891200
1334153778094870528
1334153749401640960
1334153720792231936
1334132494438977536
1334127834617556992
1334127801738387712
1334127773267468288
1334127749661921280
1334127719349628928
1334127679424122880
1334118923701280768
1334114549428006912
1334114524530675712
1334101712836157440
1334101682880450560
1334089457356648448
1334089358815662080
1334089298723950592
1334089243262676992
1334089210551218176
1334089175348469760
1334089148056150016
1334089105773301760
1334042872363053056
1334042845523681280
1334042813764423680
1334042786614677504
1334042755971092480
1333956512050450432
1333956481113346048
1333956343645040640
1333956247343738880
1333956210559774720
1333956176963399680
1333956143580901376
1333956109531570176
1333867989502976000
1333867963364090112
1333867933001543680
1333867900457906176
1333867873127849984
1333867834112405504
1333867809416368128
1333867779473203200
1333867754949124096
1333867731976925184
1333867636959174912
1333867613773041664
1333867586170335232
1333867552737538048
1333867474836738048
1333867444239273984
1333867422441492480
1333822718689554432
1333822696271056896
1333801853063086080
1333801796398026752
1333801738088849408
1333778106503602176
1333778081010499584
1333778048781606912
1333778022416084992
1333777982322831360
1333777943647154176
1333777850084843520
1333777579581595648
1333777499495522304
1333755214462062592
1333755163308331008
1333748273522368512
1333748252152377088
1333748221848514560
1333748197861306368
1333748172796157952
1333748139749224448
1333748116420505600
1333748090726133760
1333748027727732736
1333747999202283520
1333747970035081216
1333707439548592128
1333707406975639552
1333707383223308288
1333690972073570304
1333667320980500480
1333667289313517568
1333667259030573056
1333667223769145088
1333622011357237248
1333621986371772416
1333621954750844928
1333621861452804096
1333547920734490624
1333547888572588032
1333547796226564096
1333547768338583552
1333547739729326080
1333547712029966336
1333547667771809792
1333547594912567296
1333547568270352384
1333547540118188032
1333547499844476928
1333547427022966784
1333547399436972032
1333494634044125184
1333494562837450752
1333494480444530688
1333494335074168832
1333494261782896640
1333494166416990208
1333458949249654784
1333458881641656320
1333458852654833664
1333458809826799616
1333447891227205632
1333447857932734464
1333447809421484032
1333447786495356928
1333447757747679232
1333424739499569152
1333421031655157760
1333419973809758208
1333419920701403136
1333419876808073216
1333419844654559232
1333404785089843200
1333394509833654272
1333394483703111680
1333394461343232000
1333394436420726784
1333394410004942848
1333375776465571840
1333375737118793728
1333344584085204992
1333344522978418688
1333344495593787392
1333338756955443200
1333338700332326912
1333338662306721792
1333291516647911424
1333227296484970496
1333218969285758976
1333218867292868608
1333218839790837760
1333218807033327616
1333218777840971776
1333218687822786560
1333218655732109312
1333218620244172800
1333218421329235968
1333218370263584768
1333218346414825472
1333135436781326336
1333135395392024576
1333135353109245952
1333135311401082880
1333135184657584128
1333135144790712320
1333135096879124480
1333118389003366400
1333116576736960512
1333116472927850496
1333113815878283264
1333113779488509952
1333113703970050048
1333113667567702016
1333113629542141952
1333113567126704128
1333085506356260864
1333085474446074112
1333085437297094912
1333085345274089472
1333085304249594112
1333085267805298688
1333053627146137600
1333053580438335488
1282533345977675776
1282241399103135488
1281697294463709184
1281696321066475520
1281696194595520512
1281696035392364288
1281695667912679424
1275155989994639360
1273854784941015040
1271700558664130560
1271469187035279360
1271298843410382848
1271298135743135488
1270704134229024768
1270582767672328192
1270582700865355776
1270067935218974720
1269871178186985472
1269660670993354752
1269659089942073088
1269650285582061568
1269326323962568704
1269325987419955200
1269155025894375424
1267480375518990336
1267479515263008768
1267306830092435712
1266630320461406208
1265193069248380928
1264585672310034432
1264419224719630336
1264276432479555584
1264239126267727872
1264209352363258112
1264207885799755776
1264207141927337984
1263720380558127104
1263632939562270720
1262816143405985792
1262722425860558848
1262536233999380480
1262509939454599168
1262509172383526912
1262496648858611712
1262487200744251392
1262483596780150784
1262431016557436928
1262430807018352640
1262430472820457472
1262429961329278976
1261984942411653120
1261959285564735488
1261958686001463296
1261653178556219392
1261634654861484032
1261500542456643584
1261346272545517568
1261298678633029632
1261256974269906944
1261256663186714624
1261005924069670912
1261005736206831616
1260981493419171840
1260981222752358400
1260955815848161280
1260930838436278272
1260905438792556288
1260904863472517120
1260903376373473280
1260903236254433280
1260902594207264768
1260902322399559680
1260901948896808960
1260901730121728000
1260899220535549952
1260898242470072320
1260898012076937216
1260874809334010112
1260855896311291904
1260853263202766848
1260844901916454912
1260807800902627328
1260782589809504512
1260775820404146176
1260731928967290880
1260730694902452224
1260730274851237888
1260692099856556032
1260691167055929088
1260690981877428224
1260690060036444160
1260689063545384960
1260627864216616960
1260626565077008384
1260625478370680832
1260619675962159104
1260619439831232512
1260618986150035712
1260537721950539776
1260305497305079808
1260305027907956736
1260256388539965440
1260111827230437376
1260059662109442048
1309996193590775808
1309993045354582016
1309991774304251904
1309991168256737280
1309985745730494464
1309354766267486208
1309354138485096448
1309353677422039040
1309352955494227968
1309351701586075648
1308017792441102336
1307786657396142080
1307786455310372864
1307784240097095680
1307422363324157952
1306691305280540672
1306689040255770624
1306490265264422912
1305971400583327488
1305948378669494272
1305946668928561152
1305944995954929664
1305944324606132224
1305943635213647872
1305942897334931712
1305940585971318784
1305940371881504768
1305939900219437056
1305938959374184448
1305928879421427712
1305928431423631360
1305927710536085504
1305604777649278976
1305603574215380992
1304847173981556736
1304844269593784320
1304176996625383424
1304175416886939648
1304136532517847040
1304133560488648704
1304133327037882368
1303771943225745408
1303770312262201088
1303769689672372224
1303769579437592576
1303769121268666368
1303445032419160064
1303443718695981056
1303400393435688960
1303053119471988736
1303051795695112192
1303044806202056704
1303044127697842176
1303041113402626048
1303030544243060736
1303030177883205632
1303029130880077824
1303027206550155264
1302747806407557120
1302747723423195136
1302747549502181376
1302746334726938624
1302745292060622848
1302743921202733056
1302367737013055488
1302366926497288192
1302214011052871680
1301744594988785664
1301740571430498304
1301733698673483776
1301730560419790848
1301400317985202176
1301400118277660672
1301398749923639296
1301287723320442880
1300939095137554432
1300937760015036416
1300936855660171264
1300933932263890944
1300930821260480512
1300930454854545408
1300930228433432576
1300930018667827200
1300929081165451264
1300904850243322112
1300904051119468288
1300902866815770624
1300902048603537408
1300901908023062528
1300770773838200832
1300770276486115328
1300769653501964288
1300769205055303680
1300561270379360512
1300560755125870592
1300384686418657280
1300379777984065536
1300379201489514496
1300377298055630848
1300376606121373696
1300203649076002816
1300201794237235200
1300201541266219008
1300201421867028480
1300197978662203392
1300196775635177472
1300196439247724288
1300194788373913600
1300058840608772096
1300058786443464704
1300058593044160512
1300058095767433216
1300057475165696000
1300056444855820288
1300056081616580608
1300055938288750592
1299450363406413824
1299331052050227200
1299327817738522624
1299327124202033152
1299326539021135872
1299324541269876736
1298946256115511296
1298944368745775104
1298718837152468992
1298716261220638720
1298689159993921536
1298686417116200960
1298359619883081728
1298359366450642944
1298300361023926272
1298299637791690752
1298299319498440704
1298298284906250240
1298297492887482368
1296914450813988864
1296914301278736384
1296912424004661248
1296910555039641600
1296179579804155904
1296153038047064064
1296148003816902912
1296147258803654912
1296146921908838400
1296146656535207936
1296146400800116736
1296145928106237952
1296145338047369216
1296145053061206016
1296144895787269888
1295833865815314432
1295833467201167360
1295833190108667904
1295830845505372160
1295826932827922432
1295826371512606720
1295793763269447680
1295793719396962304
1295793478308433920
1295791749009485824
1295790639444111360
1295782584929202176
1295781959038390272
1295781276360876032
1295779384171933696
1295779305621000192
1295464028337315840
1295463016893472768
1295458321709834240
1295456097613099008
1295455255203852288
1295073503020974080
1295071961316564992
1294402908969144320
1294401129191800832
1294399947354386432
1294212064819523584
1294211369672282112
1294210428210426112
1294209075832553472
1294027243459575808
1293772402690789376
1293661717726146560
1293661004023435264
1293660711349096448
1293659417876082688
1293659314855587840
1293440524083486720
1293439162033623040
1293431310342660096
1293430307551621120
1293429739282194432
1293428751435530240
1293427664095711232
1293425395417731072
1293325899723608064
1293325806069067776
1292781443349983232
1292780411786067968
1292779934209970176
1292772688709193728
1292738907617009664
1292581029501378560
1292576737348419584
1292571645597687808
1292569188050116608
1292568712868958208
1292568111229669376
1292567292325384192
1292566459936317440
1292564701017186304
1292560178005647360
1292559526672162816
1292557349895442432
1292463069998788608
1292462952487030784
1292462718017064960
1292459277135892480
1292457475912892416
1292456225045700608
1292455655341776896
1292401157139247104
1292400683912699904
1292400626102677504
1292399917265293312
1292397807148490752
1292396210645536768
1292393610500100096
1292391936662409216
1292196732751810560
1292193742997393408
1292193096671911936
1292185412841210112
1292182097550082048
1292180972063031296
1292174708813766912
1292174200480903168
1292172784567754752
1291955111233716224
1291953746679930880
1291825158085381888
1291824807252828160
1291824441761107968
1291823958308814848
1291823346561224704
1291823287555809280
1291822925344120832
1291822405871075328
1291821953775476736
1291821086921887488
1291819927700229888
1291818682625282048
1291818245893357568
1291818051307032576
1291817279903145984
1291816956019040512
1291814604230856704
1291814094362812416
1291811531697598464
1291810425739378688
1291808740774158336
1291473415573049088
1291472822301327360
1291471966059269888
1291470489844617216
1291469846790705152
1291468829273489408
1291450943763099648
1291447975143788288
1291228165529116672
1291227703430057984
1291104836654686208
1291103779375452160
1291102561894891520
1291101444230316032
1291100256285884416
1291099455043907584
1291099368641179648
1291097848323481600
1291096806751961088
1291095065574739968
1291094795780325376
1291094251661668352
1291093977316438016
1291093372543827968
1291092971685842944
1291092744648241152
1291090747115081728
1291088564969709568
1291088040602021888
1290755510019461120
1287312822129635328
1286920349368684288
1286914110089822208
1286909492941279232
1286799326577070080
1286220134189850624
1286219892065292288
1286216400374304768
1286216367277060096
1286215150924685312
1286208543167832064
1286198388241960960
1284755848645025792
1284750284506509312
1284749676835725312
1284747983280635904
1284745213643284480
1284743767296221184
1282745303016386560
1282741944423256064
1282741441110974464
1282291907561959424
1281991031370784768
1281605933261611008
1281605115682717696
1281603680026931200
1281346843675418624
1281344526125326336
1281344096334946304
1281342712416002048
1281340997167976448
1281337635949219840
1280927541755359232
1280252093606121472
1280248288223145984
1280247965198831616
1279819829441110016
1279768396108873728
1279767065293971712
1279766697306701824
1279714656672722944
1279712903923470336
1279191774007885824
1279013962290548736
1279011701371920384
1277325296631517184
1277324869659754496
1277324046888304640
1277324002869104640
1277322873024233472
1277322616286707712
1277319409456091136
1277317701501956096
1277169937061236736
1277166009833619712
1277165024860135424
1277164313501974528
1277162731725099008
1277160783000952832
1277157875794788352
1277156126325444608
1277128587750096896
1277119370540580864
1277116943271591936
1276972182162345984
1276971380907573248
1276759065499230208
1276599835299373056
1276598502785716224
1276598438206025728
1276597874529374208
1276596619140632576
1276405382768922624
1276249222166315008
1276205587592871936
1276205125011484672
1276200103070572288
1276199911881691136
1276198700356898816
1276198060259975168
1276197312671485952
1276049718120980480
1276045622949396480
1276044831765250048
1276044449534140416
1276042003994874112
1275877454792581120
1275876264675508224
1275875469292904448
1275874107633078272
1275873799267921920
1275756309875392512
1275751549252308992
1275747393678516224
1275746060682563584
1275744984537464832
1275660851186470912
1275475503005216768
1275474894315311104
1275473691191672832
1275472327099256832
1275321057206042624
1275319733278199808
1275317144406933504
1275136736809672704
1275117324681596928
1275116720890564608
1275114665631191040
1275113578937421824
1275113265492832512
1275112965860134912
1275112745210449920
1275112067675144192
1275110900551294976
1275110441887371264
1275110414909673472
1275109465973493760
1275109200461541376
1275108417619857408
1274660588564746240
1274083360625827840
1274081233761439488
1274081030832631808
1274079556824170496
1274078276353511424
1273713608371900416
1273712458432217088
1273611583919403008
1273610255365279488
1273313719427239936
1273313350852718592
1272300699691421696
1272299139041198080
1272298864771584000
1272298360414715904
1272297818162675712
1271574104316010496
1271210405424136192
1271208143868112896
1271057897913561088
1270980976303374336
1270979970630893568
1270976968155070464
1270908745002999808
1270906059364982784
1270903845472866304
1270828555161796608
1270691125892984832
1270685290177482752
1270683394012315648
1270683032131964928
1268605011182923776
1267888913517027328
1266999217907736576
1266998418272116736
1266996797785997312
1266996201884454912
1266995403607736320
1266995358611144704
1266988713600380928
1266986798514728960
1266974680726081536
1266974042436841472
1266973587434622976
1266972433665470464
1266972014339919872
1266970504021278720
1266969298884583424
1266968264183361536
1266967224671240192
1266966933267677184
1266964739646725888
1266933015751593984
1266932022687211520
1266930918750633984
1266929937698754560
1266928237222989824
1266845559840792576
1266843348528181248
1266495454298152960
1266495115088068608
1266495032065998848
1266488463379046400
1266487679417552896
1266487219465924608
1266484146584588288
1266479197578563584
1266473815984529408
1266472748295041024
1266471656161247232
1266471564897329152
1266470940898209792
1265509618811355136
1265507217756782592
1265505668049653760
1265505029408075776
1265504560975621888
1265504518671937536
1265503848891908096
1265502565548150784
1265501884791566336
1265499200516751360
1265498006268321792
1265497392998219776
1265494785030266880
1265494285627113472
1265493346367258624
1265492820388962304
1265456211207618560
1265427256505237504
1265426137540374528
1265425796220555264
1265425702498820096
1265425643237498880
1265425372004454400
1265425135688978432
1265425061747609600
1265424994105950208
1265424147829702912
1265422428194451712
1265422199080595712
1265363814117146624
1265360317703471104
1265359231500406784
1265358372662099968
1265356315850915840
1265355383842930688
1265354818111131648
1265076322868572160
1265076170086850560
1265075676803203072
1265060815499137024
1265057143503413248
1265057024594886912
1265056830541225984
1265055908834541568
1265053160382627840
1264893387112620032
1264893115615318016
1264890957222289408
1264729211413106688
1264727832510545920
1264726455348494336
1264726015445815296
1264725395473080320
1264721166666797056
1264720251868131328
1264718383729311488
1264717238583656448
1264678154888720384
1264677817419272192
1264677092261756928
1264676659577401088
1264676592380452864
1264636380644356096
1264633284337827840
1264632442541006848
1264377697591005184
1264377534361280512
1264376534435053568
1264375606235586560
1264375586954321920
1264374015700996096
1264372969222086912
1264371126945435648
1264268705028091904
1264268633439641600
1264258043392507904
1264256842395455488
1264056566631862272
1264054981977612288
1264054067984322560
1264052580369432576
1264051711016153088
1264050652487057408
1264049178310828032
1264048940116312064
1264048730396864512
1264047780269604864
1264046349391183872
1264045354573615104
1263551605884026880
1263547738496684032
1263539567031988224
1262460792735227904
1262460402291683328
1262458916803403776
1262456419305033728
1262455861567504384
1262455814519955712
1262452975232077824
1262452917547589632
1262106547985035264
1262105799721181184
1262105558154383360
1261837288004354048
1261836654882574336
1261836192133386240
1261834658611953664
1261833533695418368
1261833474278928384
1261833222301855488
1261832690581614592
1261832658864218112
1261830647909421056
1261830102331072512
1261829488658264064
1261826536325492736
1261825087025680384
1261824739405938688
1261824470551052288
1261824205307416576
1261822028170047488
1261821595770925056
1261820012744114176
1261819339449171968
1261819131365637888
1261818870215647232
1261733244120293376
1261731725396316160
1261731618823307264
1261731316535635968
1261730886116151296
1261729767721664512
1261728945277370368
1261728177954664448
1261465222679678976
1261464573145579520
1261463528331980800
1261463341165404160
1261461147535970304
1261460392716484608
1261458326279213056
1261456909934006272
1261456175587041280
1261455948020736000
1261455718072254464
1261455671632859136
1261455158812315648
1261455087823581184
1261454626391576576
1261454583580090368
1261372131100758016
1261371823532331008
1261371617860452352
1261371058843574272
1261370193046986752
1261369795770847232
1261368705709047808
1261367128340529152
1261366367434899712
1261363996541636608
1261363682526875648
1261117847297810432
1261114143333125888
1261112051197513728
1260783284721721088
1260738498354712576
1259966183937380352
1259965616854839296
1259965355025412096
1259964807530381312
1259964149167161088
1259963340589326336
1259962813650534400
1259962687594823680
1259650734322331648
1259650438955249664
1259650138219450368
1259635537100640512
1259635189627707392
1259634760034521088
1259634657584431104
1259563273692811264
1259563193023827968
1259562495557152768
1259562413248086016
1259562058774974464
1259561795179753472
1259561757728739328
1259560110717894912
1259559795885039616
1259502485095448576
1258872104210087936
1258871998157148160
1258871712495611904
1258871027297325056
1258870084715646976
1258869398204485632
1258868739317039104
1258564761161170944
1258564721650929664
1258562536938536960
1258561477532774400
1258558316969631488
1258557948193910784
1258541238841536512
1257851740738764800
1257813124243210240
1257812632536522752
1257811951293476864
1257809629020590080
1257808889531285504
1257807874442629120
1257805791261872128
1257758095318691840
1257757184957571072
1257545050214539264
1257518630356619264
1257517888149303296
1257443008150110208
1257441727645957888
1257441086932385792
1257439713989976064
1257438475202289664
1257437159155474432
1257436379899990016
1257433081448992768
1257431279508881408
1257430779078021120
1257429127574978560
1257428546416447488
1257297502795112448
1257295865011732480
1257293398920310784
1257291299893501952
1257234487399911424
1257234404335910912
1257233874188472320
1257228246074130432
1257112420356698112
1257111483126857728
1257098929583403008
1257096046016069632
1257092601179705088
1257092120743227392
1257090492204023808
1257088076507164672
1257087442127028224
1257085237953093632
1257082436334374912
1257072779935002624
1257071956983152640
1257071277736681472
1257070828262391808
1257070033156669440
1257069950004613120
1257067896238473216
1257066701360898048
1256587751702638592
1256586591373611008
1256408175194095616
1256407324719185920
1256407059937009664
1256406631539245056
1256406068177129472
1256405330424147968
1256404712456364032
1256404316535087104
1256402703099613184
1256402618114588672
1256401988386009088
1256401249676787712
1256400606480216064
1256399698862235648
1256398640253468672
1256032190531547136
1256031711772790784
1256031581543829504
1255973363559907328
1255973249671991296
1255973205245865984
1255973002828808192
1255972793549762560
1255929172054204416
1255928128821702912
1255926741916438528
1255926392941957120
1255926341570002944
1255925680249987072
1255925191479300096
1255924834418245632
1255924394259611648
1255679167754100736
1255678207807889408
1255678070587117568
1255677672350416896
1255615325724434432
1255614984207335424
1255263090247176192
1255260856230776832
1255260621903409152
1255259964664418304
1255128370641121280
1255123709364441088
1254947858010210304
1254946991672565760
1254945945218805760
1254941653485355008
1254941030207623168
1254847673590562816
1254846749962797056
1254843701177782272
1254842880587431936
1254841604365524992
1254839409108754432
1254838959647186944
1254838927174893568
1254589937720197120
1254566173619912704
1254544115645050880
1254542539627147264
1254541325300621312
1254540080972210176
1254538946236813312
1254534532251951104
1254534505584566272
1254534375963852800
1254534290995585024
1254534259911655424
1254533532900364288
1254533308064698368
1253859596919242752
1253857602414563328
1253857566704222208
1253783335580643328
1253773065231663104
1253772659336392704
1253772403311812608
1253771343146909696
1253045308206059520
1252331087914848512
1252007123015340032
1252004546227744768
1252001283780808704
1252000855823388672
1252000567179784192
1252000268063047680
1251998672893677568
1251938352284291072
1251391703686266880
1251390728581898240
1251390527095930880
1251390042242760704
1251287664357146624
1251287614054895616
1251287512355569664
1251287496337559552
1251285475282821120
1251283230445260800
1251282824814092288
1251282058531557376
1251281680544997376
1251280964959027200
1251278286921125888
1251277660795342848
1251121734742351872
1251120425821704192
1251119212657074176
1251114976695201792
1251111702235578368
1251111425302560768
1250925153955053568
1250924439514107904
1250922146555219968
1250921369212260352
1250555399813697536
1250553360090103808
1250551786706030592
1250360733860278272
1250272077384318976
1250270826139541504
1250268766241316864
1250266304344281088
1250264190226333696
1250262267515375616
1250260808472223488
1249568330291253248
1249567080170618880
1249566018114129920
1249535970631921664
1249492686312218624
1249492304009875712
1249492060220149760
1249489774123061248
1249479549269745664
1249477664810905600
1249475421999153152
1249474865805111296
1249414130580193280
1249413132767965184
1249412843700658176
1249412750763269888
1249411787470053376
1249411062534987776
1249394790166388736
1249393869713813504
1249171448318570496
1249113201284911104
1249111492311441408
1249106635794104320
1249106177738358784
1249105199970554112
1249105060853960704
1249102700945403904
1249102317544038400
1249101965507702784
1249090788493012992
1249089527148433408
1249088509551484928
1249069851391508480
1249069821670690816
1249067968975208448
1249037043533045760
1248771440205279232
1248771086809997312
1248769450549170176
1248768802659205120
1248767811197046784
1248766969605734400
1248766002386685952
1248764977613352960
1248764550918405888
1248762905539031040
1248759882897121280
1248758942131511296
1248757533323517952
1248757313722290176
1248756636056981504
1248756181000208384
1248751996439576576
1248751787533832192
1248751409308237824
1248750619332050944
1248747847991861248
1248743624399093760
1248743342080503808
1248743082243350528
1248742951355899904
1248742699039064064
1248722329150128128
1248720432653651968
1248719196931973120
1248674871879643136
1248674544195457024
1248673726289317888
1248673086062428160
1248430316517125888
1248424529342300160
1248424166803435520
1248423401896599552
1248422587887017984
1248421872854687488
1248421523364298752
1248420705789595648
1248417698129666048
1248399179413508096
1248356857485328384
1248348968549068800
1248347307730505728
1248346307548393472
1248345495124283392
1248325087339646976
1248324026591858688
1248323691726979072
1248322481498263552
1248321023541489664
1248317695235416064
1248317423444467712
1248316266361827328
1248311451925741568
1248310844720644096
1248069892970024960
1248066660130607104
1248066364818042880
1248055383127732224
1248054085787451392
1248053328703033088
1248051458299367424
1248050027970298112
1248017553009430528
1248016323457585152
1248015273128411136
1248007109058252800
1248006634967687168
1248006201633210368
1248005887081328640
1248005373128105984
1248004701913640960
1247957435316305920
1247956594693939200
1247954272769265664
1247953927695405056
1247953503298949120
1247952389967098112
1247951767817633792
1247949142888009728
1247945137457594368
1247945082109648896
1247928392932040704
1247927837539077888
1247865847831564288
1247865605711151104
1247865381169049600
1247857107258478592
1247856049891262464
1247849927042007040
1247724136513797888
1247722977040502784
1247710021250699264
1247708937924698112
1247707822294544384
1247707565816938496
1247706631485489152
1247705304478953472
1247689442833432576
1247688220394971136
1247686065651167232
1247685676184809472
1247664532895522816
1247663802654625792
1247487519291293696
1247483274223652864
1247476638826315776
1247354425741651968
1247343959472553984
1247334285092192512
1247331851838074880
1247302653811609600
1247301597664813056
1247300813518786560
1247300363348303872
1247300327675777024
1247298566172917760
1247297098049077248
1247296559680757760
1247296333372895232
1247295716818587648
1247293902970904576
1247293386471739392
1247291577212579840
1247277120130289664
1247274496488243200
1247272998186487808
1247272112257105920
1247243656165298176
1247242524596584448
1247241619004424192
1247241593725300736
1247240875777949696
1247240311581138944
1247238827682430976
1247237011179745280
1247236364892090368
1247164602879623168
1247162233580183552
1246957633153753088
1246956696473407488
1246955571800137728
1246954410472812288
1246953169890029568
1246950987086036992
1246950387476815872
1246949946953281536
1246949580887003136
1246949044087373824
1246949000000999424
1246948770249662464
1246947909612036096
1246947195766673408
1246946540280782848
1246946088931807232
1246945807842017280
1246945264826490880
1246944214509895680
1246942970840059904
1246942372082188288
1246941757318758400
1246941174163742720
1246937632833253376
1246937201436430336
1246936656613163008
1246935518379679488
1246933820382814208
1246933632910004224
1246932678710042624
1246932456802058240
1246930249914494976
1246867491369992192
1246867072556163072
1246864790271688704
1246661941248045056
1246658002175889408
1246657941211688960
1246657407306039296
1246657368424841216
1246655462336069632
1246654786050633728
1246653920384036864
1246594066235752448
1246583640491986944
1246581353979744512
1246580844044660736
1246580568579399680
1246580153079287808
1246579128792473600
1246578765809016832
1246576276883869696
1246575302333128704
1246573370180866048
1246572712086167552
1246572189740142592
1246570289590304768
1246569499672956928
1246568464967491584
1246567553956225024
1246566885249908736
1246566532450263040
1246565566023897088
1246564948211314688
1246563861181992960
1246505688165203968
1246499676213391360
1246498414503682048
1246042791286882304
1246042350369083392
1246038269361442816
1246037761553022976
1246036919286456320
1246036124528762880
1246035796211220480
1245954035015995392
1245952600849240064
1245725340737114112
1245719543089172480
1245494404770680832
1245419011921321984
1245417408984158208
1245221349766946816
1245052031930425088
1245051731668598784
1245050317588377600
1245049690875400192
1245049470083104768
1245045972557795328
1245045160683220992
1245045097365995520
1244902198301077504
1244901080523255808
1244734410387308288
1244733801617600512
1244733781182943232
1244733516107186176
1244732865163771904
1244731974008348672
1244731022090141696
1244729994498187264
1244726030931243008
1244726002267426816
1244725707504340992
1244721927148711936
1244720527677284352
1244688006700810240
1244687583420067840
1244483475132088320
1244385285737254912
1244374139378556928
1244372765496524800
1244371389584486400
1244370772413603840
1244369344336887808
1244368679011340288
1244322624706097152
1244322440152571904
1244321895048241152
1244321322227957760
1244320497032101888
1244319392600653824
1243888668227624960
1241985022510469120
1241982281524396032
1241766068839997440
1241763870760468480
1241763308765577216
1241107487107043328
1241107304323440640
1241103466770116608
1241096413628465152
1240702485230014464
1240701856487075840
1240701724928528384
1240699093136977920
1240335702765731840
1239294899150901248
1239293660853829632
1239292931405733888
1239291312236625920
1239289039653666816
1239273218839642112
1239269519522217984
1239267674812710912
1239267444813946880
1239254946370981888
1239172899312992512
1239172683939680512
1239170307925172224
1239170009504583680
1239067660169760768
1239067194702458880
1239066985599729664
1239066733140475904
1239065088461602816
1239064714862366720
1239064563632529408
1239063142275207168
1239062890365227008
1239062143846289408
1238355266225274880
1238353013506531328
1237615610433015808
1237516366011301888
1237318267682697216
1237318101424836608
1237315186903654400
1236753104282009600
1236751377793236992
1236747997377110016
1236706158905380864
1236701899430264832
1236700943158312960
1236624946295640064
1236623734263382016
1236623557771382784
1236623167747170304
1236622809637498880
1236621700835553280
1236620890252750848
1236620035772342272
1236405704900182016
1236403769228787712
1236402830514282496
1236400573886447616
1236264574707523584
1236264168220692480
1236263217103585280
1236261517227687936
1236260938547892224
1236260437089541888
1236259684413329408
1236259525071699968
1236257892933779712
1236256345743122432
1236254406246531072
1236253855073042432
1236253608720678912
1236252895865176064
1236252723185627136
1236244847742324736
1236244620759257088
1236244008004980736
1236014427519975424
1236013016501624832
1236012731670634496
1235665563495493632
1235665154630709248
1235664770797363200
1235663499415744512
1235663044216320000
1235662861059358720
1235661443720253440
1235658316170153984
1235657775855828992
1235649924362055680
1235649523008942080
1235649254359789568
1235607332106559488
1235606864940826624
1235442323514732288
1235302911908941824
1235302787069734912
1235302418616848384
1235257714651148288
1235075676425707520
1235074346940391424
1235073455038410752
1235072647496531968
1234928799919333376
1234927570434609152
1234896182792663040
1234895917376995328
1234893766114381824
1234893529891077888
1234893469891678208
1234891102546808832
1234885417566121984
1234855528452497408
1234851359733813248
1234849946437898240
1234849823737745408
1234848615262310400
1234578207317340160
1234103006087581696
1234102497662447616
1234100997028548608
1234099840134647808
1234041601678348288
1233840345361928192
1345664802371342336
1345664530974711808
1345661011060281088
1345660793426206720
1345484945117077504
1345482769951043584
1345481657403518976
1345460755248918528
1345432613641728000
1345432495442030592
1345432437048938496
1345361894434070528
1345333098599342080
1345332269154766848
1345302212214468608
1345280599888719872
1345225627201363968
1345224283337805824
1345121522327969792
1345120350141612032
1345119943700983808
1345119440652926976
1345117256737583104
1345116393545621504
1345115481775222784
1345114894614618112
1345114833096683520
1345111622516436992
1345110624796348416
1345110112386605056
1345109568846753792
1345109509883179008
1345109287123767296
1345109051215142912
1345108783127802112
1345108603456397312
1345107688003428352
1345107178613575680
1345107020484124672
1345106675787825152
1345106334035881984
1345094662227447808
1344951627690737664
1344937488083779584
1344579065529978880
1344537493442621440
1344387754629754880
1344387399082782720
1344373422760071168
1344372371310968832
1344355736671948800
1343654963294187520
1343653823076835328
1343618964115640320
1343615133520687104
1343614983570120704
1343614390860443648
1343603571632312320
1343475655598608384
1343297679699415040
1343258923067957248
1343217593671442432
1343212985788071936
1343212583856254976
1343212470576574464
1343212423893889024
1343047028872458240
1342935184900022272
1342934567435575296
1342934129306906624
1342930216575004672
1342846580249022464
1342845799890382848
1342845282334216192
1341992852876910592
1341498720857296896
1341498061202345984
1341494920960487424
1340400899198513152
1340399585651527680
1340040549668155392
1340039938490941440
1339679859661041664
1339679802480013312
1339317378157568000
1339313323729367040
1339282732950704128
1339269201748496384
1338870097558048768
1338852745621757952
1338697365247692800
1338586770057949184
1338576071135031296
1338555965499731968
1338555570756984832
1338554058039316480
1338220267450085376
1338198498072727552
1338196857961525248
1338189303164309504
1338187785606471680
1338185340792827904
1338184402413686784
1338183002829025280
1338182073568391168
1338181605010108416
1338122985627136000
1338090131161542912
1338089048687177728
1338088808395452416
1338087294838976512
1338082804228362240
1338082091884556288
1338081544125243392
1338080941940543488
1338059029260742912
1337973873246138368
1337473634483494912
1337469817545232384
1337080147858649088
1336631345368469504
1336425234501685248
1336414801573114112
1336159958291927040
1336054411420983296
1336020350828761088
1335831013306593280
1335831011209457664
1335831009389125632
1335831007778496512
1335831006088192000
1335831004427251712
1335831003005407232
1335831001751310336
1335697752475525120
1335697583877091328
1335695205215981568
1335612572792483840
1335608301153882112
1335580366963400704
1335571457234046976
1335571423855738880
1335569881148911616
1335568016491356160
1335552953466417152
1335550176711282688
1335550122051112960
1335549915523665920
1335547356629118976
1335544421958475776
1335339812803538944
1335228831712636928
1335218838477164288
1335217947049152512
1334849032267722752
1334848320750178304
1334847375689592832
1334847208374611968
1334737526398087168
1333830539783114752
1333828962460557312
1333506471489916928
1333503547292463104
1332950818853695488
1332949683099078912
1332948536883900416
1332948375264780288
1332948020586029056
1332947124288413696
1332946085854195712
1332945493081673728
1332789697882558464
1332789058993590272
1332786250110078976
1332786014260236288
1332785480178524160
1332784512636497920
1332780557902766080
1332780286879412224
1332780169388576768
1332776674723852288
1332776514644045824
1332637471780245504
1332585957305053184
1332390410384191488
1332066555983777792
1332066276240465920
1331851786479693824
1331690161277636608
1331687625858682880
1331656489338101760
1331342408639008768
1331322455416336384
1331279783184003072
1331262990499405824
1330210788620046336
1330196571435245568
1329692753580711936
1329688205621391360
1329669223728222208
1329668101311500288
1329667879210545152
1329632779068469248
1329532309746356224
1329484988551716864
1329484616068173824
1329482237612535808
1329481575327817728
1329480707480170496
1329095320760889088
1329091036358950912
1329090526298062848
1329086720302669824
1328809017221787648
1328774586951938048
1328760301978783488
1328724354176315392
1328546343787356160
1328453557943754752
1328425572528164864
1328424202341396480
1328409623989284864
1328383918245089280
1328067770865606912
1327910600463310848
1327907234542735360
1327712642442604288
1327711830588919808
1327700189222744064
1327699643074027520
1327697041884127232
1327685296360738816
1327679967170269184
1327679945481523200
1327311539322425088
1327309610643054592
1327308407146229760
1327306466022354944
1327305781784489984
1327270721257676800
1327209067161513984
1327143553198330112
1327143466627903488
1327142801822380032
1326959011917422592
1326635993907277824
1326633749023428608
1326525338222997504
1326507558308376576
1326093335275196416
1326093318946754560
1325887771555270912
1325883385907204096
1325879335790792704
1325878917316620288
1325876331125600512
1325875650520027136
1325875289176625152
1325875227239309312
1325875193957523712
1325874751508721664
1325873638311153664
1325453392894943232
1325340394197037056
1325278948142538752
1325173314138988288
1325166820559478784
1325154052267671552
1324321586015621120
1324080510633738240
1324070928620408832
1323721092368912384
1323720217990701056
1323689884771639296
1323687436543758336
1323338848189992960
1323203985784918016
1323202830807813888
1322962816119296000
1322947496583286784
1322796105256546304
1322734396374470912
1322274784500211712
1322161588988760064
1321920656850735104
1321794874686033920
1321484385787514880
1321483471748059136
1321480728706719488
1321018106853163008
1321016912873246720
1320806969138126848
1320085555267461120
1320085071601291264
1320083972517482496
1319741367606796288
1319674152807243776
1319671692550078464
1319533848955359232
1319215593845829632
1319215502271664128
1318932060430569472
1318875069523939328
1318874852242149376
1318809065594802176
1318654208569151488
1318643114375024640
1318613861419929600
1318285741613613056
1318285011225903104
1318282818242416640
1318281932694822912
1318280367778967552
1318276885323931648
1318268484116189184
1318266701272809472
1318266377904508928
1318266345373503488
1318041371589156864
1317834471526326272
1317833209909051392
1317832927015731200
1317798645509574912
1317798528081711104
1317798250662010880
1317796391067017216
1317725116676120576
1317665342664118272
1317568803962834944
1317568314831405056
1317496177017950208
1317134827527802880
1317134440502562816
1317134278212321280
1317134214916177920
1316793277178314752
1316445278736732160
1316258127348666368
1316104510717259776
1316104221742321664
1316103651602116608
1316103234193444864
1315737407438938112
1315397057482559488
1315377323374530560
1315340167025131520
1315337763177353216
1315335383740186624
1315202215167094784
1315033638027907072
1315032987084509184
1315032362091245568
1315030778540101632
1315030420602458112
1314978560642355200
1314961633169616896
1314960816551211008
1314960688994029568
1314936593313038336
1314935585153396736
1314932832339464192
1314844520215908352
1314841993072136192
1314841569254608896
1314840426680143872
1314763885820489728
1314761471600058368
1314656130220593152
1314398717865349120
1314237468653293568
1314095746300481536
1313856839155691520
1313668723404922880
1313582080123637760
1313452440042299392
1313451640394076160
1313447032590348288
1313302890144989184
1313190248957054976
1313187234292674560
1312852556943691776
1312793146758254592
1312699321922486272
1312698953889181696
1312586476526407680
1312586193641578496
1312585898031226880
1312585565573967872
1312585428478955520
1312482253641932800
1312481254516813824
1312473018480828416
1311903898693709824
1311773724430020608
1311552409991348224
1311551408215392512
1311551131408052224
1311549155081363712
1311548410462449664
1311335719240110080
1311160457072345088
1311055256978165760
1310996383781072896
1310580211277271040
1310548123052322816
1310547749004365824
1310546263725744128
1310545255821959168
1310534645784735488
1310328843799011328
1310203549360496640
1310173184419934208
1310172391973294080
1310171856910024704
1310112868986171392
1310112148350218240
1310051511506960384
1310050914993090560
1309959289868636160
1309734968957063168
1309685909953089536
1309508123384860672
1309507339993702400
1309506208429039616
1309505544986787840
1309495522273693696
1309494603955998720
1309494113834807296
1309473841887014912
1309398601202913280
1309395537322532864
1309323292101283840
1309238997697396736
1309237328037150720
1309236889933807616
1309236635708600320
1309235587862364160
1309232112042749952
1309230366243409920
1309229270733131776
1309227524564582400
1309227388824424448
1309226595983527936
1309223448137412608
1309223073577660416
1309136936624369664
1309024295172083712
1308705388422934528
1308507548929187840
1308501524973342720
1308147066305208320
1308107361408749568
1308106653850632192
1307923117742972928
1307921011036356608
1307916665414394112
1307916562175791104
1307794188688412672
1307792331047919616
1307792138042855424
1307407078592577536
1307406205980151808
1307195884497707008
1307065784028540928
1307039810297769984
1306681152141430784
1306680998256693248
1306678170402291712
1306601725160239104
1306312784993546240
1306303491284103168
1305959187013304320
1305907230567542784
1305598104465440768
1305596938587267072
1305590439052037888
1305589014813192192
1305588764933337088
1305588337995132928
1305587075773796352
1305585184151154688
1305585108188004352
1305583724990525440
1305564075875872768
1305564016350199808
1305563766575173632
1305524422133141504
1305420855825051648
1305419177600126976
1305419142389026816
1305189116267593728
1304881541122846720
1304880728178651136
1304880531117674496
1304880362464608512
1304879007641501696
1304878981347528704
1304878501846290432
1304878366819000320
1304680832288862208
1303794288564867072
1303793762154545152
1303789272236003328
1303788438236393472
1303787535215329280
1303780116217180160
1303578800769376512
1303577565261697024
1303576922748846080
1303435338929537024
1303416243144331264
1303387788113477632
1303386389728440320
1303386254717878272
1303386011649609728
1303384429780500480
1303380387373240320
1303365983940346112
1303365824112136192
1303365073373736960
1303364632472702976
1303363502489219072
1303356749974515712
1303356560635199488
1303356411716538368
1303290779260071936
1303290701686464512
1303290590214447104
1303290542432964608
1303290470295048192
1303290389768679424
1303290328972222464
1303203556904833024
1303071200181202944
1303071034795581440
1303068129682231296
1303064103347466240
1303063879728103424
1303061426530025472
1303061108664733696
1302955982478348288
1302955578579353600
1302907022170640384
1302842087939936512
1302840814511497216
1302840196841472000
1302839807979278336
1302839678111014912
1302795743007211520
1302795012221083648
1302794869258301440
1302722834091978752
1302576292311728128
1302575512691396608
1302573897167101952
1302573774018097152
1302573369687236608
1302556204288413696
1302553940484071424
1302266028597088512
1301963225286807552
1301962126244950016
1301945961846059008
1301939370056978432
1301907630567419904
1301907552087822336
1301890206619111424
1301871965712650240
1301498222087737088
1301497843459543040
1301497161234907136
1301494361381900288
1301349707160129536
1301247166757961728
1301245805462990848
1301241241766690816
1301240770343718912
1301239386638553088
1301237355597238272
1301235693105090560
1301235165293883392
1301234858115694592
1301233712651173888
1301233222991450112
1301172999589179392
1301170394842443776
1301170087198707712
1301167628438904832
1301165456573837312
1301164936811470848
1301052198965702912
1301051230119051264
1301050489354715136
1300900700243857408
1300482228850503680
1300111500200357888
1300111118002683904
1300110377066336512
1300109919207727104
1299948615834783488
1299802881495887872
1299799456632668160
1299797758266806272
1299773256149409792
1299772234433794048
1299767223280701440
1299766926714056704
1299754090415771648
1299729151335821312
1299728993961291776
1299728788360777728
1299728767695368192
1299727892335783936
1299727349185949696
1299727286028185600
1299726867818319872
1299726358076182528
1299726262081118208
1299726202542919680
1299726187422416896
1299726151535992832
1299692080936214528
1299601411995557888
1299534508962783232
1299532693978443776
1299412964638949376
1299412657410387968
1299412240622325760
1299400885693546496
1299395087462526976
1299353082418081792
1299352220157304832
1299350926088699904
1299348824117456896
1299333702170955776
1299333020223188992
1299332532857704448
1299320798826631168
1299318195426295808
1299090374691041280
1298938162740375552
1298937318049492992
1298936746034503680
1298889508138737664
1298889433182330880
1298887925636227072
1298886765227450368
1298683281861378048
1298682512106033152
1298654224214118400
1298534243795120128
1298533698602700800
1298533309438361600
1298309192432984064
1298308379681722368
1298289774642462720
1298289374036135936
1298288941846732800
1298257598886457088
1298256044678758400
1298255955553996800
1298129034543616000
1297624893295603712
1297624824513277952
1297574266448367616
1297569350111698944
1297568271894536192
1297287241782484992
1297284527207915520
1297284008951402496
1297198715472687104
1297182873938788352
1297182711094935552
1297118599933562880
1297118390042210304
1297107457391681536
1297080433289592832
1296838159804792832
1296821790359134208
1296821405523337216
1296820306863153152
1296803484529025024
1296801892887035904
1296800606988963840
1296794420730310912
1296793805706997760
1296793780629180416
1296793697586159616
1296793629973938176
1296793388470108160
1296791970443071488
1296789988563136512
1296789847374532608
1296789602691362816
1296168095862657024
1296167917101494272
1296166423606308864
1296137202804678912
1295807459240677376
1295807150132997888
1295761863574257664
1295741100574085120
1295740947372879872
1295672638707245056
1295664440130654208
1295663772787499008
1295663207835750400
1295662827143823360
1295373592339918848
1295240037072764928
1295097844324605952
1295096507838926848
1295093840488136704
1295091195417329664
1295090598622502912
1295090515059318784
1295089501463883776
1295087764866838528
1295086994536763392
1295086740106104832
1295086515039752192
1295086233887092736
1295086179906453504
1295086005398241280
1295085230236278784
1295085114662227968
1295081902471352320
1295037086001778688
1295026238449426432
1295024396474646528
1295023964088143872
1295023655391502336
1295022997372375040
1295022510799454208
1295022449692684288
1294975184076705792
1294974461993791488
1294973710374440960
1294973505587613696
1294973445579706368
1294898438463795200
1294731095812997120
1294730795874242560
1294730560888283136
1294729862834421760
1294729156287234048
1294728678405017600
1294683065822916608
1294682310147821568
1294678972870135808
1294675405069262848
1294365329720782848
1294365242382856192
1294361614230212608
1294360511514058752
1294357786298667008
1294309169969999872
1294308801403912192
1294308510520487936
1294305898966515712
1294222885645701120
1294154291758927872
1294140580058939392
1294009895021432832
1293788946988761088
1293636657649012736
1293635308311973888
1293631965908865024
1293631102331031552
1293630359033315328
1293627537537601536
1293625026005159936
1293585035086487552
1293584344930541568
1293584156371410944
1293584112083783680
1293583535786385408
1293487736570236928
1293295799170891776
1293198608830005248
1293197633822117888
1293196776170762240
1293086397411319808
1293085747529031680
1293084763511820288
1293084496976379904
1292996482086379520
1292995915217661952
1292995896821657600
1292928029824516096
1292848383229603840
1292848237582471168
1292844839919390720
1292397726886432768
1292397015146606592
1292396715576786944
1292392423814029312
1292387121098100736
1292366444097921024
1292279098392186880
1292277072459636736
1292190085287469056
1292189732647178240
1292110032461496320
1292109999444033536
1292109967793827840
1291920810245083136
1291916824058236928
1291845288949424128
1291797740138180608
1291797416673456128
1291797294757576704
1291796945716027392
1291794389883392000
1291790705183076352
1291790229431627776
1291787753097695232
1291694110231990272
1291687860857450496
1291634253369937920
1291633765928906752
1291557466891792384
1291556880108728320
1291555086196510720
1291554881174724608
1291480029143146496
1291479958603411712
1291479920846278912
1291479811374886912
1291475889197391872
1291475486640660480
1291475441052778496
1291475125997576192
1291473631760076800
1291473452587724800
1291473341275136000
1291473308597313536
1291472924738760704
1291472893461835776
1291472729376522240
1291472629006835712
1291470624121139200
1291470557125410816
1291470522669240320
1291470498044481536
1291470184004357888
1291470078425399296
1291470029494648832
1291469924930596864
1291469896317050880
1291469856148197376
1291469683892289536
1291467321001816064
1291467006353580032
1291466004820897792
1291449668153610240
1291448155612028928
1291403366879420416
1291403042567475200
1291401123178438912
1291312200506802176
1291098704104034304
1291091466119516160
1291037631011344384
1291032660865880064
1290744429637185536
1290740049303220224
1290386419941281792
1290036577863835648
1290036375102734336
1290036134538407936
1290034360914079488
1290031762081366016
1290028144137707520
1289449784856600576
1289098527101026304
1289029482473566208
1288955203140694016
1288954002709917696
1288951855268212736
1288949148134395904
1288932995798310912
1288877022916128768
1288875856014782464
1288867155170254848
1288863725773086720
1288863344481521664
1288862308194832384
1288860426986500096
1288860287391727616
1288860153274662912
1287822980580552704
1287715382636183552
1287634339312926720
1287035475228860416
1287000084996071424
1286998742860795904
1286928245594689536
1286926719417561088
1286838056742420480
1286747296571457536
1286747281333657600
1286746882442747904
1286738691063504896
1286733609685180416
1286732798389366784
1286732567232819200
1286722074925506560
1286721478956855296
1286721369066151936
1286721281199570944
1286609309846188032
1286596635552882688
1286573403307151360
1286566784229924864
1286566782652874752
1286560186065391616
1286478551387119616
1286390998843691008
1286389170278207488
1286387892022108160
1286387820223963136
1286385034597990400
1286374344646631424
1286373340832202752
1286373144870232064
1286350668408791040
1286321633955852288
1286321246720983040
1286319521125535488
1286316977963900928
1286291100005785600
1285190454137335808
1284981153569611776
1284868794951884800
1284823926376472576
1284823793970614272
1284818032553078784
1284818000911179776
1284817166198616064
1284816631408013312
1284810891880468480
1284758916409196288
1284757938482155520
1284664781689978880
1284619267137208320
1284618861611028480
1284603132497088512
1284602838375698432
1284602642417815552
1284601238999506944
1284599675325157376
1284598890432532480
1284589176130764800
1284589042106081280
1284585515900182528
1284584694332432384
1284513298046685184
1284512945276432384
1284494595347406848
1284494465634361088
1284493711276204032
1284493529109221376
1284490012755742720
1284489863782453248
1284489108967034880
1284488011636445184
1284486102439657472
1284486044952535040
1284485264338030592
1284478557704654848
1284470904861450240
1284470094979096576
1284469343888322560
1284403804222427136
1284399787803115520
1284255611694325760
1284253194508533760
1284253175852171264
1284241148547076096
1284240080643776512
1284026859903226112
1283888454791835648
1283887703331934208
1283882309742198784
1283881972704710912
1283872353034948608
1283863274421919488
1283862186402537472
1283861782705197056
1283839542500503552
1283834001631870976
1283803968838172672
1283802949400100864
1283802076347277312
1283799941039689728
1283799517276577792
1283799487652212736
1283798958205284352
1283798868962967552
1283360219423215616
1283359694313205760
1283357246932557824
1283356600833646592
1283216699387453440
1283124594224828416
1283123241587027968
1283049894278836224
1283026414594330624
1283024955471532032
1282992461695070208
1282990298298306560
1282989471424753664
1282987438168854528
1282986630211678208
1282985536051916800
1282985414119301120
1282803163859427328
1282802639546220288
1282793632664256512
1282788896892477440
1282788740684013568
1282788309375373312
1282788290723274752
1282788099458818048
1282786196456910848
1282785337840939008
1282784984466624512
1282784407485665280
1282784129432653824
1282784027288784896
1282417575977156608
1282416626919497728
1282394888429023232
1282392061510062080
1282310919448649728
1281937895608258560
1281937663952551936
1281880958795419648
1281879654153027584
1281878454053605376
1281878245005287424
1281859941578440704
1281859731469017088
1281859462958120960
1281701904700055552
1281701748521009152
1281701313416503296
1281701256730480640
1281701170554298368
1281700093247332352
1281698531846377472
1281698236433149952
1281697142386634752
1281696725221203968
1281696661140537088
1281696635626586112
1281696468546584576
1281695180672966912
1281695137228349440
1281695115204071424
1281694410162528512
1281694337194237952
1281694320802828288
1281694288125075712
1281626764897329152
1281608289306976512
1281608228254736384
1281608112328384512
1281607792953036800
1281606377056751616
1281606352054497280
1281605859248877568
1281605780261806080
1281605629816254464
1281605108069998592
1281605041632223232
1281604991531266048
1281604952293626112
1281604637733408768
1281604519005237248
1281600898666582016
1281596618085732352
1281596508731736064
1281596242468966400
1281482065205223424
1281478458527363072
1281477897426018304
1281404238774652928
1281401663828496384
1281269432870932480
1280973564670283776
1280973450417442816
1280972627058872320
1280972029022306304
1280969268218249216
1280968045121462272
1280967281573605376
1280851877899444224
1280851506279964672
1280851124065579008
1280753373726281728
1280753033752842240
1280752086574084096
1280750828677103616
1280747261484507136
1280745099618586624
1280744327220781056
1280558402087911424
1280492484422971392
1280492267271315712
1280489063632510976
1280468210391941120
1280467711177437184
1280467488170487808
1280439559390728192
1280438767535509504
1280437110328233984
1280315991822663680
1280315386211246080
1280314543739109376
1280314420669923328
1280243954232016896
1280238353355431936
1280230905567752192
1280230460367556608
1280229836452134912
1280229233386815488
1280229192223928320
1280228759954755584
1280218469523435520
1280117863043530752
1280116870021107712
1280116840883257088
1280116720829636608
1280098053299605504
1280077555358486528
1280034551792906240
1279950687011553280
1279949770140909568
1279890255353692160
1279888100689412096
1279881413127475200
1279881337797828608
1279765489397481472
1279761560332840960
1279521554808913920
1279509961261842432
1279505806560563200
1279225975344160768
1279168390272352512
1279165420088459264
1279164115718737920
1278645634900398080
1278642681330229248
1278642318900367360
1278626792589398016
1278624109686140928
1278622887273017088
1278621652843204608
1278619459540877312
1278618612627103488
1278617527405481984
1278617227982446592
1278616205826445312
1278377390947946496
1278318492018753536
1278315957174317056
1278314899219918848
1278314724644532224
1278312566389956608
1278312019616305152
1277994047156760576
1277776620615499776
1277774667386937088
1277682761541746688
1277681073951068160
1277605769425367040
1277484866960007168
1277480177098948608
1277337716397670400
1277334893622673408
1277333201451659264
1277332785997496320
1277227341907976192
1277225104649437184
1277214167624232960
1277207840986447872
1276982714860699648
1276982208503459840
1276888279556775936
1276819476168802304
1276619905945735168
1276326491341623296
1276253859208364032
1276250879956520960
1276177820864196608
1276103258495488000
1275965765536145408
1275900923404005376
1275538062215385088
1275536570821545984
1275535497520185088
1275535208738160640
1275535112818565120
1275535021324066816
1275490816866373632
1275489086292275200
1275488700336668672
1275430181520449536
1275429942541586432
1275333690885898240
1275080874363482112
1275060363642449920
1275033912192966912
1274989735094685696
1274986072351662080
1274801620774260736
1274734231600717824
1274691816105836288
1274594109727150080
1274593877270368512
1274593427041247232
1274514652865708032
1274463889938362368
1274454159107010560
1274453875320401920
1274453109985751040
1274399870418288640
1274390245371514880
1274389903376371712
1274259632480038912
1274084568551825408
1274082778662010880
1273999101215080448
1273947674492928000
1273946299709247488
1273946122906730496
1273945214240133120
1273944684210139136
1273944539368165376
1273732901981564928
1273731131301662720
1273727839519506432
1273726455239892992
1273722299938754560
1273722278048673792
1273720618089840640
1273716962653331712
1273716066599030784
1273715229399166976
1273714483555381248
1273714172149317632
1273698632697610240
1273696920268083200
1273695753865658368
1273581621049020416
1273581179950837760
1273580121908183040
1273579813467496448
1273579241796505600
1273579112209305600
1273578772160282624
1273578057434095616
1273577737421283328
1273576628648660992
1273574749181018112
1273573500096327680
1273572748456013824
1273572343743422464
1273376562440736768
1273375672690454528
1273375181994672128
1273372083570069504
1273370818387628032
1273357731307704320
1273357352067043328
1273163518167187712
1273162719164760064
1273161814709358592
1273160132009103360
1273157926560108288
1273156355617181696
1273155060457930752
1273014028307255296
1273013358665650176
1273011944065302528
1273011168358158336
1272947528959434752
1272947387900792832
1272947346108710912
1272947070584991488
1272946733035786240
1272946641423777792
1272946383121678336
1272888854748499968
1272888345996210176
1272888203461222400
1272817908603895808
1272817495133630464
1272817239029358592
1272817212617875712
1272816813076893696
1272803410786607104
1272790399535452160
1272790217284620288
1272789098307227648
1272788721725771776
1272788493115293696
1272787338012352512
1272653015061839872
1272652740842397696
1272652094688972800
1272651253613342720
1272648910436290560
1272648606915465216
1272648295454834688
1272646930926092288
1272646809308069888
1272645090662629376
1272642203526008832
1272641187078385664
1272641110297501696
1272641019813793792
1272639449701273600
1272638523842199552
1272636898889138176
1272636611306704896
1272636364077633536
1272636088369262592
1272432603971322112
1272243488512512000
1272094648450908160
1271873719837876224
1271814238982594560
1271814215825842176
1271376117124018176
1271207399949578240
1271206228530728960
1271205696038670336
1271176358052483072
1271176142498811904
1271175948214448128
1271101553982742528
1270844410897498112
1270843420517576704
1270843214069719040
1270843007810576384
1270842098074427392
1270841342441197568
1270840947627167488
1270835695259656192
1270831697857314816
1270831172847906816
1270830613168361472
1270828905461624832
1270828785139679232
1270757889020436480
1270686315663818752
1270595108195504128
1270466259818295296
1270463053415530496
1270460751950614528
1270459970060943360
1270459912313856000
1270459376034353152
1269947878467870720
1269938173104308224
1269900922718687232
1269899957659729920
1269726615677927424
1269717047367348224
1269715985134739712
1269656691307696128
1269656031086497792
1269655780732677888
1269568419101278208
1269566815404990464
1269565701234327552
1269565527229370368
1269440660106555392
1269394219044651008
1269391798386012160
1269391352627957760
1269391150403764224
1269391108154560512
1269390795100078080
1269380939479728128
1269379779255586816
1269378998200668160
1269369829980594176
1269369505869893632
1269366171767357440
1269349463400878080
1269347063235522560
1269346505741262848
1269345479009005568
1269344262249988096
1269202112904298496
1269184527810904064
1269183868348911616
1269183751462039552
1269180624956424192
1269179494964879360
1269179170304688128
1269178019035447296
1269023040735715328
1269021579649912832
1269021119262195712
1269008768785887232
1269007747368050688
1269006234683944960
1268860735851057152
1268860283231100928
1268859821463343104
1268859201746620416
1268585207751479296
1268580765060734976
1268580591869603840
1268579714341404672
1268578124310228992
1268576883551145984
1268435715416883200
1268434777193005056
1268353548959584512
1268350652163514368
1268350123064647680
1268293161526444032
1268283946095312896
1268198255697018880
1268196643708559360
1268193951611224064
1268190547296075776
1268189541036367872
1268189525358100480
1268186171659689984
1268099667029643264
1268098326932656128
1268097662034771968
1268096654563061760
1267928144411070464
1267925422467145728
1267923684959891712
1267915444222115840
1267906748280713216
1267905334615650304
1267905120584568832
1267903116013457408
1267902836525891584
1267895644674457600
1267893879547858944
1267892792992370688
1267876071338397696
1267875938320166912
1267874057367797760
1267873616202543104
1267865699151683584
1267865508176695296
1267865162524045312
1267864788195033088
1267552111044239360
1267535717263118336
1267506045133471488
1267505960676921088
1267505716857917440
1267505704245608448
1267505675502006272
1267335089769365504
1267334444010164224
1267333155637334016
1267329845060657152
1267321779997093888
1267183095071027200
1267169564955197440
1267169524534718464
1267145731539906560
1267130808575365120
1267130543696752640
1267130375459004416
1267129258545164288
1267113548410486784
1267091240996175872
1267086756870004736
1267086496437276672
1267084955731079168
1267084018740314112
1267047646511927296
1267045840377520128
1267045393709371392
1267039100126875648
1267038787374395392
1267028149361147904
1267015602205536512
1267015587752030208
1267006112538247168
1267006025833594880
1267005053434544128
1267003851086979072
1267002574529531904
1267002513162670080
1266905590355410944
1266904596770893824
1266868095777411072
1266866023891959808
1266843667412762624
1266842022008274944
1266835714047709184
1266832817276817408
1266831419541782528
1266781992235999232
1266779567437447168
1266778707923959808
1266776826359222272
1266775270540939264
1266763140018114560
1266762065978499072
1266731712937107712
1266712818461655040
1266699414309081088
1266691549364092928
1266688449597358080
1266687945869864960
1266687874096934912
1266687705414582272
1266687027950448640
1266685054937374720
1266652750416355328
1266648229426409472
1266648226825932800
1266643250456211712
1266642570525933568
1266641821175812096
1266637691522859008
1266636787641917440
1266634603755905024
1266424756309561088
1266424724478930944
1266424436028256512
1266424127419801600
1266398251126792192
1266397559809085440
1266377055693713408
1266370342953480192
1266367858096967680
1266367306541592576
1266366821315358720
1266366608211091712
1266364242963255296
1266248601363075072
1266247068558831616
1266245579945869312
1266122642190471168
1266030150841520128
1266022423188713472
1266021839823831040
1266021529566970112
1266020403371290624
1266010966313054208
1266010531070164992
1266010043528421376
1266009522277167104
1266008811627786240
1265992971826102272
1265992929040117760
1265989269278978048
1265988911496597504
1265987127847903232
1265985332719357952
1265985254659174400
1265958623559258112
1265944299662913536
1265943984351961088
1265943690251567104
1265943615362215936
1265943196279988224
1265942965731631104
1265922312215412736
1265919233013297152
1265917359769911296
1265912247710289920
1265911073732993024
1265772988965818368
1265769921692217088
1265764976117067776
1265764720843374592
1265758445279555584
1265755148133052416
1265754919753089024
1265751818749042688
1265751310734897152
1265750474977947648
1265750333147537408
1265732351486767104
1265732073584758784
1265718678454259712
1265718483393941504
1265717952927719424
1265716380789346304
1265716342595948288
1265695024332845056
1265686747696041984
1265686677462360064
1265686028809056512
1265579029723258880
1265578494479806464
1265386634901684224
1265386525723893760
1265384950695632896
1265381342042259712
1265380495438864384
1265380021260234752
1265379945783713792
1265377819690971136
1265377264528744448
1265376169890918400
1265375267943579648
1265372103970349056
1265359771315691520
1265359611432927232
1265341160572280832
1265315702363299840
1265304047701110784
1265303286879531008
1265302766467067904
1265300230876082176
1265299119511343104
1265274667956350976
1265272820298219520
1265272668317782016
1265271425566478336
1265271191805321216
1265243739049598976
1265243662168076288
1265242231071522816
1265240081775943680
1265236343216648192
1265230075928207360
1265229341346148352
1265228786938908672
1265224342260113408
1265215480702345216
1265191450679095296
1265189282198814720
1265037788094894080
1265023694956564480
1265016263534936064
1265015943337476096
1265014971144044288
1265014887346028288
1265013949784883200
1265013821128802304
1265013770352549888
1265013585731891200
1265013326922354688
1265009832312164352
1265009507664629760
1265009318312792064
1265009074766262272
1265008359155085312
1265008182738538496
1265008048210432000
1265006656250937088
1265004895909920768
1265003943207329792
1264994409369735168
1264993952157118464
1264993840437608448
1264993390204276736
1264993359837507584
1264993142467702784
1264949926645170176
1264947168626040832
1264877742195122176
1264877701019709440
1264877620627472384
1264877151561691136
1264869196271357952
1264735155077427200
1264734691070038016
1264667359404527616
1264667224343810048
1264559407343509504
1264559218146906112
1264320356497658112
1264317959310368768
1264315533471682560
1264311380125134848
1264311163279507712
1264310654279847936
1264177789370093568
1264176064689057792
1264175379494903808
1264171968808525824
1264170675490750464
1264147990392058112
1264147731888705536
1264146375987650560
1264145295182528512
1264120593366073088
1263963671111380992
1263897961966309376
1263874558358151168
1263810957144399872
1263810182473269248
1263809329867698176
1263807947139887104
1263807497703321600
1263805471804329984
1263765803436048384
1263759913261633536
1263600806059802624
1263595988599463936
1263595596167823360
1263595418664833024
1263593742126084096
1263592127142879232
1263591282074509312
1263591170195652608
1263483944831455232
1263483156595912704
1263402171695071232
1263401920036835328
1263398959114059776
1263392913192558592
1263194553743523840
1263172227341705216
1263171579133001728
1263167253949952000
1263038046766850048
1263024264669728768
1263023287682191360
1262855887175192576
1262855838294847488
1262854392874700800
1262852377893314560
1262818335269543936
1262678943750029312
1262678135352459264
1262677260697509888
1262653135459438592
1262649940347666432
1262648730303500288
1262353510160621568
1262304520878657536
1262296676720664576
1262112141433323520
1262109490322735104
1262084545559638016
1262083606920519680
1262081452172365824
1262003894005219328
1262001718969225216
1262000411944333312
1261999073697112064
1261998752329580288
1261998579654242304
1261998192545103872
1261992855666601984
1261773304974782464
1261772641012191232
1261628838506835968
1261612218191355904
1261401796863541248
1261377525562970112
1261375156502618112
1261374852201680896
1261374836711944192
1261374703479877632
1261184257831165952
1260623544435838976
1260604112535773184
1260601496317710336
1260600557884104704
1260516712769900288
1260516573120466944
1260516287962320896
1260372926416728064
1260372907798212608
1260372884133941248
1260372859551170560
1260372795709587712
1260372784703774720
1259754570303102976
1259576709172641792
1259575537380536320
1259573748992290816
1259521872691150848
1259256003364823040
1258893102338715648
1258889649940049920
1258889007213228032
1258888562331787264
1258888449458868224
1258888003185004288
1258885254905028608
1258884626828976128
1258876294810472448
1258875759613140992
1258874272149364736
1258874255888048128
1258872098283491328
1258871379539214336
1258850192671064064
1258849903968759808
1258849101925494784
1258848566061281280
1258848169942757376
1258845372841148416
1258844901837602816
1258844501206020096
1258843651540750336
1258843543856168960
1258790339793616896
1258788710998585088
1258788667633610752
1258788370056204288
1258788333976719360
1258695396077027328
1258667678241300480
1258666984943824896
1258666267021631488
1258562852664811520
1258548047195209728
1258484581008900096
1258403113683365888
1258403077385785088
1258387789701435392
1258379540793102336
1258379198395232512
1258378828302475264
1258200555505229824
1257416275040616448
1257237023875837952
1257107366811701248
1256715754831056896
1256714560796573696
1256714541863444480
1256585773987573760
1256585452095705088
1256585419917058048
1256585362627067904
1256585152232329216
1256389567076339712
1256388435390148608
1256388108095979520
1256387811357442048
1256315136366842112
1256298415526379520
1256224741771403264
1256224711769554944
1255973616472281088
1255973603469938688
1254514771413684224
1254486606393860096
1254471924668862464
1254152930057490432
1254151095028527104
1254150778903764992
1254149933143330816
1254149753442578432
1254112006552072192
1254110775091908608
1254110612629716992
1254110366839320576
1254108461731926016
1254108442614251520
1253989069631168512
1253988112897847296
1253789315727056896
1253788581967126528
1253779242598436864
1253706479678509056
1253706399026155520
1253705927699632128
1253705839233417216
1253447586817736704
1253445771455840512
1253445753466433536
1253363311380488192
1253362551695572992
1253353995072090112
1253353254777491712
1253351354053132288
1253293358929317888
1253284661188603904
1253034529981423616
1253006264432541696
1253006228709572608
1253006190315016192
1253006142730534912
1253004036414078976
1253003841785794560
1252961382141775872
1252959855817695232
1252904547716083712
1252903839948300288
1252896435911176192
1252895647679774720
1252895460257345536
1252895432096841728
1252895398567518208
1252895158242246912
1252895150298345472
1252895068597506048
1252895042609577984
1252894924061708288
1252894265006608384
1252893990208385024
1252889932550545408
1252708882629169152
1252705258968678400
1252699203769446400
1252614626090651648
1252613936874237952
1252535148727369728
1251996363128258560
1251937450164977664
1251892134850027520
1251839430215766016
1251617628629667840
1251610078261772288
1251607047281561600
1251603935569338368
1251602984921899008
1251595047042199552
1251527540767940608
1251510263557370112
1251507742679928832
1251487669143638016
1251421307176189952
1251419987677413376
1251278894629609472
1251263473427906560
1251262896539086848
1251262388009140224
1251261095559429888
1251249871639719936
1251241918408900608
1251241690591047680
1251241203300958208
1251241007439585280
1251240680439111680
1251219734416236288
1251179361182547968
1251176235771846912
1251161053322375168
1251149770141257728
1251144634421530624
1251143881959149568
1251100395906236416
1251097914564382720
1251097075057594368
1251089531346079488
1251088792691318784
1251080172104749056
1251058308770934784
1250972774916595712
1250914387021508608
1250914174269624320
1250912398489370624
1250912210836168704
1250910569571463168
1250905056863551488
1250905026186354688
1250901164373180416
1250900971242369024
1250899810942627840
1250890417815650304
1250878808963649536
1250875378157133824
1250837998285053952
1250834553842925568
1250816606306996224
1250816582437294080
1250814072683139072
1250812491082469376
1250554739475058688
1250553814152876032
1250553523739275264
1250552696421130240
1250545011424481280
1250542522125955072
1250500224210141184
1250499151328092160
1250498328619614208
1250497004872118272
1250479523428282368
1250478390005714944
1250477332386758912
1250476610710573056
1250476593283284992
1250473276805189632
1250473138783170560
1250472499353128960
1250471589172465664
1250437245049307136
1250436488170356736
1250423550457995264
1250418200124297216
1250417844661215232
1345639789429714944
1345639748413644800
1345639549792358400
1345639022383820800
1345638968956747776
1345638915642949632
1345136080320950272
1345136054194548736
1345135864788229888
1345135798774063104
1345135761386053632
1345135745825189888
1345135731648421888
1345135582461239296
1345135552690073600
1345135534780403712
1345135512525426688
1345135483597312000
1345135397731504128
1345135375451365376
1345135356518260736
1345135268966375424
1345135250213626112
1345135223198113792
1345134878589906944
1344643483743760384
1343782255978803200
1343782151855239168
1343781874632691712
1343781598425182208
1343781578732941312
1343781505798189056
1343781278991208448
1343780995913424896
1343780978297360384
1343780896298704896
1343580847182667776
1343580563584773888
1343580527975145472
1343580138345279488
1343580118665539584
1343579655295655936
1343579587146616832
1343579439909793792
1343579380291956736
1343579328685211648
1343410034177409024
1343409651229011968
1342496014767443968
1342495745597988864
1342495733816188928
1342495450465767424
1342495436658143232
1342494862264967168
1342494638813442048
1342339491730698240
1342339453252218880
1342339430191923200
1342339409681776640
1342339290936856576
1342339182438572032
1342339157641867264
1342339071524433920
1342339028746719232
1342339004302307328
1342338616698286080
1342338596498513920
1342338535022612480
1342338302393921536
1341769062179885056
1341769002671026176
1341768924875157504
1341768860014436352
1341768780830154752
1341768563745583104
1341768528681193472
1341474072388128768
1341473942872215552
1341102395187736576
1340809092181479424
1340808887067430912
1340772732334731264
1340772665930473472
1340268258381934592
1339228706733232128
1339228588525170688
1338819932222599168
1338819714626314240
1338819646833745920
1338819379073609728
1338819164723585024
1338819098311057408
1338818910708244480
1338241756278743040
1338209733224898560
1338209672260685824
1338209653923131392
1338209586814328832
1338202444333985792
1338101901699784704
1338097359373426688
1338097003780337664
1338090801906274304
1338086287392333824
1338085923129614336
1338085871430610944
1338084999652921088
1338084938290237440
1338084822418386944
1338084778260787200
1338084244799754240
1338084149740056576
1338063586715906048
1338063106174558208
1338062892151803904
1338062599922077696
1338062572218687488
1338062262716801024
1338061832356040704
1338061538360516608
1338061515086319616
1338061466818277376
1338061293580857088
1337898554602483712
1337898409215320064
1337898379150503936
1337897394365673472
1337897378125385728
1337897283246034944
1337897111904514048
1337896740758949888
1337896665504763904
1337896446318809088
1337896045414658048
1337896015995801600
1337895912467795968
1337895833010905088
1337895664982880512
1337895431104307200
1337895269334192128
1337895083111280640
1337885718744588288
1337881848358334464
1337881671413194752
1337881321054547968
1337881142691815424
1337880499830878208
1337880389067673600
1337880269257400320
1337880110482018304
1337879652677935104
1337879202922721280
1337879133645369088
1337878996072210432
1337878899477401600
1337878638147104768
1337878209141104640
1337878122008633088
1337877924289064960
1337877761835343872
1337877576824590336
1337877116642332672
1337876928385208320
1337875896489947136
1337875852072263680
1337875769385693184
1337875669959798784
1337875437305860096
1337875212503756800
1337874917635854336
1337874704649105408
1337874653642153984
1337871717449027584
1337415638256640000
1337415551417782272
1337415457599606784
1337257113807163392
1337256160903225088
1337255771206193152
1337255741363785728
1337255427168464896
1337255286516686848
1337255123614113792
1337254922354626560
1337254507642822912
1337254391670333440
1337254049410904064
1337253977679945728
1337253913456742400
1337252811483045888
1337252608440999936
1337252286679158784
1337252154692820992
1337251796889243648
1337251758670827520
1337251635689623552
1337250862067044352
1336675288013533184
1336530454644711424
1336530346842722304
1336529909368446976
1336529878523506688
1336529790518644736
1336529509764489216
1336529435063963648
1336529396446998528
1336529313416552448
1336529222723121152
1336529155492556800
1336529112882688000
1336529020767391488
1336528965910007808
1336528931349016576
1336528661730693120
1336528608404320512
1336528480176119808
1336528427143270400
1336528224352931840
1336528201837924352
1336527156457910272
1336411671888269312
1336411634567409664
1336411603416342528
1336411373870469120
1336169972175937536
1336169918941769728
1336169813421547520
1336168374401904640
1336168309440602112
1336167978367377408
1336167344100544512
1336167297522819072
1336167162730459136
1336167009785163776
1336166943074754560
1336166642301235200
1336166620968996864
1336166596503621632
1336166488944861184
1336166462894071808
1336166439678595072
1336166414835724288
1336166382887706624
1336166339728318464
1336166062245736448
1336165851431571712
1336165823845634048
1336165783777517568
1336165738692800512
1336165637887029248
1336164399648796672
1336164258283925504
1336162705506512896
1336162616016822272
1336162424827867136
1336162325716471808
1336162204715003904
1336162052298117120
1335950637318725632
1335919837588164608
1335856129474240512
1335843338143010816
1335843117069692928
1335842944599863296
1335130947902185472
1334724989958959104
1334724404048179200
1334724327544131584
1334724198665777152
1334723946273501184
1334723843253014528
1334723749950725888
1334723676101632000
1334720185383735296
1334357492520902912
1334356978320232448
1334356812334850048
1334356743925755904
1334356690460925952
1334356655346167808
1334356561200885760
1334356494423298048
1334356458503278592
1334356353113075712
1334356280757149696
1334356030944325632
1334355963214659584
1334355922076962816
1334355853659484160
1334355447906709504
1334354018798366720
1334353660772552704
1334353614803001088
1334353512914939904
1334353341007196160
1334353125470334976
1334353065500155904
1334353012513517568
1334352893302988800
1334352827758637056
1334352516050546688
1334352266971770880
1334352214299717632
1334352182922141696
1334351578241921024
1334203718707929088
1334203659710844928
1334029772767322112
1334029569049899008
1334029122608238592
1334029062050881536
1334028968698277888
1334028808693948416
1334028786367651840
1334028715156779008
1334028676044906496
1333990627609030912
1333990462621954048
1333990432993316864
1333990387715813376
1333990326764253184
1333990042839244800
1333989745471459328
1333989702546886912
1333989656359211008
1333989584104022016
1333989552726433792
1333989525765414912
1333989409440624640
1333989367820525568
1333818362233819136
1333818243530825728
1333818208277712896
1333817972390055936
1333817853582172160
1333817678834884608
1333817421094936576
1333419081979060224
1333142419504762880
1333140935039983616
1333140346532925440
1333067748574949376
1333067677443772416
1332706068892315648
1332705819125817088
1332705448382898176
1332705383744462848
1332705331839950848
1332574477759164416
1332030653752369152
1332030505483689984
1332030145448828928
1332029447143297024
1332029193509609472
1331653535474343936
1331283787657994240
1331283227466752000
1331159137863012352
1331155917157621760
1331154017658023936
1331098952905723904
1330918337090609152
1330915994710274048
1330915656741626112
1330915047154061312
1330848773426323712
1330571706583363584
1330570590537867264
1330570234311421952
1330569962910601216
1330568750895165440
1330425062143516672
1330424760669442048
1330424628288876288
1330424441659138048
1330424342895877888
1330213691585859584
1330207340465893376
1329278881279463424
1329134018735050752
1328905557256900608
1328766786020536320
1328765949588234240
1328764990803890176
1328713831804252160
1328713441209618432
1328358087447752704
1328357513868275712
1328357291582754816
1328356773221240832
1328096895772856320
1328096666977759232
1327636217933000704
1327556814922256384
1327556730335748096
1327477505662603264
1327477104821342208
1327476775350362112
1327476640637710336
1327475927522168832
1327167190877999104
1326976123629162496
1326975972944601088
1326755846773207040
1326633408840278016
1326599127904489472
1326598640090161152
1326597981617975296
1326597942107648000
1326597775673470976
1326597703460073472
1326593259574087680
1326593041919062016
1326592318804201472
1326242184392216576
1326154168764129280
1326154104410959872
1326154032814170112
1326153961276108800
1326153832586424320
1326083436759674880
1326083054671159296
1326070513517654016
1326070315408089088
1326069752977104896
1326014929997074432
1325875100697169920
1325563829712019712
1325539301841645568
1325514099011293184
1325514028500856832
1325513989284098048
1325376520223907840
1325331477488340992
1325197862876008448
1325196909322100736
1325196160106000384
1325195744706498560
1325009090356125696
1325008432106180608
1324413956593733632
1324413935852916736
1324413708869795840
1324412839071723520
1324412756871794688
1324411546462834688
1324411493866156032
1324055145836105728
1324054462848212992
1324013712810905600
1323843898050039808
1323741625672175616
1323741051945963520
1323740863848210432
1323740760546705408
1323740347835523072
1323734257169240064
1323734120896364288
1323288932390473728
1323288211947458560
1323285877221740288
1323284754616197120
1323284710638915584
1323018343062900736
1323018325341933568
1323009748116135936
1323008250476961792
1322991788949413888
1322991535227621376
1322990319718289408
1322990287510261760
1322990051261927424
1322988716172992512
1322869037731295232
1322860474271223808
1322860156351401984
1322430509604110336
1322070303267262464
1321925905183313920
1321925759087333376
1321711244026499072
1321473407091965952
1321472929973047296
1321472479286775808
1321472200940097536
1321472099014365184
1321472074465107968
1321471806805520384
1321203041937379328
1320634855768641536
1320634018874970112
1320631544298557440
1320631356465045504
1320452703869456384
1320452525104005120
1320451793143406592
1320450925698437120
1320439327869030400
1320252472313729024
1320116589384077312
1319929998954856448
1319665672444575488
1319665287034228736
1319664900151693312
1319664189229699072
1319664087991726080
1319663728565116928
1319663586629791488
1319663478454558720
1319663404538265600
1319663152515121152
1319663125306724352
1319663055949778944
1319662929847922688
1319662683818438912
1319661956551290880
1319661866621243392
1319661826884407296
1319661777110683648
1319543855721684992
1319543597545496576
1319497801114537984
1319496258126532608
1319495679299944448
1319495432985346048
1319495262985998336
1319494386082828288
1319494325559037952
1319366482283892736
1319350459950301184
1319350165531168768
1319349737561219072
1318985633529024512
1318985066324893696
1318984977846063104
1318984942697783296
1318984892471037952
1318984683296858112
1318948713184845824
1318948531709804288
1318948508804780032
1318941386054434816
1318875857688186880
1318868610228670464
1318778565484306432
1318777687033479168
1318777595652149248
1318777247222976512
1318766305093312512
1318766083302694912
1318766008841216000
1318762088890834944
1318761982472916992
1318761957848158208
1318761911874355200
1318761886624645120
1318761768135655424
1318761741841477632
1318761667782709248
1318761649369645056
1318761634500935680
1318761611272835072
1318761592436252672
1318761557589975040
1318471577034498048
1318471482704625664
1318471441805938688
1318471397350559488
1318471316652130304
1318471300650835968
1318283707195817984
1318283677428781056
1318283381206097920
1318282956990009088
1318282789221994496
1318282724701065216
1318282542424969216
1318282445683331072
1318281848041148416
1318281776981331968
1318281600568786944
1318281570357252096
1318281492548734976
1318280876271218688
1318280724835872768
1318280659471839232
1318279985191358464
1318217429496025088
1318217137354379264
1318217106270441472
1318216532602834944
1318216322417831936
1318216198321045504
1318172126294266112
1318171284560379904
1318170400849801216
1318170046024372224
1318169745984786432
1318169288025559040
1318168716366983168
1318168653498618112
1318168572452110336
1318168488788267008
1318163004316405760
1318162967553282048
1318075475361673216
1318074899819364352
1318074161177239552
1318074038355435520
1318073992025149440
1318073974207762432
1318073502189146112
1317903901102952448
1317903826213634048
1317903615206608896
1317903242374844416
1317902855827804160
1317800125863849984
1317800004707377152
1317214017732157440
1317213916309708800
1317213428654755840
1317125229982908416
1317123911260250112
1317123690350477312
1317123534250979328
1317123425312321536
1317123381507051520
1317123300129198080
1316965070912561152
1316964816318332928
1316964577368809472
1316964449530613760
1316964425413308416
1316963179545722880
1316963122318626816
1316962861479038976
1316962791669063680
1316962731510169600
1316962436017233920
1316962375581532160
1316766460014927872
1316766391870070784
1316766103264256000
1316765992043704320
1316765914239561728
1316765820400394240
1316764746998337536
1316764087867584512
1316764060239761408
1316667115777163264
1316666846561603584
1316666777569505280
1316666731612565504
1316666655884312576
1316666596195291136
1316666500267286528
1316666279919525888
1316666219701956608
1316591801218805760
1316591328587845632
1316417692119818240
1316415902536085504
1316310374493442048
1316310289533603840
1316279917227781888
1316237069493194752
1316237001386070016
1316236766853160960
1316236340242022400
1316236147073462272
1316106418613870592
1316104826321858560
1316104515138064384
1316082773640314880
1316082386678018048
1316082348493082624
1316081880828182528
1316081767397367808
1316081490111926272
1316041023945142272
1316040965141000192
1316040399488716800
1316040296854171648
1316040195901456384
1316040123583279104
1316040028229963776
1316039978816860160
1316039907551457280
1316039797643804672
1316039781235798016
1316039724881059840
1316039641938767872
1316008540058742784
1316008143084609536
1316007747398311936
1315744409774968832
1315744209182351360
1315744137619046400
1315616212395667712
1315616065548955648
1315615921180946432
1315615882081689600
1315614445117280512
1315613593031892992
1315613526455705600
1315594863056912384
1315594642054950912
1315593034646671360
1315592920288944128
1315391196169199616
1315391118276730880
1315390708610674688
1315390677992304640
1315390540007997440
1315389979669925888
1315380198632837120
1315380142269771776
1315351446368538624
1315320891140603904
1315320797670629376
1315204447795064832
1315204126515572736
1315187105274966016
1315186931366584320
1315186803058581504
1315186764567531520
1315186664185180160
1315186632715272192
1315186604332519424
1315186582056468480
1315048179956690944
1315048126533771264
1315048086415306752
1315048042077335552
1315048000750845952
1315047886913142784
1315047858211631104
1315047604573569024
1315047306178298112
1315047245918732288
1315047169213247488
1315047136724221952
1315047065618186240
1315047001868906496
1315046977323888640
1315046928716099584
1315046862592847872
1315046826060533760
1315046795098161152
1315046762785243136
1315046720737292288
1315046678559326208
1315046659106189312
1315046550998069248
1315046512968298496
1315044305266978816
1315043864575696896
1315043754831683584
1315043694559539200
1315043673017548800
1315043592478642176
1315043519392821248
1315043309811912704
1315043281634549760
1315041340212875264
1315041203205926912
1314889848243851264
1314794581247000576
1314794549936566272
1314794212186107904
1314794162273878016
1314794147065323520
1314794068015226880
1314793945814175488
1314658146506420224
1314441835411013632
1314441745460080640
1314429837122179072
1314429759951179776
1314429688648011776
1314429642191908864
1314429607190429696
1314429432065601536
1314428949561315328
1314295975410905088
1314294850347466752
1314294187840413696
1314294102813536512
1314294049667526912
1314293979836542976
1314293953886384128
1314293824882118912
1314293725670133760
1314293683257257984
1314293657416216576
1314293629121433600
1314293404369661952
1314293273113100288
1314293042606739712
1314230971034742784
1314230925618810880
1314230746349961216
1313901512851152896
1313857050649255936
1313720470802509824
1313709796403671040
1313707141400850432
1313707041874153472
1313706951914778624
1313706797669265408
1313706778631327488
1313706748952416512
1313706701489668096
1313706634397585408
1313706561693519872
1313706500641173504
1313706467300605952
1313706407020105728
1313706230318338048
1313706091512049664
1313706031072129024
1313705527575220224
1313705419861299200
1313705152617086976
1313436392555413504
1313436331448639488
1313436281863647232
1313420454359695360
1313419917446860800
1313419152447676416
1313418856837373952
1313418401822502912
1313418349557223424
1313418236583710720
1313415306665132032
1313406543090651136
1313406272209850368
1313405723339091968
1313405538584199168
1313405470091218944
1313405380962275328
1313210116758540288
1313210091785592832
1313210034705358848
1313200016794808320
1313199889879363584
1313116954912227328
1313116885282684928
1313116747218784512
1313116004306817024
1313085619480989696
1313085435745390592
1313085237526778112
1312825179698012160
1312825132453433088
1312516866636607488
1312512955758510080
1312512599607533568
1312512433861218304
1312512336733769728
1312512221650460672
1312512081980084224
1312512050753531904
1312472182014922752
1312365312768184320
1312132830374162432
1312132702707970048
1312056383525842944
1312056268715102208
1312056078545440768
1312056044923826176
1312055882264588288
1312055708167307264
1312055358479912960
1312055301961666560
1312054952794165248
1312054722598260736
1312054457459499008
1312054434621534208
1312054389251678208
1312054024825384960
1312053769056681984
1312053736458551296
1312053677625049088
1312053654313205760
1312053623615107072
1312053471550541824
1312053315442798592
1312053285327691776
1312053269708132352
1312053174157692928
1311886140161642496
1311886031352979712
1311885936364531712
1311885886716555264
1311885765245366272
1311885652573605888
1311885057750192128
1311884962908565504
1311884924929085440
1311884833958789120
1311884699795632128
1311884580815859712
1311884513421807616
1311884457679433728
1311883203423109120
1311874168816832512
1311874132695449600
1311874071144157184
1311874053163167488
1311873984754049024
1311265694730907648
1311036992147402752
1311036956143497216
1311020544301637632
1311020428815667200
1311020322557231104
1311020104482721792
1311019190455861248
1311019079294222336
1311019060809924608
1311014651807793152
1311014571520528384
1311014125447852032
1311013880055951360
1311013708127240192
1310970333038620672
1310970253355241472
1310970102486052864
1310970078712733696
1310969043864752128
1310968765400702976
1310968541663854592
1310936925474377728
1310936682972221440
1310936636021190912
1310936578232119296
1310936407716892672
1310936274283491328
1310936120100892672
1310936040279080960
1310936026022637568
1310935928173735936
1310935511138213888
1310935489692737536
1310935422688735232
1310935072560816128
1310934975991238912
1310934938485690368
1310934835167461376
1310934785544654848
1310934746797617152
1310934714279251968
1310934640027369472
1310934592833097728
1310934464214773760
1310934411538554880
1310934035280154624
1310933132363862016
1310933039522951168
1310932975413063680
1310932873541808128
1310932731132551168
1310932714523185152
1310932689076342784
1310932666045403136
1310932609569087488
1310798748625309696
1310798290292801536
1310797437880217600
1310797405818937088
1310797170702987264
1310797006781272064
1310796717541994496
1310796255505928192
1310795735747751936
1310795597709021184
1310795543971589888
1310794769812127488
1310794727432876032
1310794633996369920
1310794539892965376
1310794517835116288
1310794500911042560
1310793796607672320
1310605133101838336
1310605075933474816
1310605015099289600
1310604850867195904
1310604798299975680
1310604743018983424
1310604702854381568
1310604523489157120
1310604375606398976
1310604288457084928
1310604101810520064
1310604057120313088
1310603939386134528
1310603904372092928
1310603814785998848
1310603772327059712
1310603524896706560
1310603416922714112
1310426084937261056
1310425897686753280
1310425845039857664
1310425740349931520
1310425448199974912
1310313965294178304
1310313756543590400
1310283871989174272
1310283694578565120
1310283489221238784
1310283463233282048
1310282801682550784
1310282400170160128
1310282121811030016
1310282088067850240
1310282068589510912
1310282048439975936
1310281992727035904
1310281976553918464
1310281929690885888
1310281876205113088
1310281822484529152
1310281440110796800
1310281240810000384
1310280692799021056
1310280674637762560
1310280633520975872
1310280556534472704
1310280481901105152
1310280447222517760
1310280356063571968
1310280138366627840
1310280116065443840
1310279962209980416
1310279916559237120
1310279853715980288
1310279794358132736
1310279570759745536
1310227240521740288
1310227171298942976
1310226848924737536
1310226670213890048
1310226263706087424
1310226199365529600
1310226074861740032
1310225765376692224
1310225662427439104
1310217476786065408
1310213759026290688
1310212140939325440
1310203917855268864
1310203874054201088
1310203836842287104
1310203821281378304
1310203807486414848
1310203793120821248
1310203775680946176
1310203463851269888
1310203410323509248
1310203385270992896
1310203324159983616
1310203023256367104
1310202948232908800
1310202766535557120
1310202438499139584
1310202403845795840
1310202337722544128
1310202299478880512
1310202284224151552
1310202121208442880
1310201871487905792
1310201858099761152
1309731853084000512
1309731796129644288
1309731249284579328
1309731209786929152
1309731070686961664
1309730401137700864
1309730317348073472
1309730181624532992
1309729422392651776
1309729389660307712
1309728984167583488
1309728694294974464
1309728601177235712
1309728505823928320
1309728430674653184
1309728192123592704
1309520681441341440
1309520427761402112
1309520394949455872
1309520349835468800
1309520231661010944
1309520160345161728
1309519815426613248
1309519633314131968
1309518988322406400
1309518966256291840
1309518935872729088
1309518898799292416
1309518544460222464
1309515557344026624
1309515351089127424
1309515240397307904
1309515189914603520
1309514921768611840
1309514885567590400
1309514471191310336
1309513329279414272
1309512315021201408
1309512188068007936
1309512026386059264
1309511246471999488
1309510223586042112
1309510102995664896
1309506928414990336
1309506768704278528
1309202534637211648
1309202040439091200
1309201956242698240
1309201660997251072
1309201474627538944
1309201277583347712
1309201254694952960
1309199484640002048
1309199256285335552
1309198885273980928
1309198148879949824
1309198092806361088
1309197803625877504
1309197764056805376
1309197541737730048
1309197514059525888
1309197457742594048
1309197417959567360
1309197245372301312
1309197211146780672
1309197184584253440
1309197140741193728
1309197109866921984
1309196453580099584
1309196416804433920
1309196392884252672
1309196368372785152
1309196346155556864
1309196173652168704
1309070943600472064
1309069997134708736
1309069904927219712
1309050753257017088
1309050670125912064
1309050119413784576
1309049854388318208
1309049205005127680
1309048963530739712
1309048825978531840
1308976705101615104
1308976467699793920
1308976439132291072
1308846092151390208
1308837112901513216
1308836829018427392
1308836693085167616
1308836646947880960
1308836597362810880
1308836419662569472
1308801848116215808
1308800777926971392
1308800639418466304
1308800429141225472
1308800354830766080
1308766305663758336
1308505425558597632
1308505157928452096
1308505114240573440
1308504522969489408
1308504406728544512
1308504141333962752
1308503373235314688
1308503016941785088
1308502782740229888
1308502699651067904
1308502519266582528
1308502474962206720
1308502434734575616
1308502128680411136
1308501972539117568
1308501853978722304
1308501812983595008
1308501768452661248
1308501725972779008
1308501580111589376
1308501545344995328
1308501474348072960
1308501372623638528
1308501322589769728
1308501061532086272
1308500984432340992
1308500894351327232
1308500848633425920
1308500797597118464
1308500767788105728
1308500747634593792
1308500726889447424
1308500696644415488
1308500629539749888
1308500559251595264
1308500506046857216
1308500482114150400
1308500447058067712
1308500085144268800
1308500067976912896
1308302586584338432
1308302443336220672
1308302405293936640
1308301288984043520
1308301234193874944
1308301202677850112
1308300747155464192
1308300598245125888
1308300552598556672
1308300422193410048
1308299623702773760
1308299211960512512
1308299185838370816
1308298890479718400
1308298662791901184
1308298553639358464
1308298508424769536
1308298413419581440
1308298376308355072
1308298207080796160
1308298113409400832
1308129303029317632
1308049698666746112
1308048829766402048
1308048811789557760
1308048778151292928
1308048738003361792
1308048667711016960
1308048540539785216
1308048527524794368
1308048411606888448
1308048162570076160
1308047985364938752
1308047967643893760
1308047940464844800
1308047891248840704
1307975510278971392
1307975334726381568
1307975186499731712
1307936527763283968
1307935696196374528
1307935658036649984
1307935235208863488
1307934411565006848
1307934353180286976
1307929595400933376
1307929557694058496
1307929166311051264
1307928855592796160
1307928461210718208
1307745410077855488
1307745387508379648
1307700861896925184
1307700166976299008
1307699794727636992
1307699456167620608
1307698100526624768
1307696919880359936
1307696880546205696
1307696785947856896
1307696772056264704
1307576507079032832
1307576172948185088
1307575998892908288
1307575949471482112
1307575845964460032
1307575142244065280
1307426875757789184
1307426828810948608
1307426671809753088
1307426447594790912
1307355376799670272
1307353893681221632
1307353387109941248
1307353122487128064
1307352815828963328
1307352741556236288
1307352704759615488
1307352060627685376
1307351945234051072
1307351411240448000
1307351279358877696
1307263253056290816
1307263232575406080
1307262857306869760
1307262723990982912
1307074068655542272
1307073400519749632
1307073080955723776
1307073044637192192
1307014778938896384
1306980832846979072
1306980757638975488
1306980625992298496
1306980573630672896
1306980409788510208
1306980362246066176
1306979901254369280
1306979318652973056
1306978852636421888
1306978211281207296
1306978135037169664
1306978104464867328
1306977859320377088
1306977819021451264
1306977795420155904
1306977627429797888
1306976981712592896
1306976854159621888
1306976674643312640
1306976336133713920
1306826430295273472
1306826031668645888
1306825567178809088
1306824934468050944
1306685762407141376
1306683226593914880
1306676800500756480
1306676744603275264
1306676712638480384
1306658400600829952
1306658088376832000
1306657949222424576
1306657919275085824
1306657778950430720
1306657621856997376
1306620615051354112
1306620459455328512
1306620147306725376
1306619889961054208
1306619721220059136
1306619655247798272
1306619476788555776
1306337743514071040
1306337306907947008
1306337243125157888
1306336770842386432
1306336582945984512
1306336517024030720
1306336316842541056
1306336263033753600
1306335762141581312
1306335584680579072
1306335529164779520
1306335205112909824
1306334958491971584
1306334872840134912
1306334522972176384
1306334394865586176
1306329840056971264
1306329320420454400
1306329233623482368
1306329202380214272
1306329029331554304
1306328982393171968
1306328953485955072
1306328921923825664
1306328893553598464
1306328859332272128
1306328821260574720
1306328757091864576
1306328617178345472
1306328152822734848
1306328090990256128
1306328046438420480
1306328018474934272
1306327957661716480
1306327921741697024
1306327734684090368
1306327585387950080
1306327570510753792
1306327509374578688
1306327451266699264
1306327369192542208
1306327342273495040
1306327183888130048
1306318053798539264
1306317937867980800
1306317855194050560
1306317780858404864
1306317727586496512
1306317573810683904
1306317522757660672
1306317475362017280
1306317428620701696
1306317406919364608
1306317373520187392
1306317137947103232
1306317083605639168
1306317019990687488
1306316954941231104
1306316923215511552
1306316817024069632
1306316789240991488
1306316734429831168
1306309622500855808
1306309518498955264
1306309123928199168
1306308638521405440
1306266362780831488
1306259870971297792
1306259709679333376
1306259565307141888
1306259478904475648
1306259358293131264
1306259324679917568
1306259061730664448
1306259015706521600
1306258471898304512
1306258439799218176
1306258399227777024
1306258370253512704
1306258313861099520
1306258288946941952
1306258118758760448
1306258032976945152
1306257939041316864
1306257796745355264
1306257760049418240
1306257633230360576
1306257474924748800
1306257318665912320
1306257291805630464
1306257120988483584
1306255985586118912
1306255914442338304
1306254698765340672
1306254663055020032
1306254612958253056
1306254559375953920
1306254280232521728
1306254240722104320
1306253636050333696
1306253465027596288
1306253414557507584
1306253267316485888
1306253190766227712
1306244270089797632
1306244169812369408
1306244037918236672
1306243937397547008
1306243872092295168
1306243830358904832
1306243780572569600
1306243549810302976
1306243520030814208
1306243412199452672
1306204819552690176
1306204579227414528
1306204525884321792
1306204466606215168
1306204384569831424
1306204322607304704
1306203950035673088
1306203770557263872
1306203728429678592
1306203688101457920
1306203670682521600
1306203611521847296
1306203568991621120
1306203454692564992
1306203323712798720
1306203226723831808
1306089655293620224
1306088833457491968
1306088324331900928
1306088163132178432
1306088119918309376
1306088079053201408
1306087860873822208
1306087664114860032
1306087567356551168
1306086357039751168
1306086095478718464
1306085748442046464
1306076204580179968
1306075898249129984
1306075596640980992
1305935085661761536
1305934608178057216
1305933901504876288
1305933840259657728
1305933760630796288
1305933345721929728
1305933075013140480
1305932892867039232
1305932845454692352
1305932780505890816
1305932753096015872
1305929934834196480
1305929675433279488
1305929652612018176
1305873262644277248
1305873177877381120
1305873084851859712
1305872949157781504
1305872777132544000
1305871998778834944
1305871902829940736
1305871881426345984
1305871592615018496
1305871521202745088
1305871208207069184
1305871176531615488
1305870772955762688
1305870694106968064
1305870416456679424
1305870361637125888
1305870353147793408
1305870274554998784
1305870193386762240
1305870072238477312
1305847837759078400
1305844739674124288
1305842877482905600
1305841772430532608
1305841525402882048
1305840910815690752
1305840750450683904
1305840519147401216
1305840436318212096
1305835980637769728
1305835107773755392
1305830436485181440
1305830335133946112
1305829909500223488
1305829725617762304
1305829521602609152
1305829101320712192
1305828795107213312
1305828379522985984
1305828224841248768
1305828010856263680
1305827741414162432
1305827727656792064
1305827664528158720
1305827594475048960
1305826812329693184
1305826790947139584
1305826491838672896
1305826424847245312
1305825904694824960
1305825143889985536
1305742334596968448
1305741655044231168
1305741519329075200
1305714335075962880
1305714252561477632
1305552718304628736
1305552645684371712
1305552236425236480
1305552172621455360
1305530726495006720
1305530641908367360
1305530486912098304
1305530259044007936
1305530209416994816
1305530074888843264
1305528126580109312
1305526895774257152
1305518161538756608
1305515293435977728
1305324081185722368
1305323935534403584
1305323768949112832
1305234426272645120
1305234163449163776
1305234142246965248
1305234108709318912
1305234039939493888
1305233929776115712
1305233610195300352
1305232763830833152
1305232678980063232
1305226704936488960
1305226654936072192
1305099093648248832
1305098936630247424
1305098160054956032
1305097023759306752
1305096821765804032
1305096782796460032
1305096764467433472
1305096696041533440
1305089794834337792
1305089724806242304
1305077459151396864
1305077428918853632
1305077400099790848
1305077344625885184
1305077119433793536
1305077032808779776
1305076976819097600
1305032576483176448
1305032434912821248
1305032359767670784
1305032267455135488
1305032208319643648
1305032165772668928
1304871830998654976
1304871734978457600
1304871709187731712
1304871622415994880
1304733097641103360
1304732797953880064
1304587411268210688
1304587345946173440
1304534296359776512
1304533701146152960
1304447101158522880
1304446918723088384
1304446567877939200
1304264161661198336
1304264012805398528
1304132879539200000
1304132587263229952
1304118564891308032
1304109052864204800
1303878274305658880
1303684440162554112
1303684201561157632
1303684023038996480
1303684005053771776
1303435698960203776
1303435114643423232
1303434360071303168
1303434056114331648
1303434036287868928
1303434004566347776
1303433957623693312
1303433770041839616
1303433720859369472
1303433511685238784
1303433218587324416
1303433085896318976
1303402393175035904
1303401604276723712
1303351287463981056
1303351273614344192
1303350470459752448
1303306016839348224
1303305396883533824
1303305341204135936
1303305007157194752
1303233325688127488
1303233244758978560
1303061301233680384
1303061267171684352
1303061225719431168
1303061197584044032
1303045460219887616
1303045285669744640
1302992806315732992
1302992718013100032
1302992518976540672
1302992469085360128
1302992397257801728
1302992330102845440
1302992190134775808
1302992114935095296
1302991910311788288
1302991832423563264
1302991582950559488
1302991501132279808
1302991449638744064
1302991389525864448
1302876819696349184
1302876756345585664
1302876654642094080
1302876563885694976
1302876342753652736
1302876300915470336
1302876185827979264
1302875924262727680
1302875235356680192
1302874500715941888
1302874372777148416
1302873334405832704
1302873250423287808
1302873160354795520
1302832821317312512
1302832727289405440
1302832688118870016
1302832662244139008
1302832648310730752
1302832631797690368
1302832258802426112
1302832019538415616
1302832001964277760
1302831898935406592
1302831383820275712
1302831062054297600
1302830998707732480
1302830911621419008
1302830892315021312
1302830865962225664
1302813094046044160
1302812917436485632
1302712522424963072
1302712281348935680
1302712011210592512
1302711985897902080
1302711846030508032
1302711726052446208
1302711597085884416
1302711111217807360
1302711091806588928
1302710034187653120
1302709642754224128
1302709345810092032
1302709326143008768
1302709285571432448
1302709238620467200
1302709002204307712
1302708964669427712
1302708812445626368
1302708682711601152
1302708629531963392
1302708598997475328
1302708574305517568
1302708468764364800
1302708443741130752
1302708403538718720
1302708330381611008
1302708194477776896
1302708180175159296
1302708138446074112
1302708092166123520
1302707948981047296
1302707870434291712
1302707831611764736
1302707758073085952
1302707543660269568
1302707324470124288
1302707228068188160
1302707123210670080
1302701051410370560
1302701014810845184
1302700920560590848
1302700883592048640
1302700847634288640
1302700812871884800
1302700800209235968
1302700633997410304
1302700594755444736
1302700522630197248
1302700435040620288
1302700357332750336
1302699926644830208
1302699873804914688
1302699831622856704
1302699801889460224
1302699788585107712
1302699235763200000
1302699024198369280
1302698976639152128
1302698932938715136
1302698889137606912
1302656225058975488
1302656190510518272
1302656098722291712
1302656058578665472
1302656022092410880
1302656003628990464
1302655991092260864
1302655965507055616
1302655249107300352
1302655066969645056
1302654724261502976
1302654594447822848
1302654245490110464
1302654139546042368
1302647567281512448
1302647471907143680
1302604340994215936
1302572718320234496
1302513935397072896
1302513606232334336
1302507140049973248
1302507068239294464
1302506934982127616
1302506814442004480
1302506750902522112
1302506682057199616
1302506570014691328
1302506386505506816
1302506275964682240
1302506198453886976
1302504696117157888
1302374689822646272
1302373972621889536
1302373617397792768
1302373465161375488
1302373414892646400
1302373278535897088
1302372945487187968
1302372902248079360
1302372662543552512
1302372246749667328
1302372029245599488
1302371850169745408
1302360595510030336
1302360527516168192
1302360482414821376
1302360454111596288
1302360179074314240
1302359840950489088
1302359800542568448
1302359758125576192
1302359591808897024
1302359492282195968
1302359445964455936
1302359349914894336
1302353867976380416
1302352758151016448
1302352600533270528
1302352405867134976
1302351429282062336
1302350670281015296
1302350553519976448
1302350429188227072
1302350415506350080
1302350381251530752
1302350349488001024
1302350282597302272
1302349931567607808
1302349780673277952
1302349654307360768
1302349497448706048
1302349471385374720
1302349399717285888
1302349055746609152
1302348886376353792
1302167185239027712
1302166503152901888
1302166246159458304
1302166153725464576
1302166123731914752
1302165860140888064
1302165763118305280
1302165447769493504
1302165345990516736
1302165295457619968
1301970303187288064
1301969930011717632
1301969449768169472
1301780027139391488
1301739942452830208
1301738894568816640
1301738513377816576
1301735771825725440
1301734766031581184
1301734673996042240
1301734629964161024
1301638017862508288
1301635145385086976
1301635104163454976
1301634808800517888
1301634757206437888
1301631879356067840
1301631595221266432
1301631396864286720
1301631330459975680
1301630829467230208
1301630637292638208
1301630583714578432
1301630534427308032
1301630346501541888
1301630316516343808
1301630284694261760
1301630171431211008
1301629766374748160
1301629586640429056
1301628179455639552
1301626611310243840
1301626580167467008
1301542196701736960
1301540331855523840
1301540140498682112
1301540068100845568
1301539774835175424
1301538669082406912
1301538647058132992
1301538632101236736
1301537740190879488
1301537575551856640
1301537396354408448
1301537203210932224
1301537128871006208
1301536865900732416
1301536330002857984
1301535673829199872
1301534831638183936
1301533977665318912
1301533957025157120
1301533927677493248
1301533870215565312
1301533807066189824
1301533732327895040
1301533680301678592
1301533568280211712
1301533502731685888
1301533298800431104
1301533222526955520
1301531685339754496
1301531561062473728
1301529625533853696
1301528521290981376
1301528129618563072
1301528103311880192
1301528093149007872
1301527587932573696
1301284782068948992
1301284025856917504
1301283922194640896
1301283785783341056
1301283238854504448
1301234564480851968
1301234491718074368
1301234472290070528
1301234451465351168
1301234438714650624
1301234363460448512
1301219639075237888
1301219589804756992
1301219436704280576
1301217321546063872
1301216809887162368
1301216587765239808
1301216363650994176
1301216286941249536
1301216261389647872
1301216214975479808
1301216181072863232
1301215929720860672
1301215569539198976
1301208887840960512
1301208800507109376
1301207702341931008
1301207664526008320
1301207341983989760
1301207221494337536
1301206625706029056
1301206502095695872
1301206423490170880
1301206300949450752
1301206255365742592
1301205929229193216
1301205763310878720
1301205507210960896
1301205458846441472
1301205252662874112
1301204712428048384
1301204365911502848
1301204322433339392
1301204168498130944
1301204130015346688
1301176996395917312
1301176927949123584
1301176891580264448
1301176866707996672
1301176831907856384
1301176683928616960
1301176607139299328
1301176459319418880
1301176401085816832
1301176377601937408
1301176362863128576
1301176328402751488
1301176306495827968
1301176230046298112
1301176146596442112
1301176119874461696
1301176090380120064
1301176015662784512
1301175984088113152
1301175801421991936
1301175434885857280
1301062463417393152
1301062210383482880
1300914611772944384
1300914112617160704
1300913900834226176
1300913578317406208
1300913563670847488
1300913523594342400
1300913385727578112
1300912308428963840
1300912271900782592
1300912198529748992
1300911832891301888
1300911768873701376
1300911722522435584
1300911700452007936
1300911636639875072
1300911610408718336
1300911221982597120
1300911127870791680
1300910910102478848
1300910767668162560
1300910492349759488
1300910467687342080
1300904707620327424
1300904424911572992
1300904330648748032
1300904206254198784
1300904166106124288
1300904055502442496
1300903564311756800
1300903528035213312
1300903499446788096
1300903444891471872
1300903404143866112
1300902944418803712
1300902898642178048
1300902687140175872
1300896381910085632
1300896338037616640
1300896231204573184
1300895917860683776
1300895792048361472
1300895329693454336
1300895263826087936
1300895243424980992
1300895198818504704
1300895080673411072
1300894432955432960
1300893498607099904
1300892728453201920
1300892321349873664
1300891811167207424
1300891776899854336
1300891618929774592
1300890767842586624
1300890634442678272
1300890473305911296
1300890446290452480
1300890409569341440
1300890349221613568
1300888596057149440
1300888455371776000
1300888328552800512
1300887711121838080
1300800983795216384
1300800778555330560
1300800599269814272
1300799629441797888
1300799473250074624
1300799068671807488
1300798694732771328
1300798654979211264
1300798634309701632
1300797104919543808
1300797011499921408
1300795458495881216
1300795378481147904
1300795267239890944
1300795045881303040
1300793718434299904
1300793593007927296
1300717566139273216
1300717488859217920
1300510064432873472
1300509711415095296
1300509620495159296
1300509349056581632
1300507872145682432
1300507850175897600
1300494094397997056
1300493253003939840
1300393192085499904
1300393146044633088
1300392953303662592
1300392529012166912
1300391640948002816
1300391087719280640
1300389408995250176
1300389246759559168
1300388197889908736
1300191164574953472
1300189364874600448
1300189269789728768
1300189180195155968
1300161264669339648
1300161034033008640
1300159703746588672
1300159486330535936
1300158585809375232
1300158251569475584
1300143991468494848
1300143960728502272
1300143937198395392
1300143795154059264
1300143725398626304
1300143615214333952
1300143585015353088
1300143525019951104
1300143311878062080
1300143252113362944
1300143239291432960
1300143215706877952
1300143164049838080
1300143144969830400
1300142430268862464
1300141975841247232
1300137296847610112
1300137254120284160
1300137202807181312
1300136765794156288
1300136742289379328
1300136260477095936
1300136238788247552
1300136226574471168
1300136194731368448
1300136086254096384
1300135783454605312
1300135741503275008
1300135672687329280
1300135609839898624
1300135457544646912
1300110011096596480
1300109817793703936
1300109621131182080
1300020155058204672
1300019888547926016
1299825506410528768
1299825003303759872
1299824947653730304
1299673211320270848
1299672643575087104
1299672093806690304
1299364455277527040
1299363788928552960
1299357513373102080
1299344485466411008
1299343638393171968
1299343439432212480
1299343302874066944
1299337610901553152
1299337031315845120
1299336999795654912
1299336745377464320
1299329529786269696
1299329296675287040
1299328722902937600
1299326656302243840
1299326039718588416
1299320822818103296
1299317741619417088
1299317707578511360
1299298838151418112
1299298558051528704
1299298403403345920
1299298229054509056
1299277323804585984
1299277145554944000
1299277010905321472
1299276565482819584
1299246349209214976
1299245792302190592
1299245759624343552
1299245745908969472
1299245648433360896
1299245568615763968
1299245480958922752
1299244989004816384
1299243741845295104
1299243114180337664
1299243088817328128
1299242992939794432
1299242935674863616
1299242837784039424
1299242419481915392
1299242242029355008
1299242226128650240
1299242153739157504
1299242125436035072
1299242086282256384
1299242057463103488
1299241916303892480
1299241877997342720
1299241114814353408
1299241084921491712
1299239557087596288
1299238066910040064
1299237638298390528
1299236507589500928
1299236356615532288
1299220033403523072
1299219859960729600
1299219793481011200
1299085569046216704
1299085335159345152
1299085064383455232
1299081204294180864
1299079349182881792
1299078371410878464
1299077880119537664
1299077181063204864
1299077040205897728
1298995549970956288
1298995532719730688
1298995141538017280
1298994396021448704
1298994376878612480
1298994339754852352
1298994158472818688
1298966578587934720
1298950699355721728
1298949670950051840
1298949415290445824
1298946527260487680
1298945801985589248
1298944391399256064
1298944351851159552
1298943163852349440
1298942977419677696
1298942817113341952
1298942702441164800
1298942441714864128
1298942411868114944
1298730305055068160
1298729953530384384
1298729660533047296
1298727116830314496
1298727095737221120
1298727037566439424
1298726909690470400
1298726335683219712
1298675520050274304
1298666926021869568
1298666175468130304
1298356116313780224
1298355174017204224
1298352558868770816
1298352061365522432
1298351835858837504
1298351602521317376
1298351585114959872
1298351497965711360
1298351456211394560
1298351425811030016
1298351341371305984
1298330375333314560
1298329919638953984
1298326634572009472
1298326598945591296
1298326008731447296
1298325801004412928
1298289192783486976
1298289057760452608
1298157192521175040
1298156818196246528
1298155521569153024
1298155160636739584
1298119346980626432
1298118921825013760
1298118758834343936
1298118717168136192
1298118680958717952
1298118595302621184
1298118040496865280
1298114524466294784
1298114191652540416
1298114095565201408
1298004283175182336
1298004209539973120
1298004030472560640
1298003785533530112
1297997275608866816
1297996483166339072
1297995932945002496
1297995163747389440
1297995099352240128
1297994793117720576
1297982275313971200
1297982230107754496
1297981093002522624
1297981003055628288
1297980949372821504
1297980912701931520
1297980689149812736
1297968552713093120
1297968327537709056
1297963309757497088
1297963240052359168
1297865732802383872
1297865621888274432
1297865239837499392
1297864939307184128
1297863370247413760
1297861891977613312
1297861577450938368
1297861045374115840
1297854426619813888
1297853930379137024
1297852748323524608
1297819863520509952
1297819598436302848
1296902044947816448
1296582841099268096
1296582402928779264
1296581581235277824
1296581493591101440
1296581268361154560
1296581201118089216
1296581154515156992
1296581130846638080
1296580721985847296
1296579944605274112
1296579635644424192
1296579598868783104
1296574447906967552
1296574411777212416
1296542042101878784
1296358683639779328
1296187979220869120
1296183476090286080
1295943068231794688
1295942949663105024
1295748750577631232
1295747909166735360
1295745257464901632
1295745231653089280
1295396625423237120
1295396580925808640
1295364743549661184
1295364583734104064
1295108453359288320
1295106325333057536
1295106281620021248
1295106054158716928
1295106004246462464
1295105843533426688
1295105409930407936
1295105364652969984
1295105315055296512
1295104829799497728
1295104305079496704
1295103654480031488
1294960318423146496
1294760181511983104
1294759370253840384
1294758074310430720
1294756937800863488
1294756553858449408
1294756533994245888
1294756482848903168
1294756443371995136
1294736162876260352
1294735943459536896
1294304286898257920
1294127942994362368
1294127342487515136
1294126644882485248
1294126131793231872
1294125457693122560
1294125146756784128
1293993119931932672
1293992961701752832
1293992874317615104
1293833125252997120
1293833033171316736
1293667919851917312
1293659022613192704
1293658715950845952
1293658679431114752
1293524429855752192
1293474630028505088
1293474386616430592
1293472073197772800
1293472034224308224
1293413607737262080
1293407534578098176
1293291779110965248
1293291751483019264
1293290871333494784
1293271518240284672
1293187967377215488
1293187835218890752
1293187818047574016
1292917722943303680
1292916545950228480
1292916407810830336
1292916169368797184
1292915982638419968
1292914582051332096
1292914497317998592
1292826575696728064
1292726300428443648
1292726103623323648
1292725835946962944
1292711456832716800
1292711259230658560
1292565972797345792
1292564704003530752
1292564602363019264
1292564419797549056
1292496188688793600
1292493246845857792
1292447598884855808
1292447543016685568
1291839908059975680
1291719358805417984
1291719315176251392
1291719258309824512
1291719214663958528
1291719185588986112
1291718859280527360
1291718557521371136
1291718473228451840
1291718413069496320
1291694249931612160
1291693573214220288
1291693316569006080
1291693274143567872
1291693136662716416
1291693092999962624
1291692435597402112
1291692413627650048
1291691864270176512
1291690858186715136
1291690766465630208
1291690694021709824
1291690672194555904
1291616637028835328
1291454058499387392
1291453930744971264
1291453863791341568
1291453515446001664
1291103676661211136
1291103263035621376
1291103101974450176
1291102175335243776
1291024097913319424
1291024064182616064
1291023983681437696
1291023925493870592
1291023626939097088
1291022977614647296
1291022331809275904
1291022211546075136
1290406306579439616
1290405857612759040
1290403512241840128
1290403067075190784
1290403032778387712
1290402957213814784
1288572649959051264
1288572132759408640
1288572066975932416
1288571679405481984
1288571635155578880
1288571232582017024
1288569959543693312
1288568397656195072
1288568310301429760
1288567971590344704
1288566526392578048
1288566491575615488
1288566329453285376
1288566307521257472
1288565943635853312
1288565892805210112
1288565514063818752
1288565359293927424
1288038105728114688
1287991353125863424
1287991309102350336
1287991285849247488
1287990953819738112
1287990683148656640
1287719355963322368
1287719293631770624
1287718836406558720
1287702744959156224
1287702613279019008
1287679892725825536
1287514649726980096
1287514582253219840
1287513545761009664
1287512379484446720
1287501253287837696
1287500799086600192
1287500758766833664
1287500669558153216
1287499165161922560
1287499058022686720
1287498604312133632
1287498356277817088
1287498208579641088
1287494887613575168
1287494678695366912
1287493909761986560
1287493626596032512
1287493549274079232
1287493504411803648
1287493425571532800
1287492214768242688
1287491507625381888
1287490619246612480
1287490558970257408
1287490473620312064
1287488624343371776
1287391616718843904
1286627281717395712
1286522670889172992
1286521676864380928
1286521644819898368
1286521554050912512
1286521241785032704
1286521193751818240
1286404153732931584
1286404027912261632
1286301767505006592
1286301728263086080
1286301187810172928
1286300744249946112
1286300179105222912
1286038907562401792
1285602527174701056
1285601560677036032
1285601494188859392
1285600231896363008
1285600196903292928
1285600116074778624
1285584677462581248
1285584611851075584
1285584551742443520
1285584165820403712
1285583557017174016
1285583482001989632
1285583144960299008
1285583121115684864
1285464915898249216
1285464851704315904
1285189988896968704
1285145919327997952
1285121245781139712
1285120860504891392
1285120405611700224
1284945092499968000
1284858064731025408
1284857128088489984
1284856963336146944
1284386609467666432
1284386039616933888
1284385983878791168
1284384362708992000
1284384217221267712
1284118026846175232
1284117836261203968
1284117725397372928
1284040372566491136
1284038927616299008
1284038693553082368
1284038673332412416
1283993734598852608
1283982000605605888
1283981919131140096
1283981199443202048
1282937109557530624
1282914829305602048
1282698923262566400
1282698867981668352
1282698826189606912
1282698560794918912
1282612708324642816
1282612687843852288
1282612301804318720
1282611952917897216
1282582841365331968
1282581503361384448
1282581388525543424
1282580905098457088
1282212386959699968
1282073982439755776
1282073944695214080
1282073773194215424
1282073587235643392
1282072966126330112
1282070404425830400
1282070063982489600
1282026308667670528
1282026266137427968
1282026184793088000
1282025338093084672
1282025283298656512
1282025183763628032
1282025154760114176
1282024650202120192
1282024550386073600
1282008723548971008
1281598603354681088
1281574392724684800
1281574321505341440
1281572628021628928
1281572525894447104
1281572508538490880
1281572488082862080
1281286678196498432
1280590924289118208
1280546769160593408
1280546697995784192
1280546396832239616
1280546340200747008
1280546314263105536
1280546293891375104
1280546277986635776
1280546260076855296
1280546220210077696
1280546100735287296
1280545886599290880
1280545009343836160
1280544480303681536
1280544452709408768
1280163801674010624
1280163217025753088
1280162806499770368
1280162763294281728
1280162650366906368
1279887545892036608
1279837213614899200
1279836578899283968
1279836493348044800
1279568870639128576
1279552016428208128
1279551241119506432
1279548538318446592
1279548496727683072
1279547111583948800
1279546950162026496
1279546492764794880
1279546447772475392
1279546361038409728
1279546287965306880
1279546168683442176
1279544811033448448
1279022089513639936
1279022008437813248
1279021481494810624
1279021438100549632
1279021387148144640
1278897284776951808
1278896874351722496
1278896808794689536
1278896793292541952
1278896714250956800
1278896692415410176
1278896661809565696
1278896464169701376
1278647897073090560
1278410660028788736
1278410536678547712
1278410457079001088
1278410407867269120
1278410347901267968
1278410243609935872
1278410143617736704
1278410072130019328
1278410012998721536
1278409943129956352
1278409882228719616
1278409850209386496
1278409364693549056
1278409072040128512
1278409060082122752
1278285582809079808
1278264291414675712
1278256964678664192
1278256403287859200
1278039766395695104
1278036824569634816
1278036542536192000
1278036504548454400
1278036476152942592
1278036425355689984
1278036000158220288
1277825002625290240
1277824972354961408
1277824884308131840
1277824733820706816
1277824689482665984
1277824418325110784
1277824376843444224
1277824051260653568
1277823944691761152
1277536092888145920
1277535758220496896
1277532989120024576
1277532964184903680
1277532943448064000
1277532827026948096
1277527486054752512
1277491167324749824
1277490979075956736
1277490917008695296
1277490449125642240
1277490044530556928
1277478334839087104
1277478103258890240
1277333069263929088
1276885024038510592
1276884654126178304
1276884599591915520
1276884541219713024
1276375832248946688
1276375767660802048
1276375181506854912
1276374048856047616
1276373675634278400
1276373633225588736
1276373588212428800
1276373510731042816
1276128781242163200
1276128708928196608
1276114501625171968
1276114474097872896
1276114103497605120
1276114032081207296
1276113881514082304
1275736117527097088
1275285433526689792
1275285363599249408
1275284978667081728
1275284692724600832
1275284638085386240
1275284563867176960
1275284445092814848
1275284049897103360
1275283864987095040
1275283715795693568
1275283672984358912
1275283499189186560
1275145009709400064
1275143533435985920
1275143443820482560
1275143400627503104
1275092576689893376
1275092226721406976
1275092136657125376
1275091872562757632
1275091763431124992
1275091714110361600
1275091680744673280
1275091657575325696
1275091524150341632
1275091487160745984
1275091464675082240
1275091240657326080
1275090367512285184
1275090346515587072
1275090320959639552
1275090212142661632
1275089684629159936
1274414167672455168
1274414115868606464
1272919262613700608
1272918264646074368
1272915763238707200
1272554971775582208
1272554871724691712
1272554685979918336
1272554528156631040
1272554452860493824
1272554407180283904
1272554359268626432
1272554121959215104
1272554100585115648
1272553373649317888
1272553288509128704
1272553215666642944
1272553073492332288
1272552087386234880
1272552038115794944
1272551958709252096
1272551553472303104
1272551037442891776
1272084220853264384
1272084188645203968
1272084144399560704
1272084098400559104
1272083766295646208
1272083688768053248
1272083656773963776
1272083339650924288
1272083227763773440
1272083161023987712
1272083141906313216
1272082938822365184
1272082907272708096
1271302350947454976
1271302240645464064
1271302204062945280
1271301468281339904
1271301405782036480
1271301345337905152
1271301239280672768
1271300397349699584
1271300353003315200
1271300281150640128
1271300002841866240
1271299441765560320
1271299297812889600
1271299159472123904
1271298796052504576
1271298761583706112
1271298691400380416
1271298597942964224
1271298421555695616
1271298254311915520
1271178962262282240
1271178903269396480
1271178546552229888
1271178500305825792
1271178455053488128
1271178426343395328
1271178292893286400
1271178121304330240
1271177402903920640
1271177376467243008
1271177346201063424
1271177269596377088
1271177129116553216
1271177087974625280
1271177063484076032
1271176975084924928
1271176894499749888
1271176868805464064
1271176489732620288
1271176322623197184
1270957720003317760
1270098641349414912
1269930333622992896
1269877643933036288
1269877274351894528
1269877204751716352
1269517451840180224
1269517129205919488
1268845128401199104
1268844566393819136
1268844511003844608
1268844452174606336
1268844432578826240
1268832108417560576
1268832048522854400
1268831974568886272
1268831107333619712
1268760503016460288
1268760431297994752
1268760411152814080
1268655756846522368
1268596988410560512
1268596855228825600
1268567837460791296
1268567591636918272
1268567566643089408
1268259870026973184
1268231167829999616
1268231056425127936
1268229289268391936
1268229237397479424
1268154625397526528
1268154577360125952
1268153032921006080
1267922947450249216
1267922874880401408
1267922741157670912
1267922569614839808
1267921790438957056
1267920807533187072
1267920768018546688
1267920548757200896
1267918708971798528
1267758319927808000
1267758229620129792
1267758084631531520
1267757947146383360
1267748659925483520
1267748634130558976
1267748523363180288
1267748506548256768
1267748450755661824
1267748423371013888
1267748402000990208
1267748257662451712
1267748237148028928
1267748066343505920
1267747995191214080
1267747965902491648
1267682250369441792
1266106619777159168
1266106544640479232
1266106521991163904
1266106479955894272
1266106432530845696
1266106282542600192
1266055751048613888
1266055733919002624
1266055653593931776
1266055568885768192
1266055524291936512
1266055496554905600
1266055452590309376
1265646069985181696
1265645662684753920
1265645459894403072
1265645395843170304
1265645216440160512
1265644872498917376
1265644836729892864
1265644803296985088
1265644741993127936
1265644680668160000
1265644566528643072
1265644185039888384
1265644148499058688
1265643347617742848
1265643248112074752
1265642986492346368
1265426752974786560
1265423797445951488
1265421727640715264
1265421685806817280
1265419090224648192
1265418942513897472
1265418650997096448
1265418613110050816
1265418556918956032
1265418478841991168
1265418402769833984
1265418346545188864
1265418174712942592
1265418142383210496
1265417058495406080
1265417001507459072
1265416955747589888
1265416921639510016
1265416670899830784
1265416633612480512
1265416588989206528
1265414065943457792
1265413038154358784
1265412892532314112
1265412837733777408
1265412702828138496
1265412655726104576
1265412333481967616
1265412303681437696
1265412269971836928
1265412212136558592
1265412057182109696
1265410768004100096
1265410663389827072
1265410573908533248
1265410548717453312
1265410487476531200
1265410429087617024
1265410406077603840
1265410348628218112
1265410293867388928
1265410025750769664
1265409804962496512
1265409777393373184
1265409729834164224
1265407853411667968
1265407832138137600
1265407809971269632
1265407781496074240
1265407760428142592
1265407657013321728
1265407575677419520
1265407529334554624
1265407507058634752
1265407487106265088
1265407442957012992
1265407410665148416
1265407384861782016
1265407371469303808
1265407352095870976
1265407033077108736
1265406984263737088
1265406967721463808
1265406922578178048
1265406895352877056
1265406736267202560
1265406662912901120
1265406544834953216
1265406477549928448
1265406435531333632
1265406395341570048
1265406350240210944
1265406328647843840
1265406230534782976
1265406136179666944
1265406108186836992
1265405985138577408
1265405833220849664
1265405742951079936
1265400484988362752
1265211496864374784
1265211278668312576
1265049191337865216
1264860387993964288
1264831325854458112
1264690600428929024
1264674622764654592
1264672591106760704
1264649503979823104
1264649472820346880
1264649080338288640
1264648452836900864
1264648409312571392
1264648117879799808
1264593495920181248
1264593396460593152
1264593377980538880
1264593340642836480
1264593328663863296
1264342273967472640
1264341865710616576
1264341819162312704
1264341781711409152
1264341086618738688
1264340751422545920
1264340700004585472
1264321534585339904
1264321336521961472
1264306668495687680
1264306597255352320
1264293436972285952
1264293379191472128
1264293240003530752
1264293099863453696
1264293080150224896
1264293020473720832
1264292982729183232
1264263122858192896
1264262928464842752
1264262902397251584
1264151046655545088
1264150978825203712
1264150933870710784
1345234979677216768
1345233825228599296
1345233572366602240
1343897688450891776
1343304994171330560
1342851558581669888
1342851414649942016
1342851103742947328
1342736617308647424
1342222985973870592
1341533873142947840
1341533262871670784
1340430009861857280
1340402540727439360
1340402210988060672
1340400949391667200
1340400158949978112
1340398941205106688
1340188988737540096
1340187891159449600
1340187647906594816
1339914567946821632
1339914139368628224
1339154756279873536
1338862458245586944
1338211181937504512
1338096366623608832
1337733620895723520
1337732587385729024
1337431876445884416
1337430646214586368
1337141500656881664
1337138258736803840
1337009362406158336
1336724169854226432
1336598364381716480
1336597998437085184
1336596444111921152
1336596200582230016
1336399584206217216
1336399553495506944
1336399119984766976
1335976910124363776
1335976264201613312
1335975522896109568
1335975052614000640
1335974841728577536
1335974724808093696
1335663239129128960
1335662424939241472
1335239124522049536
1335238092052180992
1334579277279485952
1334579185772355584
1334359204904186112
1334359108489768960
1334359078366228480
1334070260631171072
1334070209611698176
1334069893730340864
1334069834657787904
1334069727493320704
1334069668223574016
1334069620567904512
1334069589739773952
1333384160392720384
1333383774881656832
1333383724084457472
1332805287376527360
1332298389241917440
1332298223461994496
1332297509423689728
1332297258692456448
1332297211196170240
1331698021235630080
1331604494891802624
1331604138468253696
1331604108923576320
1331604035586101248
1331603937460412416
1331250357419307008
1331136810592989184
1331134253548056576
1330991149394391040
1330990950135570432
1330990924277624832
1328971204993093632
1328442296220704768
1328344809204027392
1327513287450373888
1327513221813645312
1327513001222696960
1327315264724226048
1327314398659088384
1327258466453479424
1327113112768696320
1326980570770001920
1326948351481421824
1326898898485600512
1325511503315931136
1325352464590249984
1324442614221987840
1324411778693058560
1324410001734144000
1324407743634149376
1324347520668061696
1324003239285633024
1323989669357473792
1323983545728143360
1323563823396278272
1322947175131811840
1322945221865472000
1322944252381483008
1322842199504101376
1322841971824746496
1322646522425737216
1322624473904881664
1322624136695472128
1322623923939323904
1322140119512584192
1322131615951261696
1322131419636862976
1322131333158756352
1322131298786357248
1322130225925394432
1321916371979194368
1321904812703780864
1321791507498737664
1321789557365498112
1321768718276374528
1321515439311228928
1321418399646441472
1321418339672010752
1321417981780467712
1321417364198641664
1320410089132613632
1320409742993428480
1320409439720165376
1320409377627582464
1320333176385003520
1320244948596330496
1320244163611414528
1320243959243939840
1319735155418943488
1319675618477416448
1319675426491355136
1318764409263710208
1318762409151049728
1318762360266510336
1317872877815869440
1317871101045866496
1317557681570414592
1317556564274938112
1317556486252494848
1317554929612017664
1317554884363825152
1317554612417822720
1317554508042539008
1317554431651700736
1316146475840278528
1315708259366514688
1315707868486696960
1315510271604129792
1315508213429809152
1315371529841061888
1315371102122782720
1314965735832276992
1314965664377995264
1314965511374074112
1314964990403715072
1314427453603971072
1314423469866614784
1314066485959102464
1313878801160568832
1313878668331167488
1313878575087587328
1313878468157898752
1313533362024452096
1313529540300492800
1313495935306129408
1313495454353629184
1313495051935285248
1313494711726993408
1313494680915542016
1313202301591486464
1313192101467783168
1313191967757676288
1313189795443728384
1313189699633250304
1313189617898786816
1312865062739205888
1312828666951462912
1312491481085571072
1312107591267282944
1311715142783119360
1311714827035987968
1311347351647330304
1311008821070962688
1311008320329785088
1309841937852231680
1309226360901169152
1309222410487500800
1309023203000553472
1309023145349787648
1309022711671291904
1309021676873682944
1309021640706097152
1309021596200456192
1309021567716921088
1309021483772137472
1309019760080965632
1307964562436698112
1307963531044753408
1307025474854551552
1305631782105157632
1305631657920212992
1304872600057905152
1304542012973219840
1304541286058397696
1304541217980588032
1304478492093042688
1304121249615011840
1304113418677387264
1304113390768590848
1304113141647921152
1302830414898307072
1302682568630902784
1302604081320652800
1302603945119035392
1302603578381656064
1302602477586481152
1302602396233850880
1302579577844269056
1302579107138543616
1302579056479801088
1302342647642812416
1301970734806302720
1301622306490417152
1301622053309739008
1301618279933456384
1301261334764498944
1301255963547250688
1301255929153949696
1301255905288359936
1300014855253000192
1300013865988763648
1300013459313242112
1300013427390373888
1299927481663852288
1299743701808435200
1299743478293950464
1299743008435380224
1299742847609065472
1299742359152885760
1299041853715755008
1298710531671351296
1298710191416815616
1298353867575513088
1298353397700136960
1298353206167252992
1298352426450206720
1298351181367050240
1298037739456208896
1298035812874031104
1297850739553902592
1297850511442554880
1297586933644898304
1297586376662224896
1297586056997613568
1297585784086822912
1297585667241922560
1297585577043406848
1297585492230394112
1297582956454858752
1297582909642153984
1297145857008185088
1297145821616635904
1296587518712909824
1296183684563972096
1296183608269516800
1296182880998219776
1296182822504468480
1295220116288876288
1295217662818213888
1294919218304036864
1294918715247599616
1294880617088327680
1294880003256209408
1294879931143520512
1294879745256108032
1294879446047100928
1294600355322486784
1294533248073248768
1294532728893902848
1294530509725458432
1294529799596146688
1294529330735992832
1294528553476858112
1294470631346626560
1294272811888934912
1294272730574082048
1294095527739621376
1293791565773705216
1293755563525001216
1293755379030073088
1293750272045404160
1293384240873320448
1293384211093696512
1293269092401635328
1293269024688738304
1293267525719949312
1293267299235848192
1293076395162247168
1293056003718742016
1293055614663512064
1293055500985278464
1292705003619192832
1292704681391730688
1292704260711383040
1292702876440166400
1292564492446990336
1292560285463715840
1292537117416054784
1292354915407454208
1292354812592389888
1291806201689276416
1291488468330307584
1291448883583889408
1291293035091894272
1291292807764869120
1291292412573294592
1290906567840235520
1290838491753066496
1290838388766052352
1290838316296921088
1290838284038541312
1290837883704741888
1290196658454700032
1290187681037598720
1289231922619510784
1287987379605778432
1287139151041748992
1286721950916780032
1286721702022479872
1286721326351253504
1286721291635040512
1286721179668090880
1286721111003205632
1286720912067309568
1286720547515179008
1286720360906457088
1286720126448959488
1286719934459006976
1286406043942227968
1284945421849235712
1284944703176278016
1282902597096091648
1282038329278685184
1280592274666205184
1280592252784594944
1280182255365893888
1279461662215593984
1279006248663482368
1279005970212012032
1279005600601473024
1279005568015970304
1279005177534714112
1278971851696455680
1278971739079409664
1278971707118751488
1277711054726926336
1277463289648349184
1277463231620145152
1277463187315724288
1277199821020049408
1277189082884554752
1277188791841759232
1277188749630345216
1277187809745539072
1277179130145058816
1277121959852113920
1277121843250503680
1277121465897402368
1275648914264395776
1275648624165347328
1275648337644007424
1275648127882625024
1275647798667612160
1275535145601245184
1274446574022725632
1272148579705131008
1272148517335826432
1271168464984604672
1270579537622040576
1269592360616448000
1269592323341631488
1269422958616993792
1269170898013167616
1269170588951683072
1269170215876689920
1269169733770915840
1269169545048195072
1268228701541580800
1268227924571930624
1267903078747037696
1267899722381041664
1267899640634126336
1267897076018487296
1267896221995282432
1267891845763403776
1267891342451118080
1267891097734385664
1267889777069654016
1267889357450600448
1267888089105682432
1267886332052987904
1267884682458411008
1267884597943173120
1267763719251152896
1267763462068932608
1267763371388154112
1267520598936358912
1267520483718762496
1267520414739247104
1267520360301441024
1267461889216348160
1267372716086243328
1267006062051409920
1267005797550170112
1266115957296160768
1266115262702592000
1266114907008913408
1266114705837490176
1266114487515516928
1266113837159321600
1266113207887958016
1265976322406440960
1265389189463511040
1265387631195586560
1265386471353171968
1265383833324707840
1265383667632869376
1265383130829066240
1265382919914258432
1265382606222344192
1265380590175518720
1264995435942469632
1264994781865877504
1264994634863910912
1264677298139250688
1264676372540203008
1264676195700015104
1262397152770298112
1262397065172312064
1262167101348950016
1262166495024553984
1262166331362770944
1262165904789573632
1262165305062830080
1262165212041445376
1261725192486899712
1261724780383932416
1260558751670681600
1260558637572993024
1260558275512238080
1260558099066376192
1260557887543402496
1260557649160163328
1260556856696680448
1260555795369988096
1260555647801872384
1260555178622758912
1260554692779806720
1260552560336871424
1260550928110927872
1260549860320739328
1260549811146760192
1260549777504296960
1260549720986071040
1260549661607288832
1260549605495898112
1260203273849577472
1260202246228398080
1260201956792061952
1259861869839503360
1259859580345093888
1259075533557706752
1259075265734508288
1258545212965572608
1258465483344527360
1258464652763246592
1258464297249902592
1258100058827915264
1257805754914013184
1257805676207910912
1257803636836634624
1257803314567229440
1257802777973178368
1257802456962138112
1257439391938740224
1257438831239933952
1257438643070910464
1257438486627524608
1257054207070404608
1257053791372955648
1257044757001502720
1257044711031873536
1257043597255458816
1257043574593654784
1257043309169606912
1257043239988838400
1257042707605868288
1257042676245028864
1257042629407145984
1257042446481010688
1256914967770562560
1256858193952739328
1256856437248135168
1256853932846055424
1256655696097091584
1256655539070808064
1256386986098688000
1256336213390143488
1256335640511180800
1256335009155182592
1256334946433511424
1256264116773310464
1255992786031173632
1255992484548808704
1255991483041275904
1255990251543244800
1255990036841082880
1255989539530846208
1255989475865436160
1255812583057231872
1255812517479305216
1255812487292870912
1255812310158934016
1255605807242252288
1255605375610609664
1255604914673377280
1255604766773784576
1255603990357839872
1255603884308955136
1255603786556596224
1255603519912054784
1255602470467895296
1255601498144284672
1255601467840516096
1255601351486312448
1255600939840438272
1255600883150336000
1255600685686632448
1255600555566813184
1255600284979679232
1255600190016323584
1255490644036014080
1255477582776205312
1255293668262645760
1255293538721546240
1255293141952933888
1255292926776741888
1255071142735462400
1255071041648500736
1254919795440529408
1254919348310794240
1254919302567866368
1254892472779579392
1254892261453807616
1254891043377602560
1254890024283320320
1254889866195861504
1254889822348554240
1254889560724643840
1254886516461109248
1254780829001080832
1254763969522200576
1254763852878589952
1254698737194225664
1254698248163463168
1254586015131500288
1254585399370014720
1254585125834231808
1254584887572680704
1254584713907486720
1254584410529239040
1254583658473754624
1254583597232721920
1254582906942558208
1254577663462780928
1254577309610278912
1254430875971997696
1254430139699671040
1254429318551388160
1254427155129405440
1254425659847434240
1254425259572441088
1254424116809138176
1254421495113289728
1254420818899210240
1254420510529773568
1253817362685534208
1253816415829843968
1253663617947447296
1253397530693566464
1253302669546061824
1253300625531642112
1253300564005457920
1253300064589688832
1253299883018203136
1253129169900310528
1253072254809800704
1253069591284199424
1252971919483289600
1252892632424087552
1252891858734330112
1252891328867971072
1252891238795272192
1252886882423316480
1252737211172368384
1252430151058485248
1252428478709772288
1252426870970150912
1252426756549533696
1252376215861616640
1252138376767123712
1251919408890556416
1251919342146670592
1251727699132903424
1251535472876290048
1251496463907127296
1251430125918400512
1251293391524114432
1251290651251048448
1251290540450050048
1251290260232908800
1251289768614400000
1251107713066680320
1251107195678330880
1251104383741374464
1251073754488279040
1250922995574607872
1250920884942131200
1250917664941277184
1250886034939928576
1250739504111144960
1250738414841925632
1250475834831515648
1250475750442119168
1250475205497061376
1250473229828980736
1250472740437573632
1250349260962332672
1250066760943964160
1249757560112140288
1249693731877531648
1249693140849766400
1249692858552061952
1249692134778667008
1249689803492397056
1249689137759870976
1249688317370777600
1249688212454412288
1249683926404169728
1249683441706245888
1249680908732555264
1249680057376923648
1249679685530931200
1249425468572553216
1249422513819574272
1249016927676182528
1249015478816845824
1249014484204748800
1249013909840973824
1249013528968810496
1248910075579764736
1248582763680333824
1248582730511790080
1248265170159370240
1248265129021657088
1248265108037554176
1248238814440624128
1248152521522192384
1248152437665468416
1248151322588831488
1248148353835286528
1248121278130683904
1247737785106051072
1247734542128971776
1247734508691968000
1247734269276868608
1247734114435977216
1247553927320686592
1247534207716315136
1247445648791810048
1247116575506718720
1247114754214236160
1246909277782106112
1246855699239440384
1246778860902977536
1246777750037331968
1246777416099475712
1246180405964931072
1245818125028909056
1245817356884029440
1245817284989530112
1245778115961421824
1245203011791618048
1245199899907538944
1245199802008248320
1245072955895353088
1245072748361195520
1245072628412559360
1245072507415207936
1245071728751099904
1244724521560690688
1244724486479515648
1244724335878774784
1244724222502604800
1244724122451615488
1244579852218400768
1244478908772372480
1243896123103772672
1243895816424525824
1243895238931988480
1243630308374822912
1243630235469389824
1243630015151038464
1243629468033454080
1243629361095413760
1243629097584152576
1243629028050907136
1243628929707016192
1243628800233086976
1243628721384415232
1243628530749132800
1243627802735390720
1243627300928839680
1242905366712791040
1237442853363765248
1236877881118208000
1236595261855518720
1234153813713420288
1232387957958508288
1232387861363687424
1232020107498590208
1231789773183967232
1231420181039190016
1345449563902111488
1345404513595912192
1345403911872671488
1342386526425149440
1337455951377469440
1333840502882439168
1331701845585223680
1329798106519580672
1329158655988690944
1328947388334153728
1328067865598160896
1328030760998146048
1328030688680046592
1328029907146977280
1327717595626303488
1327716132879560704
1327701967678951424
1327701475993260032
1327614851892600832
1327299536633651200
1327299086526144512
1327299052732637184
1327008836239175680
1326602508354121728
1326573216878489600
1326496787159511040
1326238859433283584
1326211449086238720
1325861844871941888
1325860410772369408
1325859553649549312
1325859490097455104
1325546698186371072
1325497186088579072
1325492699764568064
1325468532033925120
1325408435186380800
1325378952517591040
1325378430402240512
1325364133269803008
1325363508570169088
1325347685868695552
1325345703439327232
1325344888284721152
1325055070023593984
1324715915464814592
1324700787528900608
1324089114820562944
1323357942977015808
1323326077968801792
1323325702150725632
1323309468491407360
1323193220772319232
1323157233673342976
1323149945373925376
1322949948082688000
1322902600572932096
1322899206143660032
1322899154813800448
1322887099461345280
1322637402100375552
1322636367730561024
1322635913189593088
1322626499686633472
1322160203945705472
1322130724405809152
1322092961610506240
1322092510634717184
1322091970584608768
1322068844198940672
1322068799437361152
1322068307332268032
1322068280622853888
1321877161939271680
1321876200105672704
1321875142088232960
1321857545225539584
1321722156473032704
1321706179635105792
1321704504543354880
1321704068503490560
1321703911779172352
1321699188686675968
1321697958413377536
1321697447358464000
1321697270564347904
1321697050157895680
1321538514970955776
1321538343193186304
1321537984051716096
1321520384848596992
1321520201318473728
1321519723541078016
1321510657372676096
1321393601243480064
1321339740445167616
1321186836279185408
1321183126207561728
1321179865694015488
1321162123293134848
1321145564608798720
1321008346225385472
1320972238615662592
1320970583832776704
1320818926431994112
1320818631199129600
1320801486612344832
1320794708239699968
1320790968346513408
1320778942643621888
1320632835858989056
1320632673216462848
1320632272165441536
1320628457907363840
1320465494680444928
1320460979692539904
1320452966940377088
1320439553245745152
1320420442709086208
1320400158719430912
1320398228190384128
1320372583230038016
1320317012191608832
1320316964653486080
1320315441223507968
1320107995011948288
1320107004480884736
1320049164093427712
1320049018186178560
1320048907309690880
1319951387623645184
1319951298402320384
1319906591618048000
1319905816032514048
1319905762995560448
1319734998052855808
1319734609651916800
1319729979761057792
1319729764110925824
1319667827524206592
1319535669618876416
1319523998032691200
1319377496756916224
1319366454991638528
1319313270260584448
1319012353556598784
1319011743541137408
1319010832634810368
1319010743258329088
1319005406161719296
1318997544110882816
1318997350350753792
1318997256473894912
1318960850749763584
1318908585976410112
1318907199767412736
1318811592226709504
1318810070243811328
1318805900417748992
1318803366114480128
1318653077847769088
1318650269891219712
1318633904606240768
1318590204979138560
1318534297414938624
1318533166957760512
1318445137501016064
1318441388523032576
1318438409032114176
1318276982791176192
1318264750388764672
1318264325920968704
1318264047498821632
1318255361212747776
1318252463313555712
1318248744639451136
1318248611562594304
1318247989484396288
1318236846263095296
1318233678590431232
1318226663063363584
1318223314221998080
1318219269591748608
1318190288784052224
1318175982851948288
1318095980202545152
1318082166186778624
1318081561707880448
1318074584260890624
1318073884462153728
1318068079235137536
1317936037847588864
1317933836114812928
1317931220953669632
1317930449247887360
1317929669451284480
1317928335700299776
1317917788225285888
1317915541672202240
1317879517365547008
1317875247601811712
1317874126007185408
1317872962201133056
1317870086720552960
1317859388825194496
1317851959496482816
1317826631751340032
1317582095238180864
1317573735000559616
1317571748162842624
1317570953598074880
1317570596029517824
1317565732096561152
1317564607679127552
1317564441991520512
1317563940633796608
1317561373367422976
1317560974224855040
1317560567339667712
1317554080345186304
1317553990343774208
1317528218665144320
1317523458763427840
1317523416547811328
1317523317763485696
1317522142209232896
1317474506286432512
1317474147442843648
1317443876207136768
1317443336240877568
1317349560725983232
1317349169141514240
1317348542281908224
1317099148580130816
1317084673277919232
1316988577180504064
1316838176414203904
1316819781245448192
1316794868098904064
1316790320005341184
1316790275809914880
1316784924284850176
1316772151198875648
1316768792429694976
1316765605945638912
1316761628831088640
1316759614235475968
1316733797577129984
1316733286933319680
1316731832524828672
1316729306341572608
1316712479699992576
1316700338188156928
1316697079461433088
1316694344754233088
1316633788957569024
1316633446756814848
1316632623016534016
1316631099372638208
1316629955682488320
1316628286148153088
1316627738913124352
1316626037753679872
1316623710980313088
1316437921151569920
1316437521480527872
1316431874873594112
1316428609498812416
1316427229149224960
1316398564290039808
1316395137447202816
1316394842465984512
1316394186128715776
1316377539032633088
1316371047227232512
1316353670024486912
1316288773341282304
1316288376778129408
1316272023522467840
1316264365075632128
1316255400308756480
1316249172337721088
1316114385002213376
1316112921903104000
1316107773919330304
1316101223519526912
1316100901665476608
1316091803985154048
1316090249425096704
1316088063282606080
1316087495306678272
1316067746640166912
1316065453849169920
1315941555048525824
1315916580547702784
1315900066381672448
1315899139662770176
1315745557672013824
1315737034976264192
1315734150972936192
1315732736456486912
1315727013857112064
1315725931252772864
1315725802173071360
1315724216227028992
1315723931215630336
1315723819034738688
1315723616370257920
1315719145011531776
1315711974269956096
1315705950188253184
1315703795473669888
1315700026061082624
1315664844436144128
1315577308217069568
1315562254641909760
1315561251196596224
1315542462325297152
1315539559783038976
1315532041803501568
1315531723208372224
1315508731111710720
1315387835650920448
1315382099696812032
1315378020769837056
1315377541239263232
1315369913914187776
1315369714265329664
1315357438992883712
1315337748430159872
1315321598711418880
1315321356905521152
1315321018324529152
1315309802680193024
1315308890846887936
1315304655241519104
1315300679162961920
1315298239780917248
1315294829048410112
1315294374784311296
1315293995250188288
1315287346150076416
1315287017983537152
1315272829118676992
1315272751620468736
1315263778716606464
1315262490184486912
1315262078232539136
1315261689298903040
1315261206438072320
1315261049877213184
1315260960198873088
1315260761925656576
1315257383761981440
1315257228396564480
1315254821834944512
1315253461437616128
1315253264838021120
1315244609568731136
1315244354722844672
1315243001485156352
1315242754625208320
1315236847082037248
1315235773591945216
1315220947562045440
1315220901001134080
1315219853658202112
1315219311548600320
1315199311316123648
1315196692396994560
1315195038872342528
1315192973102133248
1315024073622249472
1315016370816528384
1315009777328685056
1314995199102324736
1314990101026549760
1314989898970148864
1314985348972392448
1314984432684732416
1314984403387457536
1314981193088217088
1314981028327546880
1314975058192986112
1314970692211875840
1314970227600494592
1314969336210231296
1314968566161190912
1314967247006375936
1314964318333657088
1314962948507537408
1314934182880120832
1314836781414707200
1314836565080837888
1314827525227524096
1314826245272743936
1314818302531772416
1314817708240834560
1314817385245946112
1314816644770861056
1314814478488350720
1314785122449842176
1314668116228669440
1314667960599011328
1314667838226026496
1314667804856025088
1314667755292028928
1314638005823512576
1314637798792744960
1314605247420157952
1314605215165935616
1314604504386592768
1314604453916442624
1314586992915763200
1314578112315904000
1314460006457237504
1314450559030693888
1314289263643701248
1314282572847996928
1314278626997698560
1314278053518995712
1314274775343214592
1314271381253746688
1314270763306844160
1314268961228427264
1314268672274374912
1314268341742247936
1314267569076002816
1314245363105230848
1314239371021873152
1314239205485219840
1314238300459335680
1314231450007470080
1314230681338286080
1314216615622455296
1314213849709441024
1314213206634582016
1314212740198661888
1314209917973131264
1314202891800903680
1314202792731402240
1313943017716359168
1313938960675209216
1313703935719473152
1313583072651116288
1313581928369532928
1313578005499969536
1313577834644934912
1313577273891659776
1313566035958784000
1313564862761627648
1313564795346583552
1313553133273059328
1313544644576374784
1313533426545446912
1313512859591213056
1313498360117186560
1313377595677962240
1313376133942071296
1313358261933010944
1313357259217539072
1313209857525387264
1313209663161331712
1313205974417715200
1313185388551438336
1313140223363166208
1313138033806520320
1313137780613099520
1313137740301692928
1313137375355207680
1313127685879627776
1313123341033779200
1313052970129518592
1313015774987067392
1312863453040783360
1312861115244830720
1312844179073105920
1312844050404442112
1312839660289380352
1312839576235446272
1312833183407251712
1312831335627730944
1312829733797867520
1312811370191224832
1312810896784338944
1312801870809894912
1312785350339842048
1312785122278756352
1312784167768412160
1312783713831399424
1312783667262038016
1312745719179214848
1312734238379331584
1312733731447353088
1312729758472511488
1312701630006128640
1312700630247649280
1312699677758889984
1312472493710475264
1312468503245455360
1312467067111567360
1312466919048442112
1312450144869125888
1312450031446683648
1312372790687916032
1312372604641202176
1312370745482383360
1312370320435707904
1312369723842138112
1312368969517588480
1312367874330296320
1312345549396496384
1312140997812350976
1312140244603428864
1312140208758956032
1312100918444269568
1312087573402091520
1312086652769251328
1312086204607852288
1312083692848918528
1312061404304879616
1312061336801681408
1311979766413701120
1311916360415482112
1311766272418426880
1311751965425238016
1311733312969477888
1311732745182285824
1311724031415144448
1311717361343500288
1311717323674456064
1311716788644843520
1311716726103568384
1311716270480543488
1311549159917355008
1311548905327296512
1311403899601944576
1311403371052642304
1311386944555884288
1311385246059892736
1311349681490976768
1311349627296395264
1311349528906342400
1311327899946045440
1311249966254510080
1311240096788733952
1311239808241618944
1311239645708066816
1311239575629692928
1311219314989494272
1311206068840796160
1311195235578507264
1311190806171181056
1311189589130973184
1311032059654217728
1311030753514450944
1311025654637506560
1311018346675146752
1311018285870317568
1311017742074609664
1311017683824054272
1311009481141125120
1311008444200218624
1311007181102297088
1311005704245981184
1311005364645769216
1310956771327045632
1310955944122232832
1310955883233501184
1310920976150994944
1310918854718230528
1310911207294087168
1310840899686076416
1310839957871890432
1310647495278682112
1310636706379501568
1310628730054889472
1310612423083258112
1310562929029378048
1310527514406682624
1310482588306493440
1310481749231783936
1310480682498633728
1310324401280299008
1310323681445457920
1310323105986945024
1310322387334901760
1310301252220317696
1310296990647975936
1310283873255858176
1310283821280038912
1310283722772676608
1310283487040204800
1310273033152716800
1310272961899909120
1310272627139907584
1310272561389998080
1310266877822799872
1310229947190050816
1310199331820101632
1310174764028375040
1310174356534943488
1310172184069976064
1310158106375139328
1309975432754757632
1309973391949156352
1309972571308392448
1309969809170403328
1309942617912872960
1309940929495805952
1309935534983335936
1309934518967599104
1309934091312209920
1309933628604940288
1309923106979536896
1309923037576343552
1309922951832231936
1309917344714698752
1309885627517874176
1309883279571587072
1309879268151787520
1309859850852143104
1309858823033810944
1309787558293929984
1309784536591618048
1309784516119203840
1309783938056040448
1309736549668585472
1309736458090098688
1309576046371573760
1309575997428314112
1309575709178900480
1309575538483359488
1309571529324335104
1309570751549317120
1309544167559901184
1309496858314760192
1309416262288773120
1309416104205352960
1309414734031134720
1309414414517506048
1309413295716216832
1309392292428603392
1309379031284973568
1309245733804019712
1309245693589098496
1309212161902891008
1309177894657290240
1309173593255931904
1309170516952076288
1309160469299630080
1309159866250993664
1309156518458261504
1309123656807837696
1309100040674324480
1309064326746198016
1309064080058187776
1309057741932105728
1309057526961405952
1309025881093017600
1309025051677687808
1309013849094394112
1309012821083131904
1308881841055821824
1308878636880138240
1308867920861294592
1308867886769999872
1308859415047659520
1308817774660198400
1308817037662318592
1308660411949088768
1308658602735960064
1308657714122371072
1308519463529127936
1308503608783187968
1308499114884247552
1308477865952980992
1308472885556785152
1308471237560143872
1308419707138199552
1308418588257193984
1308413229891235840
1308406089973747712
1308323674508931072
1308303310307258368
1308302859948056576
1308294567360258048
1308157143816830976
1308145849483042816
1308138712329527296
1308117339460829184
1308117284272119808
1308065919483162624
1308055058135887872
1307986823310913536
1307968010540453888
1307960744105967616
1307958959941267712
1307948290164559872
1307939923618562048
1307939185333067776
1307937870167109632
1307786550537867264
1307781735200043008
1307778944272347136
1307764265718341632
1307761009885671424
1307760605361827840
1307730682345598976
1307711217524408320
1307637371266048000
1307632882010271488
1307632811210412032
1307617737032822784
1307440120803610624
1307439651486142464
1307419807571210240
1307412377365893120
1307411359320223488
1307410926837080064
1307410260144140288
1307409671607779328
1307402116823158784
1307381115074867200
1307381075921043712
1307380560952791040
1307380401921568768
1307374175800233984
1307374024746586112
1307373423811796992
1307354361316737024
1307354311945527296
1307333104563097600
1307330540702437376
1307299816045776896
1307297147126247424
1307296629893091328
1307294598990049280
1307251895669608448
1307246767105363968
1307244886824022016
1307243588208730112
1307240763609227264
1307046558865780736
1307023110886100992
1306980477811806208
1306980332651130880
1306957409118760960
1306957132646973440
1306870867058741248
1306869282102489088
1306710681803272192
1306707581314961408
1306707134088871936
1306706700649586688
1306695317774102528
1306687496831541248
1306687468553543680
1306687024431271936
1306681686701338624
1306679932987244288
1306679852418899968
1306679302252044288
1306671958055104512
1306671909736796160
1306671384421117952
1306666614805401600
1306665871629312000
1306627744164442112
1306503572889178112
1306491485618139136
1306490861472153600
1306481705021247488
1306478044023009280
1306476556026621952
1306334306764312576
1306333101681971200
1306323754579111936
1306212488720133888
1306182530035519488
1306161177525878784
1306155721072017408
1306124025496842240
1305975330478399488
1305964094818865152
1305961880620539904
1305959609757306880
1305956177050767360
1305939789779275776
1305937605104672768
1305937435830947840
1305904938816540672
1305904786890522624
1305880050181517312
1305872618545917952
1305845196085776384
1305837441367105536
1305828210647674880
1305774595950219264
1305609598406209536
1305594938529386496
1305594189850333184
1305592521536548864
1305583118024310784
1305565885738946560
1305563708966526976
1305554036230365184
1305553935592239104
1305531613644816384
1305531325277974528
1305529738501525504
1305522785209516032
1305519899968704512
1305519811737333760
1305518722258436096
1305518467823685632
1305517683090300928
1305515415142117376
1305504623139131392
1305479393553326080
1305475512849117184
1305473774767288320
1305473531417894912
1305472517738565632
1305467620334936064
1305422178049982464
1305408841325125632
1305399974046334976
1305254401477574912
1305245059307245568
1305229923511078912
1305229496027672576
1305221652544925696
1305220862543618048
1305209855674851328
1305185438039244800
1305184816527298560
1305184119006035968
1305183962474704896
1305182310518714368
1305182270354010112
1305182177483784192
1305182121821175808
1304891344410812416
1304887325504217088
1304884992884043776
1304884905579622400
1304884798163476480
1304881849240608768
1304880002748624896
1304879246427463680
1304853573486993408
1304853522186469376
1304851766702469120
1304850463414681600
1304837415920693248
1304837034733981696
1304826235089018880
1304814314218491904
1304799409511837696
1304795514555248640
1304767653312163840
1304765799631138816
1304765431417364480
1304761752131973120
1304760417600839680
1304755462013890560
1304754996450414592
1304754233485529088
1304753828529610752
1304752977626923008
1304746996406915072
1304746546794201088
1304746036481712128
1304743711574720512
1304743595468099584
1304736411564805888
1304735165504159488
1304671105127415808
1304669741479530496
1304668212529967104
1304535041142329088
1304520512681521152
1304512045656805376
1304511355697889280
1304511162718081024
1304477639265193984
1304477529542217728
1304477493961920512
1304477409031356416
1304477310490419200
1304443330001088512
1304443084701302784
1304425570621681664
1304321056384126976
1304320641240268800
1304320080793174016
1304303745396809728
1304153560050008064
1304153401236881408
1304149750917328896
1304148864320954368
1304135240311607296
1304133063438409728
1304128913174679552
1304117793898590208
1304069620945629184
1304068651025346560
1304063351681671168
1304060526444544000
1304039762588848128
1304039664903483392
1304037623955107840
1304037573120143360
1304031744178434048
1303992487955050496
1303991756686581760
1303961709594513408
1303951386636439552
1303934858356494336
1303809887730839552
1303798354166648832
1303797480111431680
1303789317064732672
1303788833784442880
1303785559643639808
1303785397772783616
1303785217732366336
1303782322244923392
1303758162697347072
1303757574458744832
1303744566785445888
1303743838423601152
1303703010590289920
1303702538710061056
1303692598842974208
1303688439292928000
1303686879972339712
1303686331818815488
1303610503986663424
1303601132846157824
1303599906540707840
1303599309246607360
1303598684567990272
1303585162224119808
1303582217294229504
1303581021254885376
1303417211701399552
1303410834199187712
1303408903829549056
1303399709302816768
1303399655288573952
1303384205544521728
1303381051356721152
1303381016367824896
1303369866414616576
1303369590274228224
1303352483021029376
1303275840285933568
1303261576502423552
1303251082605400064
1303250793957597184
1303244626434945024
1303239918811000832
1303233481154191360
1303231529003429888
1303229130914365440
1303228773672910848
1303228215335489536
1303227240176652288
1303226392512016384
1303214394374074368
1303083917193469952
1303083403089149952
1303069299666497536
1303058341913128960
1303042351217152000
1303041433880924160
1303037551327023104
1303035277150220288
1303027525371789312
1303017621265227776
1303006479348387840
1303006004469272576
1302977373961441280
1302914631523020800
1302914589068275712
1302859449078607872
1302698875027968000
1302697547228741632
1302697483903041536
1302696006635728896
1302695160061595648
1302688974331412480
1302684028525572096
1302683373920374784
1302682231710912512
1302681208464330752
1302677960303013888
1302676910930104320
1302675909363879936
1302663682678231040
1302663601560395776
1302663549425254400
1302634312152555520
1302631110992711680
1302586682030657536
1302586285106880512
1302541867784036352
1302541808761790464
1302510160594833408
1302360593379270912
1302359758222041088
1302330139989233664
1302323470190215168
1302318231227596800
1302307246953705472
1302306761744015360
1302303601465925632
1302302943966900224
1302302416352796672
1302282190454239232
1302261656047808512
1302245266104504320
1302241939803246592
1302240932771893248
1302221092115959808
1302220502677811200
1302219782310293504
1302218497393651712
1302216549038780416
1302200352553435136
1302200118796582912
1302196932346028032
1302195197179301888
1301984075872432128
1301984022894186496
1301949013265207296
1301945562078556160
1301944107993096192
1301944042155106304
1301877144327458816
1301819411247108096
1301771594495414272
1301624533078728704
1301571819837812736
1301532816241496064
1301409331909472512
1301400913073012736
1301203205951565824
1301202215344930816
1301198337178251264
1301196076507070464
1301185162789748736
1301184678116888576
1301179259956989952
1301177779103453184
1301177525255766016
1301075673621168128
1301063639118548992
1301055199918915584
1301054259002314752
1301043319489925120
1301043173976834048
1300909869076303872
1300908620205486080
1300901737163894784
1300901578778517504
1300899632046899200
1300897997149138944
1300894618196869120
1300887926272909312
1300887159898071040
1300866567660548096
1300866279709069312
1300863780512059392
1300839544800018432
1300831094216982528
1300828515357597696
1300808022017675264
1300782756377624576
1300779231270637568
1300779033261735936
1300771889158160384
1300752307613769728
1300737573715873792
1300737328948957184
1300733299258789888
1300733167515639808
1300732441922019328
1300732417133760512
1300707009122258944
1300681689413419008
1300681021625696512
1300548222855901184
1300535109779685376
1300529667531632640
1300529564238704640
1300529490637058048
1300522806569046016
1300522632635387904
1300521590661226496
1300521090075299840
1300518046902226944
1300516406371463168
1300515897409445888
1300514666532278272
1300513149213384704
1300498357069193216
1300497707874869248
1300481673021272064
1300480217123827712
1300474580964958208
1300451537395822592
1300449884110290944
1300448181415796736
1300434606206976000
1300419298993856512
1300419110619226112
1300418419704164352
1300351424975560704
1300336103535321088
1300334215192555520
1300318198735216640
1300314362863902720
1300314115215364096
1300313908180377600
1300312505038901248
1300311024093081600
1300310825392050176
1300162115630780416
1300161059140050944
1300160851517812736
1300151150562377728
1300148889790697472
1300148741664649216
1300146260519923712
1300139643804024832
1300138968411967488
1300137684590092288
1300133405741506560
1300133230461542400
1300126369674821632
1300125899682131968
1300122373337817088
1300119772735123712
1300119380232155136
1300117493223227392
1300115652016050176
1300110969071374336
1300110068155846912
1300083170818301952
1300082300470857728
1300081684466016512
1300080716898799616
1300057841122893824
1300014194075598848
1300014185749852160
1300014180787986432
1300004881688858624
1300004352027955200
1299999011340980224
1299993176460210176
1299992807701188608
1299990145190555648
1299984320707338240
1299809093851414528
1299808930852491264
1299808629500059648
1299807981543006208
1299807943899205632
1299804406318333952
1299803070398857216
1299800943039582208
1299800687442878464
1299800289021747200
1299782500961705984
1299779909993353216
1299768437925912576
1299754891313901568
1299754820820238336
1299718504984256512
1299717954251239424
1299697834816679936
1299679526734225408
1299679371419058176
1299678548060516352
1299670121573765120
1299644114670157824
1299644029123035136
1299642885088960512
1299635474211000320
1299609452811780096
1299462669272076288
1299449572981444608
1299449335076261888
1299447879480868864
1299447004129566720
1299446595637981184
1299392246387748864
1299387996442185728
1299328553285279488
1299261421457469440
1299244909229150208
1299231922837688320
1299226313077686272
1299063072028491776
1299060160455995392
1299024664233234432
1298991816620904448
1298984825718575104
1298983917018468352
1298977686627348480
1298897217546313728
1298890499605004288
1298726140425711616
1298718512018419712
1298715573522587648
1298703528999956480
1298697813191204864
1298654184447844352
1298651401795579904
1298497458759245824
1298342750115553280
1298306778275483648
1298306720603803648
1298306273943986176
1298282625002504192
1298200842667991040
1298167144996380672
1298167118920323072
1298166253731950592
1298153438098919424
1298150830869291008
1298010521623506944
1298009552080773120
1298009183137210368
1297997001448132608
1297968477832085504
1297964030330572800
1297962561464393728
1297952488776241152
1297952211939594240
1297916864400699392
1297895688509042688
1297820831108694016
1297820701760552960
1297818689102917632
1297817567592161280
1297815385610301440
1297797608614879232
1297791172660920320
1297790582656585728
1297786278428188672
1297785856674193408
1297784430581420032
1297780080190660608
1297778650830569472
1297643441430634496
1297616402615074816
1297597026306338816
1297594783356071936
1297593487458742272
1297591937294376960
1297591308631121920
1297580834203947008
1297580163807490048
1297577234262372352
1297573502292287488
1297572926535930112
1297558849638080512
1297558599351308288
1297550012155666432
1297549168026816512
1297548298472087552
1297497045830336512
1297496067722883072
1297487059716907008
1297484832742805504
1297483603924914176
1297468081359527936
1297466512052191232
1297466333316239360
1297457906883932160
1297275385491656704
1297262130014695424
1297261445890146304
1297260926144598016
1297259562857312512
1297256516425338880
1297251242016739328
1297248955647037440
1297226792663748608
1297226526925168640
1297226294502055936
1297222105763844096
1297221312063184896
1297158188685459712
1297158019994783488
1297157633783234560
1297153500087025664
1297151800391409664
1297140269859643392
1297129327168020480
1297126203900530688
1297124484521099264
1297124323635929088
1297112968749096960
1297092620141953024
1297092411835981824
1297091759101665280
1297091178718990336
1297082647819300864
1297066377833054208
1297066088707100672
1297065686150402048
1297065235635896320
1297064478828302336
1297056440004357888
1296896535536504832
1296887947602599936
1296811063556677632
1296787353537851392
1296774682453082112
1296773916698935296
1296725288911540224
1296719350888566784
1296524738626551808
1296340359883239424
1296325610613211136
1296317717260247040
1296316041660956672
1296159494280552448
1296153661568163840
1296153224311902208
1296132864275369984
1296129853507469312
1296129585579536384
1296127275574931712
1296110073379467264
1296108223322304512
1296107772614975488
1296107406238326784
1296101681864806400
1296097984808181760
1296097740338995200
1296097337991979008
1296097073381740288
1296005473012011008
1296005001068908288
1296004255556481024
1296001616156467200
1295964533878644736
1295963852190949376
1295813443971317760
1295812984984473600
1295811786252455936
1295809516500639488
1295808796028174336
1295805093372137472
1295804200606203904
1295803765233197056
1295803006194266112
1295796585578860288
1295794879998627840
1295784906312814592
1295783262804226048
1295781738464129024
1295781240591855616
1295780428067082240
1295753241809092608
1295744457581768704
1295738639675162624
1295692588947824640
1295682745025417216
1295619551800033280
1295605639599841280
1295600536624992512
1295599634199588864
1295445112940568576
1295440624880103424
1295427085444448512
1295400770561626112
1295343541015711488
1295087033325703168
1295086292699615232
1295085798073798912
1295084010360774912
1295052546487332864
1295035780663054336
1295034647815032832
1295033905314136064
1294966467071553536
1294890610739032064
1294873199973404672
1294724050229645312
1294722971622350848
1294718841218633728
1294715417890631680
1294711141235666944
1294709967249903616
1294708154375311360
1294699728286998528
1294698478027841536
1294697720234549248
1294653347308371968
1294352879814348800
1294343176694636288
1294327542795644928
1294326608728399872
1294326573231939584
1294324867505049600
1294247931256733696
1294247765158039552
1294246774257987584
1294242819020857088
1294241011653386240
1294233087602315264
1294232702728704000
1294187708718481408
1294187156785844224
1294183641774534912
1294178847672414208
1294171014956490752
1294170808873619712
1294170060571934720
1294157710825594880
1294157130996621312
1294000631091429376
1293993219827564288
1293985919402467328
1293984641230295040
1293948142946332672
1293947483110944768
1293935700132454400
1293930694561996800
1293828281586917376
1293819921022046208
1293811828049444864
1293798449440272384
1293797468002496512
1293796349675220992
1293645658558287872
1293644251302105088
1293628668229681152
1293628361567350784
1293626429331181568
1293626049260146688
1293625105994649600
1293623624633651200
1293622829397803008
1293622718513008640
1293621723716374528
1293612694696845312
1293612604821307392
1293612069967847424
1293601506047000576
1293600737751162880
1293563434630557696
1293555754373349376
1293555703878123520
1293549599723061248
1293548945902313472
1293543541629755392
1293541209961639936
1293536081145667584
1293535669269278720
1293533600445534208
1293532968632410112
1293531323970326528
1293519844810338304
1293519675620556800
1293519434536099840
1293517428161478912
1293517354454978560
1293514643412078592
1293509835951091712
1293509534296739840
1293492785526509568
1293492195123699712
1293491473288171520
1293462844000829440
1293449782942412800
1293441278701690880
1293436624857169920
1293436300004130816
1293435039846404096
1293421551518461952
1293269494958362624
1293266791628709888
1293266060452532224
1293260213697617920
1293230573507543040
1293229711045402624
1293226733420851200
1293221104677527552
1293197825501790208
1293197470994857984
1293196538534146048
1293195401290448896
1293118043799916288
1293117309142413312
1293112252581793792
1293110008889180160
1293109780647685888
1293108481239789568
1293107428419149824
1293105855190138880
1293099833067278336
1293097887023468288
1293095521402400768
1293093208675753984
1293092682827550720
1293091615108726784
1293091175369453568
1293077831136817152
1293076972109737984
1293075970442829824
1293074866581712896
1293072916435939328
1293071777405566976
1293070182278148096
1292946431054053376
1292944506602627072
1292943553300226048
1292943516889493504
1292942028309966848
1292941661526425600
1292941218033340416
1292927957049188352
1292925581944926208
1292925192688349184
1292914747730530304
1292883852239740928
1292882980818563072
1292880928067518464
1292873252877094912
1292872379090296832
1292871011290030080
1292870285813743616
1292869101556305920
1292867595352276992
1292867231672655872
1292856202448314368
1292855032543621120
1292837528404471808
1292837027659026432
1292836658728054784
1292835875756400640
1292835226364903424
1292821233537560576
1292820944852066304
1292820355401351168
1292819323828961280
1292819005305225216
1292818564811030528
1292813935402459136
1292813377157373952
1292813191928581888
1292812698816741376
1292812405165236224
1292812268393181184
1292811803072897024
1292784685374943232
1292772490817802240
1292741500770693120
1292737734545747968
1292737315488628736
1292736507460149248
1292736446940446720
1292734880900689920
1292734611135647488
1292733650728030208
1292732956788895488
1292722112684335104
1292572258880364288
1292571496469139712
1292571133196283904
1292567022048612352
1292566909272162304
1292565175132925952
1292564172643995648
1292559013796773888
1292556674004287488
1292554089444900864
1292541358041899008
1292538877601812480
1292538854617026560
1292536962633662464
1292535623077834752
1292528360682401792
1292527488917176320
1292509461878394880
1292508987452162048
1292499435625361408
1292484692017643520
1292475162600800512
1292440392395358208
1292439667875500032
1292420451751395328
1292391510474924032
1292388509274312704
1292387292145946624
1292375864303386624
1292217624781377536
1292214949536772096
1292214464457117696
1292213748246163712
1292213317096939520
1292211943260991488
1292190117751410688
1292184189333385216
1292182869943689216
1292179880734531584
1292169019341053952
1292142639177961472
1292132361388335104
1292131239907012608
1292129920492150784
1292129737112989696
1292127478820024320
1292123885874356224
1292122876305383424
1292122805736177664
1292108529084649472
1292105542371094528
1292104701459210240
1292104640910303232
1292104484827668480
1292100063464960000
1292099252907376640
1292088174722854912
1292087069830000640
1292085243843874816
1292072836727812096
1292026556924203008
1292026102819491840
1291993063892582400
1291981272240336896
1291837157682941952
1291836502264160512
1291835970665553920
1291829323276705792
1291822409163603968
1291812076344823808
1291809847848177664
1291794417750355968
1291793698204922112
1291792045456142336
1291785411858178048
1291729953575309312
1291729922067697664
1291729824420159488
1291729771550904320
1291726355500064768
1291718848631185408
1291716860459835392
1291714956698820608
1291494453027504128
1291493732240568320
1291492069505224704
1291489046263463936
1291486380200263680
1291472479152676864
1291465622740705280
1291458227784294400
1291433268596875264
1291432052550705152
1291393922380570624
1291392226963140608
1291390106226614272
1291389190291296512
1291378648554115072
1291377786318401536
1291372096321392640
1291371445231263488
1291314978285330432
1291277746564366336
1291276760961748992
1291275719453138944
1291265041942089728
1291263246444507136
1291127425993248768
1291126585257533440
1291125651425177600
1291124725620580352
1291104507234066432
1291103741878337536
1291101941540491264
1291097771567534080
1291095537538797568
1291091688824479488
1291089393688739840
1291067173289504768
1291056773839953920
1291041494858702848
1291040692165279488
1291018338425098240
1291013468108263424
1291009015267430400
1290990507343085568
1290987594118045696
1290952903562330112
1290950753297879040
1290949489000407040
1290947602410868736
1290947073567797248
1290918646815043584
1290913863580475392
1290911998562238464
1290769571583078400
1290769206842195968
1290764008262426624
1290761613855916032
1290675947457384448
1290675269783687168
1290674691917656064
1290637174803750912
1290636510904176640
1290633671263817728
1290628793439313920
1290620772709478400
1290587893694714112
1290574049710612480
1290533074028068864
1290521194035392512
1290513935444193280
1290513569981710336
1290400093510737920
1290397696566665216
1290385252972662784
1290381724766089216
1290301920712638464
1290216931576778752
1290043153332842496
1290035353135521792
1290033796100710400
1290033109656670208
1290026894067302400
1290012696704778240
1290011959471923200
1290011136880852992
1290005195447926784
1290004528415219712
1289998926129573888
1289998015055269888
1289945268897505280
1289877462386524160
1289872893157883904
1289872728556593152
1289836281329938432
1289829220487581696
1289825102595411968
1289824976581713920
1289660798134915072
1289660009564065792
1289659002427543552
1289620670322577408
1289619264366768128
1289602040981647360
1289532145296273408
1289298146682699776
1289297225508483072
1289295236234018816
1289294073044467712
1289293740255744000
1289273347340083200
1289272950839902208
1289172529790115840
1289133903316496384
1289114332782047232
1288936181380648960
1288935239356764160
1288934466577203200
1288934338923552768
1288885277759606784
1288885260826992640
1288872920966627328
1288868808644603904
1288868551139430400
1288838977299066880
1288827378161143808
1288772309415866368
1288771830782861312
1288757613887475712
1288756706923642880
1288752105373814784
1288575451510853632
1288570361194393600
1288559093737807872
1288552300152315904
1288549014221316096
1288547234410364928
1288546264905396224
1288544831443210240
1288544529679884288
1288544325006229504
1288544002384498688
1288543937129480192
1288470303593693184
1288469098129760512
1288464193696473088
1288462501726781440
1288394225026060288
1288391805973811200
1288390959252869120
1288385548902707200
1288372958784892928
1288372794175226112
1288362425457299712
1288360798356741888
1288208317433753600
1288189146851430400
1288184107503988736
1288151488213262336
1288116197863563264
1288107744872894464
1288096903230611712
1288094200756568064
1288066238158168064
1288041094001958912
1288040184983035904
1288024262285185024
1287862175583830016
1287858612392665088
1287857759535407104
1287856332347932672
1287855802750033920
1287838826577235968
1287832244103544832
1287831841114914816
1287818463994613760
1287767025356607488
1287765363338469376
1287760789718409216
1287696741974843392
1287695794930421760
1287690683319451648
1287661729128775680
1287658975010476032
1287658377032675328
1287658015764746240
1287654567933616128
1287649940982964224
1287640323490013184
1287635420684181504
1287633255806783488
1287632375862657024
1287357533036916736
1287350464938418176
1287348584539729920
1287348100596670464
1287345691933708288
1287344067341320192
1287343837107687424
1287328365742039040
1287313330923855872
1287312586531364864
1287303372652122112
1287301462134010112
1287121722605555712
1287117358113456128
1287117230090727424
1287114400508317696
1287112586887077888
1287109931230023680
1287108478838939648
1287108196642033664
1287104637116592128
1287099065331847168
1287098687114616832
1287096932872204288
1287096309036584960
1287087989475115008
1287087523945218048
1287083888930627584
1287083618259668992
1287083416253603840
1287079706391650304
1287079317562949632
1287075204548763648
1287053604965285888
1287035511295672320
1287032324874539008
1287024976294563840
1287021250523561984
1287021166801162240
1287021108676485120
1287019280580698112
1286990030137888768
1286989531535806464
1286988805938065408
1286985773280002048
1286984333790765056
1286983542413590528
1286975960072564736
1286975866501832704
1286972711684767488
1286970569070653440
1286970252346171392
1286968846788829184
1286966148597153792
1286964353389023232
1286953757499166720
1286918775737126912
1286916577896665088
1286916260220022784
1286916101566234624
1286906596921139200
1286904779420176384
1286767708063830016
1286766901658628096
1286766281094569984
1286766085832876032
1286764814996574208
1286764131656372224
1286763221739872512
1286758429072207872
1286740373092675584
1286738990268391424
1286737910948077568
1286736923030102016
1286736559102922752
1286721557914701824
1286699768887083008
1286695805731119104
1286693756905938944
1286692936755949568
1286682131826118912
1286681401623040000
1286646988369526784
1286639097914822912
1286629892516466688
1286629401044623360
1286602021219578112
1286557657139208192
1286552514486308864
1286550548435566592
1286548997478514688
1286398207493275648
1286394735070937088
1286392870623117312
1286391379615195136
1286391262451503104
1286391073510756352
1286389136748937216
1286388798780252160
1286385877208444928
1286376607821815808
1286376203507634176
1286375629064228864
1286375537158639616
1286373914084507648
1286373657766494208
1286373510131187712
1286354583544123392
1286347074569674752
1286346861067013888
1286342091950436352
1286327497441845248
1286326895408295936
1286325555730817024
1286274083320143872
1286269529136541696
1286268389984526336
1286267346789728512
1286260158079868928
1286233033612419072
1286227674650816512
1286225589427482624
1286223725176729600
1286219666399076352
1286212667145936896
1286211576870166528
1286209593996181504
1286208036802105088
1286206527330713600
1286198397876174848
1286197254165090304
1286196346131746816
1286194603222327296
1286046353534091264
1286045195440721920
1286044475974914048
1286020860890013696
1286020797983858688
1286006644955123712
1286006560712466432
1285999628928811008
1285972336412446720
1285972031624957952
1285967194137014272
1285957580888645632
1285899019353554944
1285898911148904448
1285889204245889024
1285880523890589696
1285874344510525440
1285872895202402304
1285870766450515968
1285865642051145728
1285850070869565440
1285844334651351040
1285838192038629376
1285836993361059840
1285835818922389504
1285828693533831168
1285828121556471808
1285826396636553216
1285825679838281728
1285823658741633024
1285823301219241984
1285822081066729472
1285821397353332736
1285686831158353920
1285684393885999104
1285682473498796032
1285682266501521408
1285681226427314176
1285681129790611712
1285658812784037888
1285658708480057088
1285648785700421632
1285648673117024512
1285648593815314432
1285648476727054336
1285648351288066048
1285648273915678720
1285586760223907840
1285586710739456000
1285586513250734080
1285586042872107008
1285557013452402688
1285519075603632128
1285508386612744192
1285479001218260992
1285473434533847040
1285472431419858944
1285472158416875520
1285471806313369600
1285460272900120576
1285314400451203072
1285313809717043200
1285313315451949056
1285313154705170432
1285303724450160640
1285302724670693376
1285302226588663808
1285301506326114304
1285295105834913792
1285293291127308288
1285293152581156864
1285291053369774080
1285290824557834240
1285290475256193024
1285290369182322688
1285287899378921472
1285287329247223808
1285287293021020160
1285287221034192896
1285287130990772224
1285286369363886080
1285285881130242048
1285284776287653888
1285284416789663488
1285278123878166528
1285277675553251328
1285277626022727680
1285240011852591104
1285239820105785088
1285223128499617792
1285205091167932416
1285204643530919936
1285193158943485952
1285179043457970176
1285165172240375808
1285164373263233024
1285157837866438912
1285133000334860288
1285131493027840000
1285128587935449088
1285127955572817920
1285127080909451264
1285119640339963904
1285119620962226176
1285110717465731072
1285110427056312320
1285109545342205952
1285109380481003520
1285107214114598912
1285106228373446912
1285102795855745024
1285102699009236992
1285101651448213504
1285100817817706496
1285099992445837312
1285097012271165440
1285096561068904448
1285095716998840320
1285095652066762752
1284961918504050688
1284961165597184000
1284960083705765888
1284947921746702336
1284947747100135424
1284947352990744576
1284941924156297216
1284934737748951040
1284929753066156032
1284927728609894400
1284927672624320512
1284926802713030912
1284926408133873664
1284926156949594112
1284926035969150976
1284923930000719872
1284921700514136064
1284921574131470336
1284921465717043200
1284911955761823488
1284909243091628032
1284906218520223488
1284904586512420864
1284902122149089280
1284902046848745472
1284879808514711552
1284869099798110208
1284865234369482752
1284864535023759360
1284859031740469248
1284854847024574464
1284849277479587840
1284844800987078912
1284844580039524352
1284843655577178112
1284830786764627968
1284830724399529984
1284828493189132288
1284828456245657600
1284828238305533952
1284827726306848768
1284818741306576896
1284817414060945408
1284810513613050112
1284810443589132288
1284809974791770112
1284805554356006912
1284805104512782336
1284804631999197184
1284803370528768000
1284802959763738624
1284802902817746944
1284780717508091904
1284780558560698368
1284779730131197952
1284779629014913024
1284761088735744000
1284761021119332352
1284751387356794880
1284730578588360704
1284730378251644928
1284595496154267648
1284576727319162880
1284574140658257920
1284571604849242112
1284570034480844800
1284569636105859072
1284569365157994496
1284569275286642688
1284568844162551808
1284563755532275712
1284563501529411584
1284563448693743616
1284563126927663104
1284563057801416704
1284562988838588416
1284562910149320704
1284532430163120128
1284508720383303680
1284508111810834432
1284502629440266240
1284498870878208000
1284498681933201408
1284493469520666624
1284493405326905088
1284493131405287424
1284464817139585024
1284464108952264704
1284461060372692992
1284434512638816512
1284427278856982528
1284424338008088576
1284416969568071680
1284415160094949376
1284405381536653312
1284376387156140032
1284375125807202304
1284373996876726272
1284229294743527424
1284215510536720384
1284215477003321088
1284215444283576320
1284207696112222208
1284198730854522880
1284198647173914624
1284195598380523520
1284192414022995968
1284191158638383104
1284183170758389760
1284178633062526976
1284178010632081408
1284177453813039104
1284176457699405824
1284175989698973696
1284175826611773440
1284175667152785408
1284175581953896448
1284175523514658816
1284172102694834176
1284171761509175296
1284152170967896064
1284117346962022400
1284116532394708992
1284116031364104192
1284108698042982400
1284108625334730752
1284108567000293376
1284106558645903360
1284105307262787584
1284099790540869632
1284090744261746688
1284090364840873984
1284060650893869056
1284060508128194560
1284054364655689728
1284053069626515712
1284031693389803520
1284031242023981056
1284029712638017536
1284028902642524160
1284028328798814208
1284026564934598912
1284017462657388288
1284015539363500032
1283870390096461824
1283869616423477248
1283863801750789888
1283863662978113536
1283863516487786496
1283863447587950592
1283863212572712960
1283863074764660736
1283862900164173824
1283862837568380928
1283862700674748416
1283862634530574336
1283862578976956416
1283862515118747648
1283862453189779712
1283862381542748160
1283836362312081408
1283829571352133632
1283828827454611712
1283827880326291712
1283826987052814336
1283826829825126400
1283826725823094784
1283826629043802112
1283788241049722880
1283786758002487296
1283786726935351296
1283786486928859136
1283774316572794880
1283754668427010048
1283750857943678976
1283750422386278400
1283748119272800512
1283747047959597056
1283740568451940352
1283739550381215488
1283731180878168064
1283730458187124736
1283729404242296832
1283729087081730048
1283709646398791680
1283706437714300928
1283701158456905728
1283700990944870400
1283699102224732160
1283697314150912000
1283696605212933888
1283680232210341888
1283673801968975872
1283673149314338816
1283652553616613376
1283652100799553536
1283650957222576128
1283648606596149248
1283637232096759808
1283510663407706112
1283508497578110976
1283508293051256832
1283508093356093440
1283506777187917824
1283505689348931584
1283505562836238336
1283501569359610112
1283501533729034240
1283501501244219392
1283501470713864192
1283478038987055104
1283476921481912320
1283476509605470208
1283472628834013184
1283472555442155520
1283461263935320064
1283460986440224768
1283459839696539648
1283459712277782528
1283453205419098112
1283452263420362752
1283451240127565824
1283445305002930176
1283445067949236224
1283444956565209088
1283436063931936768
1283425151518937088
1283421728933281792
1283421202170679296
1283410051819085824
1283409577929854976
1283382700490063872
1283356683561992192
1283138610913517568
1283134671174488064
1283134587330322432
1283134508297068288
1283133537693163520
1283121158360043520
1283121071961579520
1283120003965952000
1283119531884457984
1283119306134425600
1283118764628807680
1283118726620106752
1283118539033976832
1283118454426533888
1283118389800706048
1283118329125916672
1283112962190970880
1283105861733437440
1283103703013220352
1283061512240803840
1283024955677061120
1283024812647030784
1282989507399372800
1282969561562779648
1282969399444467712
1282965684511801088
1282963242994798592
1282963036827942912
1282962948936400896
1282952374491975680
1282940911408816128
1282940803699138560
1282937374520082432
1282934464125992960
1282933571141931008
1282932792033255424
1282927405691265024
1282927155324780288
1282923768189530112
1282923653915725824
1282780128343396352
1282780030142230528
1282776414723493888
1282775741692870912
1282761737469677568
1282746584535638016
1282744033916444672
1282743910100500480
1282743809789636608
1282743771202048000
1282743602209333248
1282743570022248448
1282739941781446912
1282717612758175488
1282717581632307200
1282705297325338624
1282705202773196800
1282695769485647872
1282690769074126848
1282684298991198208
1282683640464506880
1282680846999334912
1282680336523108352
1282679915469570048
1282670626470273024
1282657561334996992
1282657487255212032
1282618267887177728
1282601333284101888
1282588588941758464
1282588474718195712
1282588132815319040
1282587322316476416
1282581948393758720
1282580976493826048
1282580857925054464
1282580695307685888
1282565418335567872
1282562818924056576
1282550748442693632
1282546381039775488
1282541104538292224
1282536922007642112
1282536618520453120
1282407515674882048
1282407430610198528
1282407309457739776
1282407243045114112
1282311626251808768
1282310964667457536
1282301483464171520
1282301242597937152
1282292693524242432
1282286943850692608
1282277056466890752
1282276899046281216
1282274545974616064
1282274242793545728
1282273715871518720
1282273103180107776
1282272837726806016
1282259594895601664
1282257525308612608
1282255286837874688
1282254060041707520
1282237799836647424
1282236341804293888
1282233658632437760
1282233527392763904
1282231368978763776
1282230030421106688
1282224709413765120
1282223890866089984
1282056590154137600
1282055486569951232
1282055259809079296
1282055088450810112
1282055049536045056
1282055013313937408
1282054597876633600
1282054532487426048
1282054452984324096
1282054401255976960
1282054372264947712
1282054345224269824
1282054315528658944
1282054263858921472
1282053726841253888
1282029558309490688
1282029376649953280
1282029343456337920
1282029313890672640
1282015372116402176
1282014107349258240
1282011186016509952
1282009443014672384
1282008715638509568
1281988375428333568
1281987853183049728
1281987756625977088
1281982681295851520
1281978191301795840
1281978095365500928
1281974009974984704
1281931057311490048
1281929479183650816
1281928423137583104
1281927524449230848
1281927065927917568
1281919897711398912
1281916118421184512
1281915847167156224
1281915478680707072
1281915231191601152
1281914959790735360
1281913525619892224
1281906929900625920
1281906398310391808
1281902165108367360
1281897579261894912
1281882067836514304
1281880832362319872
1281879849720741888
1281879636868308992
1281879077591416832
1281876261938311168
1281872144725692416
1281871673323593728
1281861964877225984
1281860444131598336
1281838281290850304
1281837555089113088
1281697591454052352
1281697571602300928
1281697166625583104
1281697107410329600
1281696689020174336
1281694798043283712
1281693649936560128
1281693355894857728
1281692643672694784
1281691564398567424
1281688453374189568
1281688189435076608
1281687600634486784
1281687316373876736
1281685311618195712
1281683825941196800
1281683105208770560
1281681583292985088
1281678187592900608
1281677943308247040
1281673403422986240
1281672476502757376
1281671562794618880
1281670138052464640
1281665501727526912
1281663333775618048
1281643658912071680
1281643401310502912
1281597878977396736
1281591851338944512
1281591841985564672
1281584284197888000
1281582718149591040
1281526805539807232
1281491393245073408
1281467007385448448
1281326079047802880
1281326008445083648
1281310759818072064
1281309951470829568
1281308435917811712
1281304333431250944
1281303282233815040
1281302326804873216
1281302287420477440
1281299652139274240
1281296759164190720
1281293647506522112
1281293354626682880
1281293160371687424
1281293055455264768
1281292971661578240
1281288600827682816
1281288382367371264
1281288295301906432
1281288253874864128
1281288250544533504
1281288215941578752
1281244853821739008
1281241472411602944
1281200729789775872
1281199708787093504
1281198896849604608
1281198509329461248
1281198151890862080
1281197721156796416
1281171978217537536
1281171458824318976
1281167664757509888
1281164945304977408
1281164013712355328
1281163603425603584
1281160767077744640
1281160530867216384
1281114028761329664
1280968704185040896
1280967859594805248
1280967811599421440
1280963002196525056
1280962904502800384
1280962874928660480
1280962767160254464
1280962730665656320
1280923087308034048
1280922842649985024
1280819640877317888
1280791605604241408
1280778991654375424
1280760920894058496
1280760131190431488
1280759810082902016
1280759418536316928
1280758591268495360
1280750217369976832
1280617105889660928
1280613385604943872
1280608484241874944
1280592500940570624
1280592341141782528
1280591524875640832
1280588449393848320
1280588297279016960
1280583644558569472
1280581770166108160
1280576012963717120
1280573591780839424
1280566090695917568
1280566027487711232
1280565953848397824
1280558800244740096
1280557918870556672
1280553962232581888
1280527589036130304
1280507189120172032
1280506635820183552
1280506154402144512
1280504268542394368
1280501774009487360
1280501391136641024
1280501352599339008
1280500533615308800
1280497966541873152
1280470550553526272
1280470119618097152
1280441121097887488
1280441058665660416
1280418874987610112
1280403001849647104
1280397689969160192
1280394194192928768
1280392705860919296
1280391351415209984
1280391191293505536
1280386938764251136
1280386825211777024
1280383952205864960
1280383705262030848
1280383100716044288
1280369839434018816
1280240852388982784
1280240293187592192
1280237652160241664
1280236276311097088
1280236214797377536
1280236141535531008
1280230572388990976
1280230516210442240
1280227978429988864
1280227860721041408
1280224193972506624
1280224045347278848
1280222262642331648
1280220542986043392
1280219622072102912
1280217595413741568
1280204967597486080
1280203403080151040
1280203016013045760
1280202398108200960
1280202059908878336
1280201968317878272
1280193079857856512
1280192987260125184
1280176627020947712
1280176592459890688
1280176515150462976
1280176458405740288
1280176429624369152
1280176387094126592
1280161800923873280
1280161564516024320
1280160960389488640
1280154910466678784
1280144615241375488
1280138925177221120
1280138028904845312
1280136590304727040
1280135483247538176
1280129096132034560
1280129039982886912
1280074170987171840
1280072918425374720
1280071173703979008
1280070781385560064
1280028695240093696
1280027995173015552
1280025709730291712
1280023174147604480
1280020649096941568
1280018977402519552
1280018531074158592
1280018496215298048
1279882999136432128
1279882887001751552
1279881480248926208
1279877316026433536
1279876129571180288
1279876028329050112
1279875387481378816
1279875285324832768
1279875153711808512
1279874758558056448
1279874549232865280
1279874071250046976
1279873994129358848
1279863747218202624
1279838683177332736
1279838632321441792
1279838486896545792
1279835077380374528
1279829278201446400
1279828039405314048
1279827743430057984
1279826911779336192
1279791076140818432
1279790640713420800
1279790239666647040
1279788938421551104
1279760060340674560
1279759487432351488
1279752878341709824
1279751524546207488
1279751431252213760
1279750218737688576
1279749509732589568
1279749164025421824
1279748769840599040
1279748112744136704
1279748001540509696
1279747937267060736
1279747635256209408
1279747161870274560
1279746790955368448
1279746037851308032
1279745751145422848
1279744620856049664
1279736602869276672
1279736263650750464
1279735856966832128
1279733523612602368
1279733462170316800
1279730380929732608
1279713935697084416
1279712984072433664
1279533793897066496
1279533743267631104
1279533709172133888
1279528231570415616
1279527520203931648
1279518602715189248
1279512645389955072
1279511020302729216
1279510689070166016
1279510529204195328
1279510465262075904
1279481061316100096
1279479669369139200
1279479619125760000
1279430875810316288
1279430830499209216
1279401389672804352
1279394792569556992
1279369252026400768
1279335232764854272
1279324079015841792
1279323561740697600
1279322424060895232
1279318692531261440
1279318533323833088
1279317758170345472
1279317476241702912
1279316368098234368
1279148819134001152
1279147575157952512
1279143681421959168
1279143544872001536
1279143487125032960
1279122553773195264
1279122470885351424
1279122395043938304
1279122279620915200
1279122221944967168
1279122162041917440
1279122095079927808
1279122044588826624
1279100115899363328
1279099916531437568
1279099847816155136
1279099756661411840
1279099712621228032
1279066586465304576
1279063442209607680
1279060292429905920
1279056777259233280
1279056394508029952
1279050575506821120
1279049554344775680
1279048391205543936
1278969502873587712
1278956619796303872
1278956058019598336
1278950288859246592
1278940321011957760
1278940285846904832
1278928650780410112
1278927543635247104
1278802896008642560
1278797131525042176
1278797012201353216
1278796922288066560
1278790074663133184
1278788792326008832
1278787075622526976
1278774121145552896
1278774026379411712
1278756456536432640
1278756326819192832
1278755974770196480
1278755876829085696
1278755778615222272
1278744075043246080
1278743803902509056
1278735850512269312
1278685288102014976
1278679792045490176
1278673814281506816
1278649509724262400
1278648697451134976
1278642523104260096
1278638414812852224
1278637626866753536
1278637246313369600
1278599455432982528
1278589933385637888
1278589264830369792
1278583248600342528
1278581517258764288
1278580963325497088
1278578767875768320
1278577663096094720
1278576203637706752
1278559499205443584
1278558264935014400
1278443683520696320
1278443140823887872
1278442865463607296
1278442300797042688
1278441595105402880
1278441355979735040
1278439706573881088
1278439415363313664
1278430441134047232
1278428740868100096
1278428577894203392
1278428536718725120
1278428492544294912
1278428434629353472
1278428285643509760
1278428254265884672
1278423511007211520
1278422480131153920
1278421246527635712
1278414756999835648
1278413951655690240
1278413625078755328
1278412085177856000
1278409875060596736
1278409418560999424
1278389678018871296
1278385642125381632
1278385621711675392
1278383760837410816
1278383595472801792
1278383040339816448
1278382775830286336
1278307557560516608
1278305160926842880
1278233258153652224
1278233239350632448
1278232778128142336
1278221415301500928
1278218433361035264
1278215926203154432
1278212905201209088
1278211055731310592
1278210489512796160
1278057415687254016
1278057339191529472
1278052766766817280
1278049559806193664
1278047987646725888
1278047740006629376
1278047625615486976
1278040175839522816
1278039829578682368
1278038164062552064
1278038143573377024
1278030953764528128
1278030731353128960
1278028083744907264
1278009159489859584
1277971181904162816
1277970869021585408
1277966531188543488
1277965758996201472
1277963282221948928
1277961983950597888
1277960667526336512
1277959403447005184
1277956339319234560
1277955295176622080
1277954577233408000
1277918301021184000
1277904048067354624
1277902698248130560
1277901583330705408
1277900878117208064
1277881111226564608
1277866342549540864
1277864644284223488
1277864607135289088
1277863652377481216
1277863578289266688
1277855161474527232
1277850931846156288
1277847546996633600
1277847220373553152
1277846242119364608
1277715205343109120
1277713461951242240
1277708741601869824
1277704558798610432
1277704076763987968
1277699324395347968
1277699058589720576
1277692675081351168
1277692551034781696
1277692375171768320
1277692298634178560
1277671443132813312
1277671325411270912
1277665866012864512
1277665786363084800
1277664725099335680
1277664521444827136
1277625404438851584
1277624410711736320
1277623048661872640
1277622925542264832
1277622833217224704
1277622749704355840
1277587677332807680
1277586843664634112
1277577674962219008
1277575914776399872
1277574897095651328
1277574366579118080
1277558214557646848
1277556786627784704
1277556495455064064
1277544096853360640
1277539259810025472
1277505645642743808
1277505011661050112
1277500059345653760
1277485909357875200
1277485364186353664
1277476565107060736
1277476102571778048
1277475693065056512
1277474816203816960
1277346247528103936
1277345414010687488
1277345220536012800
1277344377770295296
1277343228631625728
1277337360863281152
1277337156130832384
1277334127046508288
1277333920183463936
1277330223621693440
1277328221063823360
1277318921620730112
1277317988321018112
1277317847526658048
1277317699669024768
1277312326077743104
1277312105214074880
1277311278256721920
1277307229767680000
1277307013022826496
1277306856021647360
1277306654145613824
1277306349815312384
1277306262863122432
1277306148564107264
1277293466683428864
1277293413768007680
1277293091972624384
1277292948753973248
1277248542101385216
1277248426066010112
1277247461074010112
1277245247085596672
1277245212373417984
1277241199267635200
1277239900195217408
1277239439614509056
1277238139011182592
1277237045891665920
1277236286747795712
1277234365601329152
1277234240757706752
1277234064009945088
1277233907906289664
1277233840759635968
1277233708471386112
1277233641635053568
1277233562438242304
1277188345177739264
1277188250797563904
1277188107494965248
1277188033339707392
1277187944680435712
1277187834282196992
1277187777797533696
1277187704392990720
1277187644724858880
1277187573333581824
1277187432304214016
1277166899302891520
1277166715781120000
1277165901218042112
1276990484901244928
1276990396812460032
1276983115362287616
1276982616688922624
1276981914109464576
1276980952850448384
1276979779988852736
1276979270078861312
1276978206776725504
1276976969943519232
1276976204831166464
1276975855785455616
1276975723505422336
1276975648318328832
1276965394889269248
1276948898020569088
1276945772483874816
1276945733980127232
1276943154130964480
1276942516248629248
1276939227926867968
1276938942097604608
1276936686426095616
1276936600291852288
1276936486487830528
1276936397086175232
1276936314718285824
1276931040066646016
1276930951277424640
1276930391446863872
1276930320965734400
1276930243954184192
1276892782054031360
1276892702853009408
1276892578663862272
1276892496774258688
1276881456980275200
1276861554974240768
1276850666284122112
1276850336695832576
1276847978339336192
1276847921015783424
1276847868008169472
1276839947350179840
1276839493170081792
1276834536467378176
1276833659543261184
1276832557624184832
1276830812550377472
1276823912295411712
1276811892619653120
1276807840817197056
1276807089193717760
1276806386756788224
1276806305060212736
1276804533755076608
1276804437403566080
1276774352021868288
1276774231431356416
1276763373401714688
1276761291550609408
1276759714177650688
1276756662976745472
1276618188403412992
1276618077199831040
1276617954130628608
1276617874979852288
1276617809301245952
1276617652371435520
1276609913603719168
1276606285795020800
1276600040446988288
1276599904727678976
1276588242113101824
1276584257553600512
1276577733359910912
1276576692371435520
1276574826459734016
1276574416508518400
1276574130683420672
1276574060592467968
1276573063249829888
1276572957603758080
1276572902540877824
1276572833544617984
1276572778884468736
1276572692871856128
1276530394272276480
1276530287514660864
1276530093762977792
1276530057327058944
1276522662089687040
1276521659906887680
1276505832159666176
1276504008052690944
1276496756251987968
1276496682037936128
1276494379532931072
1276494283273535488
1276491943590100992
1276491178385518592
1276490766194442240
1276490191453257728
1276489980236517376
1276488962824077312
1276483006425858048
1276482078578745088
1276481889117888512
1276474729784844288
1276473496433037312
1276472989773684736
1276469900761092096
1276452527068807168
1276444454283554816
1276443165952823296
1276443058767310848
1276441357817655296
1276441236539412480
1276437515751362560
1276436641016659968
1276435095893741568
1276432939945988096
1276432838909362176
1276426369551998976
1276425684295069696
1276423856903905280
1276413518875635712
1276411529064263680
1276410620854886400
1276409709961019392
1276409440351158272
1276408631924318208
1276406511003148288
1276406237677129728
1276401937915805696
1276401915165892608
1276261651243770112
1276261545115365376
1276261412873043968
1276261303062011904
1276260999444774912
1276260891898585088
1276260817915305984
1276260684704165888
1276260591229943808
1276259312478945280
1276256995717328896
1276256593747812352
1276255310357893120
1276253431657709568
1276253198051926016
1276252719032999936
1276252642138874112
1276252554205290496
1276252480687550464
1276252300420538368
1276252134498066432
1276251658478116864
1276249548583829504
1345660243246804992
1345455349126594560
1345346005919821824
1345338303525040128
1345334027402809088
1345041313629143040
1344753116139446272
1344749631352299520
1344658671364673536
1344551268128337920
1344406908606832640
1344334604589813760
1344334576127254528
1344334535186673664
1344334488311095296
1344184015243382784
1343611454373715968
1343602935922634752
1343589348588064768
1343179772910821376
1342920416269107200
1342889647890968576
1342889470450938112
1342889426343649280
1342889387865108480
1342889333628563712
1342889291526103040
1342889243971121152
1342889191982686208
1342889122294280192
1342889072805748736
1342889008821624832
1342888954140516352
1342888889959243776
1342843080601460736
1342842619227987968
1342841381740535808
1342834262924517376
1342830445751398400
1342470751874666496
1342407177915551488
1342406423100207104
1342404128908189696
1342377863325036288
1342374395868798976
1342372306451128320
1342207261935022080
1342200458388103168
1342021477625978880
1341801719425064960
1341452309289689088
1341414671765692416
1341412547535269888
1341411327470931968
1341126505150242816
1341122242508427264
1341122148803502080
1341116415038898176
1341115956517621760
1341115215929352192
1341081424766652416
1341080526581587968
1340747243704504320
1340737326729801728
1340626737294655488
1340382916174622720
1340374757401911296
1340300454698299392
1340294655330664448
1340292977466470400
1340006344552837120
1339764660854243328
1339640939384610816
1339115268950384640
1338884055463555072
1338878129599811584
1338877682512244736
1338877409366511616
1338876504755810304
1338876083467411712
1338763257134407680
1338761822078431232
1338402991318192128
1338377397855526912
1338235239542493184
1338230621014003712
1338229904404525056
1338228683681787904
1338227170158792704
1338227106371735552
1338226329637052416
1338226205447872512
1338225110176718848
1338216352197320704
1338212592121208832
1338212402417070080
1338212255171796992
1338212107351977984
1338211880217800704
1338211279803207680
1338211081555243008
1338210486152736768
1338198581291966464
1338198277771104512
1338179596907327488
1338099084687794176
1337883398879244288
1337882790122188800
1337882675760287488
1337882565169049600
1337882469639598080
1337882392409870336
1337882330388705280
1337882247224037376
1337879226276524032
1337788571072261888
1337760998145613824
1337759564050075648
1337758617169178624
1337474619847176192
1337468718624989184
1337358314108227584
1337171196731928576
1336696281540997120
1336416919621169152
1335975376686903296
1335675552448045056
1335559719998672896
1335517012613849088
1335516876168945664
1335514494697693184
1335501897697013760
1335250471951462400
1335224837455876096
1335223866189373440
1335223725873111040
1335223648123310080
1335221891750047488
1335220878620188672
1334991016038961152
1334966016611323904
1334965257278791680
1334964285873807360
1334963222026317824
1334939442365272064
1334905205398392832
1333749062781251584
1333467560663265280
1333443422863187968
1333442601773641728
1333441359534043136
1333440562788229120
1333023189363011584
1333021705317572608
1332750365519978496
1332735023125028864
1332697040191680512
1332388096273502208
1332387240438353920
1331993151976972288
1331988368931098624
1331291570780430336
1330977710789849088
1330976496580784128
1330874046083379200
1330865715646263296
1330774629481390080
1330599262120501248
1330513265957482496
1330513160751689728
1330512888973438976
1330512389045952512
1330512176075984896
1330511886325063680
1330511770046373888
1330511644380835840
1330511559727190016
1330511436204937216
1330511335608737792
1330511278033559552
1330511219887894528
1330511172987199488
1330511130993831936
1330472987414437888
1330294291852300288
1330271991438467072
1330240567687729152
1330213255130849280
1330211964619002112
1330211269845114880
1330210343973490688
1330193504887312384
1330181691500064768
1330179950637408512
1330179097377599488
1330177151266648064
1330176630778699776
1330170386013704192
1329938555335008512
1329916583771312128
1329480734885687296
1329436567056871424
1329422153800954112
1329397749054386176
1329397635392921600
1329375111225503488
1329343123932241920
1329337416138813440
1329229967234899968
1329171960320974848
1329170020254048512
1329165751849250816
1329164059913183232
1329163273489567488
1329162376281731072
1329162349576671232
1329162320837218304
1329162142918995968
1329161334634795008
1329161105361543168
1329161061522661376
1329160925887258624
1329160819691712512
1329160651093270528
1329160474043314176
1329160423782965248
1329160005329821696
1329158851774517248
1329158404393332736
1329158262219026432
1329157937768620032
1329157668255232000
1329155864331227136
1329112192579489792
1329111317492477952
1329108254115459072
1329102585412923392
1329101990245376000
1329009000935985152
1328871559226925056
1328866288958124032
1328837497556783104
1328836970341134336
1328761518532534272
1328760009438728192
1328672175503642624
1328263253256974336
1328263099997171712
1328069201320435712
1328002109212663808
1327916148520869888
1327895891546697728
1327892652767973376
1327728715573456896
1327700793605165056
1327699684857667584
1327697990820257792
1327697714918920192
1327696392450682880
1327694777668788224
1327693702668701696
1327686423139536896
1327684116305891328
1327674670213160960
1327673171030454272
1327671038994477056
1327535057087639552
1326975580663934976
1326882594861051904
1326652075141378048
1326649657276165888
1326630640691896320
1326591052145307648
1326588074814558208
1326587814071443712
1326574299352883200
1326523289913733120
1326487552094859264
1326267866010836992
1326266558268764160
1326261341053739008
1326260326673821696
1326260058246803712
1326223527712845824
1326223028137693184
1326222769269387264
1325485728873271296
1325406935190003712
1324968255757410304
1324965475932119040
1324965316200456192
1324818478382141440
1324816153714315264
1324815351276818432
1324814445202341888
1324814280244474112
1324809658801004288
1324809152452067328
1324808521981067264
1324807971952615424
1324807584130498560
1324807369793150976
1324806995996778496
1324806020728836096
1324805630146846720
1324805509006974976
1324805229444014080
1324792320781373440
1324773838941491200
1324637981001551872
1324046928154415104
1324046885259272192
1324046848370319360
1324046801536753664
1324046763267862528
1324046715624837120
1324046645017927680
1323596176638304512
1323596101488955392
1323596018441691136
1323595918768328704
1323595868579237888
1323595800077914112
1323595576546627584
1323595510750547968
1323571947251339264
1323223535981133824
1323030751005364224
1323028659729551360
1323028139916800000
1323027660168114176
1322838039123644416
1322811960371617792
1322522218589528064
1322517185219203072
1322515394226278400
1322474922170552320
1322256757377454080
1322253687394390016
1321420159660232704
1321414479784148992
1321413969811308288
1321398524458795008
1321397008066875392
1321396837706772480
1321348192127098880
1321210191363407872
1321197012134625280
1320814631695384576
1320803601627942912
1320783156023382016
1320752484651044864
1320723630884593664
1320692091983405056
1320468365593423872
1320101131910025216
1320021095819452416
1320013089950044160
1319931257845940224
1319361881182699520
1319360205466066944
1319339053829980160
1319317180752736512
1319311125507342336
1319276704834088960
1319176404668473088
1319173743030272000
1318949966006669312
1318806583992868864
1318613693635190784
1318613630477340672
1318613586994933760
1318613511744913408
1318573844613955584
1318572519943774208
1318567969262346240
1318525343792308224
1318524622405619712
1318522280104820736
1318456003495604224
1318115249426468864
1317904031642193920
1317888281347018752
1317449500642971648
1317448425147944960
1317247575351853056
1317179980657418240
1317166339618910208
1317165220121509888
1317164675239391232
1316486019139723264
1316290528896528384
1316287897448984576
1316272265026298112
1316077606182232064
1316076850175782912
1316076808597647360
1316076713399463936
1316076609930170368
1316074608618020864
1316017759315083264
1315382283965280512
1315324033441902592
1315051461408161792
1314866673632055296
1314628620925763584
1314628440679682048
1314622794936676352
1314531500847779840
1314511302723854336
1314506189603045376
1314501855569948672
1314494428514603008
1314492847140352000
1314489661423845376
1314488890900779008
1314478074210258944
1314475398655348736
1314474657349861376
1314474504941375488
1314457759350489088
1314454896570257408
1314447145689284608
1314346703538061312
1314335048867381248
1314334997407506432
1314308236074418176
1314264716760489984
1314259066257117184
1314126390258790400
1313954261911449600
1313952718411780096
1313952020332716032
1313951214367920128
1313882870268780288
1313808322026500096
1313772679183446016
1313603715157372928
1313597517829943296
1313570375377268736
1313567819716603904
1313566746339676160
1313563988169576448
1313562419978014720
1313485896289841152
1313402122403287040
1313358278949244928
1313220432183656448
1313193236429758464
1313185248675532800
1313184025108975616
1313182556729348096
1313182446024884224
1313182311924588288
1313182210162384896
1313154897144094720
1313139029731430400
1313137361686073088
1313025608918675712
1312673434632028160
1312672989218037760
1312652402785480704
1312512394841616384
1312440877701234688
1312363059776819200
1312361479652474880
1312361413818621952
1312349587814875136
1312349139364179968
1312308837261750272
1312305033829060608
1312302568668831488
1312294072766394368
1312293540257505280
1312293412717178880
1312293362205102080
1312038533494964224
1312020609266745088
1311968257994305536
1311939535669022720
1311924771106557952
1311753528449343488
1311751629578870784
1311747316521603072
1311745543622848512
1311734143844319232
1311728865086189568
1311728758936801280
1311728695426641920
1311715943840722944
1311674415462129664
1311672919974719488
1311611647434412032
1311419555533778944
1311415691073982464
1311415104269946880
1311412804344307712
1311410513046310912
1311403830001754112
1311303317604233216
1311238784172855296
1311067722600648704
1311012967371214848
1311010736450068480
1311009751728378112
1311008055916720128
1310620111305420800
1310605921803010048
1310602883637878784
1310588714733703168
1310562211165876224
1310559888368517120
1310337285012025088
1310303241448624128
1310143185641971712
1309974374280310784
1309960498801250304
1309958302047129600
1309957504034639872
1309956381747949568
1309580804268453888
1309422810138378240
1309422143453753088
1309161759148736512
1309043563250974720
1309043541545553920
1309043503461208064
1308823821454016512
1308396644942123008
1308396581792763904
1308396507767414784
1308396437798113280
1308391833291161600
1308385815110848512
1308130605285208064
1308126627998523392
1308126202830483712
1308112841883386112
1308112773566672896
1308112702846500864
1308112635662085888
1308078298593976320
1308045414105526272
1308044197107322880
1308043948183752704
1308043054335635712
1308043003941007360
1308042963331821568
1308042942045708288
1308042900194955264
1307957614723108864
1307957449920524288
1307808939539599360
1307779279665668096
1307768534395768832
1307764788529856512
1307755261596233728
1307755137721655296
1307740295312871424
1307730711873556480
1307727756466290688
1307724318990897152
1307644768336392192
1307633620077744128
1307633333409591296
1307610099653976064
1307083954227482624
1307080782528290816
1307006256767475712
1307003768710606848
1306911257363205888
1306910894266482688
1306910018281897984
1306909935746285568
1306909894042411008
1306909859997196288
1306909820864401408
1306909787414827008
1306884902575538176
1306884622517710848
1306884517576282112
1306852924828639232
1306551763248480512
1306541322212438016
1306227176388296704
1306225564420845568
1306224130602213376
1306212551420764160
1306212485406613504
1306212413906321408
1306212271828262912
1305985659572596736
1305968189164204032
1305853553974575104
1305844750247960576
1305841719297167360
1305780016010199040
1305779817229496320
1305779533107392512
1305779379671359488
1305779315393671168
1305779252281970688
1305779211714596864
1305779136217128960
1305779089626804224
1305779007548514304
1305778937495195648
1305778889550110720
1305778797464227840
1305778764366872576
1305778720955863040
1305778639158607872
1305778599669227520
1305778514474553088
1305778470874681088
1305778443561336832
1305778408119570432
1305599228836818944
1305599013144743936
1305598962271952896
1305598904176709632
1305598866247561216
1305598826636546048
1305598721883807488
1305588979119665152
1305588143303930112
1305579913358045184
1305579720503853056
1305554963268087808
1305539550819876864
1305488193446457088
1305482382858952704
1305479834517278720
1305479725884887040
1305464465706684416
1305200181248438272
1305188278430302208
1305187804801007616
1305100004298719232
1305053625987796992
1304968780028825600
1304887760197689088
1304887286987993088
1304886803200118784
1304885560847327232
1304848973979619328
1304848740226936832
1304848633473495040
1304848583783571712
1304848463906078720
1304846787811987712
1304846718475866112
1304846552205340672
1304845939430043648
1304845524340744192
1304845305242963968
1304845117090656512
1304844456223551488
1304836724841996288
1304836674455842816
1304836620366085888
1304836582445330432
1304836526744965120
1304827479736176640
1304827076328017920
1304825909531348992
1304823304344264704
1304741467416657920
1304739310617399296
1304685698012897280
1304525006597218304
1304447878841143296
1304447812168450048
1304447705482133504
1304447654957666304
1304447620618821632
1304447583625113600
1304434067966812160
1304433371179823104
1304427077110771712
1304426861884313600
1304424818075414528
1304424325617840128
1304422301342093312
1304419642967031808
1304419600872943616
1304418538078326784
1304418443043766272
1304418374026432512
1304418318489657088
1304414685018697728
1304413925556051968
1304413151019044864
1304412378449281024
1304412319225610240
1304412262380310528
1304412189755944960
1304412111733501952
1304363240215007232
1304356096644177920
1302936357459955712
1302936308990566400
1302936228719988736
1302936044124418048
1302935915007021056
1302935851865907200
1302935828558237696
1302908171971952640
1302908086622056448
1302715117629472768
1302327724879548416
1302251388987211776
1302250429338787840
1302242827498401792
1302218415764049920
1301991308597362688
1301985877262991360
1301951627830726912
1301951493948551168
1301949544968708096
1301947932594315264
1301946850262515712
1301588954655924224
1301587128481124352
1301586418154774528
1301576516845871104
1301576001525293056
1301565961665949696
1301564635905232896
1301557335106760704
1301294896263946240
1301173847069274112
1301173828165480448
1301173692047777792
1301173672766562304
1301173623978426368
1301173477613993984
1301173327537541120
1301173300241092608
1301173257052225536
1301171736600293376
1301131820516474880
1301130009965465600
1300909539349364736
1300904990689628160
1300903892075642880
1300902783793725440
1300902154035777536
1300901344329560064
1300901250985328640
1300901082688782336
1300899849685041152
1300868044160409600
1300866697746878464
1300866629161619712
1300856016322658304
1300834696654356480
1300832375090360320
1300808358165966848
1300807730572206080
1300807694991986688
1300807649336926208
1300807610527092736
1300807530453651712
1300729365907599360
1300706173063225088
1300686380629209088
1300565694036180992
1300564783301877760
1300564340727263232
1300563106033291264
1300523752913072128
1300502657887600640
1300502327573516288
1300495633040769024
1300472236692967424
1300472182238326784
1300472106262593536
1300472073194811392
1300472042198724608
1300472002218782720
1300471953237704704
1300138091609497600
1300109307099386112
1300097367648149504
1300090167001264128
1300088856402972672
1300086342311870464
1300085387054985216
1300025918036103168
1300024230256553984
1300024109347340288
1300023715086860288
1300023616239792128
1300012593977978880
1300012489158033408
1300012364805345280
1300012172534321152
1299833771143856128
1299802156904701952
1299795014902591488
1299789206097625088
1299788313507889152
1299783751258517504
1299783555296432128
1299783247946223616
1299781571101286400
1299781383402000384
1299777964951973888
1299777730242899968
1299777709082652672
1299776868657377280
1299776762201735168
1299776733122621440
1299775412709609472
1299775235848392704
1299775183037902848
1299775028922331136
1299774760335880192
1299774357737295872
1299774324098895872
1299774264724385792
1299773085021765632
1299773058916515840
1299773019594911488
1299772965253525504
1299772932726706176
1299772866339184640
1299772814577348608
1299771486912352512
1299771345429987328
1299771279940243712
1299771215616376832
1299770937903120384
1299769853943971840
1299768906438017024
1299768212947599360
1299767883262824448
1299767221158400000
1299766611348467712
1299739581399674880
1299696798722916352
1299656293758701568
1299457504754233088
1299457464933507072
1299457430200385536
1299457390501396480
1299457359237054464
1299457307420635136
1299432876463869952
1299416589687836672
1299416539989409792
1299416478979153920
1299416415489982464
1299414984250843136
1299414472050737152
1299414018688462848
1299413366654590976
1299411906273345536
1299411862912675840
1299411803756277760
1299411757904125952
1299411724584587264
1299411670872346624
1299411607274090496
1299411053747621888
1299408366884790272
1299407583057514496
1299407536181968896
1299406888279433216
1299405872096055296
1299379402409730048
1299377748457197568
1299377420806623232
1299329990987862016
1299329737031061504
1299323103919693824
1299322542633750528
1299321955200442368
1299283032923402240
1299246767217745920
1299245822366842880
1299096816756105216
1299021428143071232
1299021279589216512
1299021150144598016
1298977189355020288
1298976653553684480
1298892459389353984
1298890403500916736
1298888170948440064
1298885102424985600
1298883320214945792
1298672683564105728
1298672295364485120
1298623862511468288
1298620361370669056
1298619028458680320
1298607220964327424
1298606831036751872
1298606320854204416
1298576817163468800
1298567356441079808
1298567205982998528
1298553938665517056
1298542674060902400
1298542599586959360
1298542476991528960
1298542429931544576
1298542370250731520
1298542335261900800
1298542304240775168
1298542271470751488
1298534458702925824
1298364123097509888
1298364081502650368
1298357872137568512
1298356465175089152
1298353689829285888
1298353654454522112
1298353598884204288
1298353511684505600
1298353485382131712
1298353458874023936
1298353434752622592
1298353403429617664
1298353376489504768
1298353344415772672
1298353319103127552
1298353246050955264
1298353212681068288
1298353183908036608
1298353162403880960
1298353105227177984
1298336572560027648
1298335513141796864
1298333777308061696
1298333051374784512
1298332392516718592
1298330895674486784
1298330448393797632
1298330339702603776
1298325860617989888
1298325587115810816
1298325397969543168
1298325364146569216
1298325323889639424
1298325201948676096
1298322172579066112
1298320444907565056
1298319963543998464
1298319931658862592
1298319248390082560
1298319190596755712
1298216391364022272
1298215967357571072
1298202886992793600
1298184348240424960
1298178361861316608
1298178294504992768
1298178240901767168
1298177953361207296
1298009855802966016
1297991375355609088
1297991304392192000
1297991216148238336
1297990684142522368
1297990588168626176
1297990489346539520
1297990303945838592
1297988369646006272
1297986454740770816
1297985173280169984
1297984464073691136
1297981961139519488
1297981281414906112
1297981146026958848
1297981067920642048
1297980926975250432
1297980824642621440
1297980775363739648
1297980736893575168
1297980687119785984
1297980634187603968
1297980600029253632
1297978380546183168
1297978286342131712
1297977719662292992
1297974071922241536
1297957753533726720
1297956924646920192
1297956557624418304
1297943778410614784
1297943667626434560
1297943626379599872
1297943584386298112
1297943549015719936
1297943513313796096
1297943467885309952
1297834714099744768
1297816244125655040
1297487538647687168
1297121225278394368
1297109572688269312
1296928887092510720
1296924823441084416
1296922118857338880
1296784326332473088
1296775068136148992
1296719226116464640
1296718965280997376
1296458384791805952
1296402007796994048
1296398898848829440
1296395525214867712
1296137274577559552
1296136420403425280
1296117237099761664
1296117042353971200
1296117021986435072
1296097581974659072
1296097549980438528
1296097503956422912
1296094830515363840
1296091702785179648
1296091636435484672
1296090959093137408
1296079793218363392
1296079028223389696
1296075086231896064
1296073525644722176
1296070308689072128
1296059023033327616
1296056889235693568
1296056872529797120
1296050249098760192
1296049584628785152
1296018087905460224
1295993977263599616
1295990832416333824
1295986733780172800
1295843054625095680
1295842999625232384
1295842952766541824
1295813805004513280
1295813762725879808
1295813715753873408
1295813246075703296
1295813189410660352
1295813076088958976
1295812937974722560
1295812833100345088
1295803526115983360
1295803431425277952
1295803374739300352
1295802733476352000
1295798784941842432
1295798391423807488
1295797970575785984
1295796900399022080
1295796015509966848
1295795348934451200
1295778557600444416
1295778313487646720
1295778080896753664
1295777633133907968
1295669522787995648
1295669219351310336
1295669077575454720
1295668453135851520
1295668102039035904
1295636568439492608
1295294044185284608
1295282367104528384
1295265092460781568
1295261125358084096
1295252367810744320
1295252291512160512
1295097104440991488
1294943797785309184
1294943755011788800
1294943718257106944
1294943608882302976
1294943391801901056
1294749673811595264
1294730314603016192
1294730288644464640
1294634196523155712
1294633991539167232
1294633970219528192
1294633913265065984
1294613280804216832
1294611971959074816
1294601733361012736
1294600869527388160
1294599912768839680
1294590484506128384
1294586924024377088
1294586733158445056
1294586674312249088
1294586531802484736
1294541163978985472
1294392308809564160
1294371351059365888
1294362225491292160
1294361735210700800
1294360409605050368
1294360368412844032
1294358194261765888
1294358173680361472
1294357421675237376
1294357370856931328
1294357328628781056
1294348530073718784
1294348192809656320
1294348047892324352
1294347952174047232
1294347838810456064
1294347737140535296
1294347633365057536
1294347564368756736
1294347482076454912
1294347341420474368
1294347264920555520
1294346862552547328
1294346796781768704
1294346758684839936
1294346674991779840
1294346649821761536
1294346505407606784
1294346360444071936
1294346325136474112
1294272509538447360
1294272402508177408
1294272260686131200
1294271822524022784
1294271812742897664
1294247338697994240
1294247025396125696
1294245583042084864
1294244991968083968
1294244939195392000
1294221530948407296
1294218855745826816
1294183831176654848
1294167161909530624
1294165875675877376
1294005004567805952
1294003608023949312
1293997558747013120
1293992472155217920
1293992378580307968
1293992134857629696
1293988614506938368
1293985953648914432
1293985768919257088
1293978440144760832
1293978299568476160
1293966616393322496
1293966487670206464
1293966393843560448
1293966282258354176
1293953356466130944
1293953305736028160
1293947620373733376
1293947457563500288
1293947378786082816
1293947271927791616
1293947065995755520
1293946027276476416
1293945983957708800
1293945951237935104
1293945904500805632
1293945849672798208
1293939589091151872
1293939548230225920
1293930846508982272
1293930806277275648
1293928499703615488
1293928414492217088
1293928346716430336
1293928285257302016
1293928215032016896
1293928107670474752
1293928054709006336
1293928016624656384
1293927941710192640
1293927850656116736
1293927784369324032
1293927735060987904
1293927665288843264
1293927615212945408
1293927410535211008
1293927274249687040
1293927168402128896
1293927067592122368
1293926981566959616
1293926895692795904
1293896979433639936
1293894546296840192
1293894416495673088
1293894306588172288
1293894256717856768
1293889296458567680
1293885554069843968
1293879235904516096
1293878937987297280
1293877191000961024
1293830228515659776
1293798630038667264
1293692174484353024
1293692087666442240
1293691976056016896
1293689782825091072
1293689747639083008
1293689691309518848
1293689641195970560
1293689594505048064
1293650080092893184
1293644852425625600
1293644724335763712
1293644601673342976
1293644370047098880
1293644357359280128
1293631922497900288
1293631453020991488
1293631095255322624
1293630425303261184
1293628724164861952
1293627263381053440
1293626495349526528
1293624456716451840
1293624128067506176
1293622915167068160
1293622719574085632
1293622705149939712
1293621973218660352
1293620653623476224
1293620523243655168
1293620405358526464
1293620242359504896
1293620137426378752
1293618597114388480
1293618107018354688
1293618001489666048
1293617773168529408
1293615796284006400
1293615697432653824
1293615486572396288
1293612952717795328
1293612830940372992
1293612423740628992
1293610739031322624
1293610631149617152
1293610517316145152
1293610351716634624
1293609141383106560
1293609048781328384
1293607475497840640
1293605767363395584
1293602885549395968
1293601984713560064
1293601836482600960
1293601725010661376
1293601557066518528
1293601426564960512
1293601282100518912
1293600472549425152
1293600329565712384
1293599193261641728
1293599043994755072
1293598967377416192
1293598925996331008
1293598868316270592
1293598784686096384
1293598640855015424
1293598595086770176
1293598502912757760
1293598435485134848
1293598337350938624
1293598272821637120
1293598218035625984
1293598178655326208
1293598138008207360
1293596247329329152
1293591219570966528
1293573661870493696
1293573111942713088
1293571505578807296
1293569947709431808
1293569515855503360
1293478407766974464
1293445132050739200
1293285873023426560
1293282879770963968
1293282851174088704
1293108394828738560
1293108359789518848
1293106562312146944
1293106183642001408
1293106136435097600
1293101823944011776
1293098447214645248
1293089678124634112
1293089529793056768
1293089433110171648
1293089312599429120
1293089236267216896
1293089214591107072
1293089178180354048
1293088980997677056
1293088947086733312
1293088400346689536
1293077050794926080
1293076109060452352
1293076098859831296
1292941861863268352
1292931972638093312
1292929964782817280
1292929878069829632
1292929867617636352
1292928933982285824
1292926739849584640
1292926702113480704
1292926406037581824
1292924732870987776
1292924569058193408
1292922261637300224
1292920954792878080
1292920940393836288
1292918186493513728
1292918117988012032
1292917874672238592
1292917759962210304
1292917684439580672
1292917591397343232
1292917440645681152
1292916310280740864
1292914952697597952
1292914746073788416
1292913737066852352
1292913619622154240
1292913563502247936
1292913485098242048
1292913381406584832
1292913314222268416
1292913246710661120
1292913159272005632
1292913083338428416
1292913019853447168
1292912954308993024
1292912884700385280
1292912810817724416
1292912729796337664
1292912624250871808
1292912552989667328
1292912458563280896
1292912331857506304
1292912184176107520
1292912167755419648
1292905776982482944
1292905354708291584
1292905347796152320
1292904995789185024
1292904484805451776
1292902882933702912
1292902083717402624
1292901957200297984
1292901789193445376
1292901779156410368
1292901002065186816
1292900609050513408
1292900321228984320
1292899974028701696
1292899899793715200
1292877685509758976
1292877656912990208
1292861132865241088
1292859580670791680
1292859524022509568
1292859421396209664
1292859352320278528
1292839716925124608
1292836820980506624
1292834804543770624
1292833825370906624
1292833771323039488
1292827400741498880
1292822883568418816
1292753345711661056
1292749041508536320
1292748740709818368
1292744248807260160
1292742515532206080
1292742290067329024
1292742083783135232
1292729286399590400
1292580211079471104
1292579976856973312
1292576563905667072
1292519767102959616
1292496899346509824
1292458385485504512
1292452925504212992
1292452438633525248
1292451448140238848
1292443227535155200
1292437516407255040
1292434664909606912
1292434608538234880
1292414961130647552
1292413828139974912
1292404254012067840
1292218655363731712
1292213543534723072
1292212472485752832
1292179256693448704
1292179118554075136
1292077283734364160
1292077269595430912
1292076740882206720
1292054371195326464
1291838457141231616
1291836353945243648
1291834651728846848
1291833367344881664
1291832253329346560
1291831974114529280
1291828192895029248
1291828001445994496
1291827810450001920
1291826905696608512
1291824983728099328
1291824904887848960
1291822307082633216
1291820428160372736
1291820315472015360
1291819021403336704
1291818929116057600
1291818861109694464
1291818737763520512
1291817627707416576
1291817566919368704
1291817517393076224
1291817469154295808
1291817349025275904
1291817293094227968
1291817242439692288
1291817187301380096
1291817137846259712
1291817074533249024
1291817012428144640
1291816852004405248
1291816643304226816
1291816546008997888
1291816487846580224
1291816360700510208
1291816233881542912
1291816176662740992
1291814803489595392
1291814715191185408
1291814657011965952
1291814590662217728
1291814519149400064
1291814416338636800
1291814263611424768
1291814180769665024
1291814169436737536
1291813373756297216
1291813328877215488
1291813257523666944
1291813182189829888
1291813094428114944
1291812986903044096
1291812240820244480
1291812029045645312
1291811149936242688
1291809343776710912
1291809129175097088
1291808765667430400
1291808697774157824
1291808614148182016
1291808536855482368
1291808476671475712
1291792417054752768
1291792385895280640
1291775700727484416
1291772582996455424
1291772240615411712
1291772186294968320
1291772151838711808
1291772103386112000
1291772008968134912
1291766197168623616
1291765304931090432
1291764319978496000
1291764227418607616
1291764149467386112
1291764077992316928
1291763848660357120
1291763779223658496
1291763503439765504
1291763412448546816
1291763410745602048
1291763220160679936
1291763153303490560
1291763060340862976
1291762939368820736
1291762672531374080
1291762463235543040
1291762377122340864
1291762219437436928
1291762003208527872
1291761889198903296
1291761817618976768
1291761776284053504
1291761749293662208
1291761576727515136
1291761225861341184
1291760339160358912
1291760275478257664
1291759361124073472
1291758516265521152
1291758452755304448
1291758391455625216
1291758300074254336
1291758172802293760
1291758122026119168
1291758089792872448
1291758016979709952
1291757978622754816
1291757942488936448
1291757899702829056
1291757837027352576
1291757784577581056
1291757739891404800
1291757693443727360
1291757656898711552
1291757612757852160
1291757538241896448
1291757478980526080
1291757372063571968
1291756781950119936
1291756362947534848
1291755623558852608
1291755494672138240
1291755448031379712
1291755407170580480
1291755381576925184
1291755356130074624
1291755323368316928
1291755286890516480
1291755254246187008
1291755222126272512
1291755128471642112
1291755087220617216
1291755050008805376
1291755002671890432
1291754939837030400
1291754904378368000
1291754866583441408
1291754835457474560
1291754805694693376
1291754772991807488
1291754677219069952
1291754576811565056
1291754539717144576
1291754461451489280
1291754412751323136
1291754382011359232
1291754343725662208
1291754300188876800
1291754238033514496
1291754207943495680
1291754178897948672
1291754084748398592
1291754048123797504
1291753966238339072
1291753957497413632
1291753833962655488
1291753782284636160
1291753067856133888
1291752826155269888
1291752646781566976
1291752474316091392
1291752167636963328
1291751923494912000
1291733223442087936
1291733120283279360
1291731657192542208
1291730651042009088
1291727204083216384
1291721375728754688
1291721272238518272
1291720681416282112
1291720582367674368
1291717998873640960
1291713892918472704
1291713001393983488
1291712903100473088
1291711749209587712
1291709305599795200
1291707936432173056
1291705479765401600
1291705399134105600
1291684220755226624
1291680325064630272
1291679323653582848
1291651428386316288
1291480931291856896
1291462583770402816
1291456199020482560
1291434137887408128
1291433984178769920
1291433920437854208
1291415172444237824
1291414347617579008
1291414233335439360
1291414077621886976
1291413908255846400
1291413800407703552
1291350017295384576
1291349892422672384
1291349659697451008
1291340888707301376
1291340777906413568
1291302755085291520
1291293722815193088
1291097213289013248
1291092573914902528
1291072689751429120
1291056686829051904
1291038449475223552
1291034933994098688
1291034678456193024
1291034042842980352
1291033967798427648
1291032815757385728
1291032613734547712
1291032020341137408
1291031768607404032
1291031588223045632
1290932400919392512
1290925723272859648
1290925659276148736
1290925641894944768
1290925561322319872
1290925407546544128
1290925330476212224
1290925246413975552
1290925076922208512
1290924973545185280
1290924904792100864
1290924835468697600
1290924741889581056
1290924648276865024
1290924569138790400
1290924451673104384
1290776396009221888
1290776374354092032
1290775644809420800
1290749692968611840
1290748244780298240
1290738550695231488
1290737098786508800
1290732662018191360
1290731978711605248
1290683460617740288
1290669360504279040
1290668684365766912
1290668621665046528
1290668552350060288
1290668423131865088
1290668298842124288
1290668260413902848
1290661129874804736
1290660927864537088
1290660858629181440
1290652595003043840
1290652341193105408
1290627459973632000
1290627031370276864
1290621156483936512
1290616991406071808
1290615959070400512
1290613763666845696
1290613618409705472
1290613294840131584
1290613223243370496
1290612976526008320
1290612774746435584
1290612762788470784
1290589888690225152
1290589822629838848
1290589598285017088
1290589548465082368
1290587524688154624
1290585219611926528
1290585132202627072
1290585082349199360
1290584961515479040
1290584805587943424
1290584576029593600
1290584485977890816
1290584405178757120
1290584302481268736
1290584228229459968
1290584153067528192
1290584077825908736
1290583995349073920
1290583937451008000
1290583828432658432
1290583771998289920
1290583710195224576
1290583660261974016
1290419034517798912
1290340952004067328
1290339951893196800
1290339564096303104
1290329119570505728
1290242708062089216
1290233659413295104
1290229961337516032
1290063339352195072
1290062855329333248
1290061761702486016
1290055228478246912
1290023022519173120
1290023010666086400
1290016348442177536
1290014719131017216
1290013604071129088
1290007467900809216
1289961441466884096
1289909642408218624
1289884013063176192
1289883928266969088
1289843832578744320
1289843817114288128
1289843356806258688
1289839618867646464
1289836016610680832
1289832526484140032
1289832493844242432
1289832422880604160
1289831572779102208
1289830856140492800
1289690913728376832
1289690888063524864
1289690704013193216
1289690403034128384
1289690360009105408
1289689943913111552
1289689784839860224
1289689695455023104
1289689662626369536
1289689632779595776
1289585387594117120
1289585110946258944
1289582911109206016
1289582505788497920
1289582007534514176
1289578026825441280
1289577949423734784
1289577886815367168
1289571952072331264
1289562196452585472
1289560265239871488
1289559543794475008
1289559465755397888
1289558061107953664
1289557226055581696
1289555316372377600
1289555235224969216
1289555167029780480
1289555143357108224
1289554990189576192
1289527363584360448
1289527180599451648
1289508512289054720
1289487590773596160
1289292314125295616
1289292275109859328
1289272748812824576
1289254353828589568
1289237989130792960
1289191696060710912
1289191617513938944
1289191581778509824
1289176019820134400
1289175625589067776
1289163796657790976
1289130942410432512
1289130780493516800
1289121106180354048
1289118943681163264
1289111066354552832
1289101980594507776
1289101735986900992
1288956010540019712
1288950226934468608
1288950217501478912
1288943742016266240
1288933388162924288
1288932938546139136
1288931018167156736
1288930232754413568
1288925730466942976
1288925689383727104
1288912730007666688
1288912555143028736
1288912498737983488
1288912448070782976
1288911558698041088
1288907105014030336
1288907094738034688
1288905788120072192
1288905774274674688
1288887221966307328
1288872035230330880
1288871159946248192
1288857322937253888
1288827585368068096
1288817117689712640
1288779369465425920
1288777437422260224
1288777378387329024
1288777274771341312
1288777249903255552
1288777164788301824
1288777060387880960
1288776903961305088
1288776767604490240
1288776735622930432
1288776695021961216
1288776541552418816
1288776490159689728
1288776369980219392
1288776252644569088
1288751296821035008
1288751232224571392
1288751096530382848
1288748293145735168
1288748243418062848
1288748185805103104
1288748134777192448
1288748063117410304
1288747989553553408
1288744431026348032
1288744308787630080
1288744193196785664
1288744130630373376
1288743992092512512
1288743876963061760
1288743720720924672
1288743654899814400
1288743569394737152
1288743467523416064
1288743379870900224
1288743289684930560
1288738598125215488
1288737925467983872
1288737695871762432
1288737558151729152
1288616892056379392
1288615337705996288
1288615306735362048
1288615185238970368
1288615049905545216
1288614989524340736
1288587472834789376
1288587463687114752
1288587238490734592
1288587117992583168
1288586992712929280
1288586979416911872
1288582897562202112
1288581941567127552
1288581593628643328
1288581545033379840
1288560969803866112
1288560954448457728
1288555644619030528
1288554216584290304
1288496990184255488
1288496880050208768
1288496767135297536
1288496616287150080
1288496601728716800
1288496588139171840
1288496577640882176
1288496548192624640
1288496534154248192
1288496519142940672
1288496501430394880
1288496484078559232
1288496471298445312
1288496360438857728
1288496100589146112
1288495970825764864
1288495907718258688
1288495831927140352
1288495285522649088
1288405974672433152
1288405816371027968
1288405681008254976
1288396618899902464
1288396099431145472
1288396085564768512
1288380262909464576
1288380105937559552
1288380001017049088
1288376783340032000
1288374114760175616
1288373973479301120
1288373958023294976
1288228894441705472
1288210338731655168
1288205754525257728
1288205661034237952
1288205340748607488
1288191008879108096
1288190407281696768
1288190091542880512
1288189552289558528
1288185414956847104
1288185256776998912
1288184063304568832
1288183981452734464
1288183882920210432
1288183792264503296
1288183698102394880
1288183443243892736
1288183349786423296
1288181911953772288
1288181819779710976
1288181513813729280
1288181404917010432
1288181274612510720
1288180207422242816
1288180114430271488
1288179990295646208
1288179818585108480
1288179729393233920
1288179367781249024
1288179283043573760
1288178887931961088
1288178165026828288
1288177915461619712
1288176240336265216
1288176207628992512
1288176192810614784
1288175920562540288
1288141376518000640
1288129919160066048
1288129768492347392
1288129288609435648
1288128708184686592
1288128553234477056
1288128540295204864
1288127955370115072
1288127894804283392
1288077040038666240
1288076756289826816
1288064271784476672
1288064177555288064
1288063656316604416
1288063171140493312
1288056984856670208
1288054288871292928
1288053396537311232
1288049376561115136
1288049046687485952
1288048950218575872
1288048732236394496
1287885165801304064
1287875129872019712
1287860971407577088
1287860889509597184
1287859240439287808
1287856812696494080
1287856028915204096
1287856015866830848
1287852032729198592
1287851364392095488
1287851185911758848
1287843013645959168
1287842990157901824
1287842915860074496
1287838554207420416
1287838448779501568
1287837700947673088
1287837629829074944
1287834707812589568
1287834546134822912
1287834462315851776
1287834380552069120
1287834307801878528
1287834274205519872
1287834001357578240
1287833061330223104
1287831544992796672
1287831281502433280
1287831010411855872
1287827790214172672
1287827485946785792
1287826168872402944
1287825465420451840
1287825128953389056
1287824036563685376
1287823913909706752
1287813679359176704
1287791792600096768
1287791053492412416
1287725740331597824
1287725505630871552
1287712599707090944
1287712523068874752
1287700981011095552
1287700699325890560
1287700320349556736
1287679377422061568
1287678984545873920
1287678464036872192
1287678340535668736
1287677685590831104
1287676227558477824
1287675025114509312
1287643205769605120
1287642710766235648
1287507121668526080
1287507042756952064
1287506961408446464
1287506746391638016
1287497979914604288
1287492764490501888
1287489843732328448
1287464640847458304
1287458340440805376
1287458323399429888
1287451335735029760
1287451156499881984
1287448019374399488
1287447469178195968
1287447044005810176
1287446965471633408
1287446880704659712
1287440208057769984
1287436501618437888
1287436445880397824
1287432773649797120
1287431034355752960
1287430893691383808
1287430760245465088
1287430654016344064
1287430571283685376
1287430410457284608
1287430304442056704
1287428938046812160
1287428705082629888
1287428665094135808
1287364401666957312
1287363177198559232
1287302329516077056
1287116451069874176
1287115649408540672
1287110124327374848
1287108446064607232
1287106470493016064
1287106235804917760
1287106059652550912
1287105488128299008
1287094363080843264
1287094291698012160
1287094213847519232
1287094092518830080
1287093768458571776
1287093688737431552
1287093607745421312
1287093453826994176
1287092984933212160
1287092884764856320
1287092825843277824
1287092747237761024
1287092646331244288
1287092021157658624
1287006446274707712
1286995092318949376
1286994547197845504
1286994474451820288
1286985951923904512
1286985469243412480
1286983101705605120
1286982115410808832
1286978812295761920
1286978719245050112
1286967322041868288
1286962331675762688
1286962066490830848
1286961855605477376
1286961763343310848
1286961166435135488
1286961023040270336
1286953798804680704
1286953680332365824
1286950971206180864
1286950634311352320
1286950329540579328
1286941727580922112
1286940764728172288
1286939733793411072
1286938735033093888
1286934284721422336
1286932713912639488
1286932534572584960
1286891450966454272
1286891275652931584
1286888200473018368
1286886432854941696
1286787362597613568
1286785905202802688
1286784447459790848
1286784403788763136
1286784341385916416
1286784245516599296
1286783989622112512
1286783875763634176
1286783783904182272
1286783711476944896
1286783506929127424
1286783397524910080
1286782207957270528
1286781975433543680
1286759216229875712
1286752534556823552
1286752417854435328
1286752274329608192
1286752149293146112
1286749909715230720
1286744877787750400
1286744618240036864
1286744512937824512
1286744039883190272
1286743887596462080
1286743734965567488
1286743662412673024
1286742844053622784
1286741892315701248
1286741674757173248
1286741062355214336
1286740706535583488
1286738658859667712
1286738585216061440
1286738379548299264
1286738253945737216
1286738195649048576
1286738059690729472
1286737915733843968
1286733577644847104
1286733163407060992
1286733079466442752
1286732936704860160
1286732796636143616
1286732681959608320
1286732586853838848
1286732476635844608
1286731940083699712
1286731928297766912
1286731753672056832
1286708810258817024
1286702532182642688
1286697862513004288
1286697758531948288
1286697663228977152
1286697613329403904
1286652515702968320
1286650370844844032
1286650217396408320
1286641366697684992
1286637815963561984
1286633756175093760
1286631851847819264
1286631636138897408
1286631281112080384
1286628954305167360
1286625203901128704
1286623833928224768
1286620674002386944
1286620621774954496
1286619679717548032
1286619330948497408
1286618814373822464
1286618158548344832
1286617710462414848
1286617530468048896
1286617369268428800
1286613440786726912
1286613290311974912
1286613219201748992
1286595198164836352
1286595081051529216
1286594628981075968
1286594479252791296
1286578940564377600
1286578235162198016
1286577515700596736
1286570835218759680
1286567500184981504
1286565458179698688
1286565282287365888
1286564965642633216
1286555658683330560
1286555432589328384
1286554059831422976
1286552762432606208
1286552607356596224
1286546401762189312
1286546097909960704
1286542841611792384
1286542419853553664
1286539082848514048
1286538909820891136
1286538829046992896
1286538779063459840
1286538626747322368
1286538041625137152
1286537938206109696
1286537882048647168
1286537792294707200
1286420539834236928
1286415593940439040
1286412421717000192
1286410499001856000
1286409279285714944
1286408261911097088
1286407249385201664
1286404828630069248
1286404755489722368
1286404715060789248
1286404638376448000
1286402847421145088
1286402392687354112
1286402212948840448
1286402171198725888
1286402088721940480
1286401724970868736
1286401664149262336
1286401499543764992
1286388202270601216
1286388116144750592
1286387952629829632
1286387832756592640
1286386233850114048
1286382243028631552
1286378114227023872
1286370078494199808
1286369825439318016
1286363307394441216
1286362860407250944
1286359814747160576
1286359584693784576
1286359503609434112
1286359468947775488
1286353710990471168
1286350910298431488
1286350811887542272
1286350711777894400
1286350600343625728
1286350506118586368
1286350380822126592
1286350325276979200
1286350254284189696
1286350204481019904
1286350151477604352
1286349605857263616
1286349523229515776
1286349505785466880
1286349179317624832
1286295518189166592
1286293074008826112
1286292082726965248
1286287539779903488
1286287385332981760
1286286183409029120
1286285975455436800
1286285846623248384
1286240457811427328
1286239145770266624
1286237768230645760
1286236398509490176
1286235786896122112
1286225022340730880
1286218822907768832
1286218677650587648
1286218610978050048
1286218058961387520
1286215701133496320
1286214968392777728
1286214673642201088
1286214580906217472
1286211447517777920
1286208196978278400
1286208039155126272
1286207947459133440
1286207870065954816
1286207766344892416
1286207656303132672
1286207551160422400
1286207448186068992
1286207348369960960
1286207300072505088
1286205522589491200
1286027104405139712
1286027002441596928
1286024480427573248
1286024041313206272
1286023292973993984
1286023128070660096
1286020959598772224
1286020810315108352
1286020652420476928
1286018707907649536
1286018579113086976
1286018066653028352
1286017998315229184
1286001275067404288
1285999692107702272
1285995879128797184
1285995742092566528
1285994999054770176
1285954879836610560
1285949780196233216
1285949516378710016
1285927780912422912
1285927712620781568
1285927107013554176
1285924506352128000
1285924383157112832
1285921036568059904
1285921022143860736
1285918196206317568
1285892457708818432
1285892389647908864
1285890087125909504
1285884774234632192
1285875451781697536
1285872859504615424
1285872472269762560
1285868275310764032
1285868175016570880
1285868078463672320
1285867999690457088
1285867797453721600
1285864997650944000
1285864314222587904
1285863584631853056
1285860614934540288
1285860521158336512
1285804723388461056
1285804413613940736
1285724618901327872
1285712205112053760
1285702476679778304
1285674216587698176
1285673680870215680
1285673304704135168
1285673230427205632
1285672811168702464
1285661724809596928
1285659697924669440
1285658581916950528
1285656948852101120
1285656840894849024
1285656651496914944
1285656536954658816
1285656437868429312
1285656310952886272
1285656251960102912
1285656140504805376
1285656042743959552
1285647092644548608
1285646996456579072
1285646847399333888
1285646780718288896
1285646687030181888
1285646670185803776
1285646489059024896
1285637695335739392
1285636338868523008
1285636052733100032
1285635204539994112
1285635069420474368
1285632418121211904
1285631927295315968
1285626483545964288
1285626175000317952
1285626161633153024
1285625952563798016
1285625936814264320
1285618860708814848
1285608142030671872
1285608071243464704
1285607966184550400
1285607865953259520
1285607823062306816
1285607312460320768
1285607205526536192
1285607133770326016
1285607113482555392
1285607091315630080
1285607004900331520
1285606972612644864
1285606951989149696
1285606933882429440
1285606899115851776
1285606752373874688
1285605075709243392
1285603671116591104
1285601979436343296
1285601789405003776
1285601593946263552
1285601497040986112
1285601001395965952
1285599317936439296
1285599202349809664
1285563408847446016
1285562402143076352
1285561070501986304
1285560874716078080
1285560554078208000
1285560541742804992
1285559264652791808
1285559008233951232
1285558961933094912
1285558157645959168
1285546610081095680
1285546450382999552
1285540707768446976
1285540516935933952
1285538438138257408
1285538006213038080
1285533623840657408
1285519740119777280
1285518447435292672
1285515825991036928
1285515696034795520
1285515512227692288
1285515392392343552
1285515267318132736
1285513118186123264
1285512960077684736
1285512753139142912
1285512377589473280
1285512279082106880
1285512233229877248
1285512111267950592
1285511921739927552
1285510158794317824
1285507619512356864
1285507483939864576
1285506160561467392
1285505381880549376
1285504679175172096
1285502941923880960
1285502801855107072
1285498092452745216
1285497984957009920
1285497849116073984
1285497731272839168
1285484855158021888
1285478151875952640
1285474885893009408
1285456307655528448
1285333611122696192
1285306312356659200
1285305057186058240
1285302152806661888
1285298346165501952
1285297458822742016
1285297229364965376
1285294332757647360
1285293982231203840
1285293750886039552
1285289450382200832
1285287767224864768
1285283934230786048
1285278051312578560
1285272035707490304
1285270904444985088
1285270695098880000
1285270011041517568
1285269124168515584
1285269021013741568
1285268524135587840
1285268444989071360
1285268313656963072
1285268176650088448
1285268062527270912
1285267639997259776
1285266637030141952
1285265983691730944
1285265725553352704
1285265605474557952
1285262857635016704
1285261797293948928
1285241490994855936
1285235267612413952
1285235157205647360
1285235119696084992
1285234710025842688
1285225355620613888
1285210809673687040
1285210692103045120
1285210562738216960
1285210403274919936
1285210254003904512
1285210031819022336
1285209899836887040
1285209666029527040
1285209341289791488
1285209085885939712
1285208741437214720
1285208536142749696
1285208216771731712
1285118102418620416
1285117975570395136
1285117036415397888
1285116275589615616
1285116252575469568
1285110657252298752
1285110314523152384
1284983521350754304
1284975706968076288
1284953182741893120
1284952817137057792
1284951238161895424
1284950942941667328
1284950519421775872
1284949945523609600
1284949595710259200
1284944321238663168
1284942598554234880
1284941906103939072
1284941003598823424
1284940937249120512
1284940864394072064
1284939608447483904
1284939341333237760
1284939283657351168
1284939212530372608
1284939166325903360
1284939098881503232
1284939066920841216
1284939042187026432
1284939012420046848
1284938939388686336
1284938791615168512
1284938759604260864
1284938716776144896
1284929055620575232
1284927684720627712
1284927219379450112
1284923997696729088
1284923069811904512
1284922998097575936
1284922951389843712
1284922893147820032
1284922835488641024
1284922793046532096
1284922739099303936
1284922694983716864
1284922653380423680
1284922592072269824
1284922496618303488
1284922435637321728
1284922390623944704
1284922338555854848
1284922274265604096
1284922214748430336
1284922123983740928
1284922079423410176
1284921979431157760
1284921904055418880
1284921815228448768
1284921525783744512
1284921256580657152
1284921066264158208
1284920935548620800
1284920582765715712
1284835196144168960
1284834497297551360
1284834272419995648
1284834161564561408
1284834128203067392
1284834064831324160
1284834013212008448
1284833903111438336
1284826782550691840
1284826556104310784
1284826237882511360
1284804719379205888
1284801335997739008
1284800027815288832
1284797973227024384
1284791674691100672
1284776865694126080
1284776742692048896
1284776285261254912
1284776146698207232
1284776094848241664
1284775967773294592
1284775639116128512
1284775332646727680
1284774002473553920
1284628204049838080
1284625322340646912
1284622628020523008
1284621644896645120
1284621015960760320
1284617254802542592
1284585328620306432
1284585212165464064
1284584894396604416
1284584812712427520
1284584747897884672
1284584632328085504
1284584196695040000
1284584037655470080
1284583918134530048
1284583808034050048
1284583037074898944
1284520139090780160
1284519902032863232
1284519581890076672
1284519415309119488
1284501238273511424
1284501050343514112
1284500833007284224
1284497667717050368
1284490386518560768
1284474294383280128
1284473453819682816
1284473308080214016
1284473213636968448
1284472532662472704
1284472452463169536
1284471778102972416
1284471388288561152
1284470494058680320
1284465660005945088
1284465147860471808
1284463724233924608
1284463697495195648
1284463684455141376
1284463081494663168
1284461756350369792
1284446102847201280
1284444770031607808
1284444100993982464
1284435421963878400
1284434868005462016
1284434826787983360
1284434692897415168
1284434544024748032
1284428831860940800
1284428664139141120
1284428649664569088
1284425033985687552
1284414651766276096
1284399687039094784
1284397833722920960
1284396660643303424
1284396512034816000
1284393358597795840
1284393266956427264
1284382718135013376
1284382596969967616
1284379005001531392
1284248752807706624
1284214679322198016
1284214507137642496
1284212713510645760
1284212145866133504
1284212051552894976
1284211935421050880
1284211789761216512
1284209224747233280
1284209089040588800
1284208816247189504
1284208619186266112
1284208406614683648
1284200563404677120
1284191092435369984
1284188419313238016
1284188123329638400
1284185022686265088
1284184146382905088
1284183686339088384
1284181691825889280
1284180748820455424
1284179770184552448
1284177459903188992
1284174535869292288
1284173352802881536
1284173240508833792
1284173053010890752
1284172524134240512
1284172444459241472
1284172383344037888
1284172163176693760
1284090006290792448
1284086624427610112
1284084218763644928
1284072653775667200
1284069709734871040
1284069356201287680
1284067390523834368
1284065988259000320
1284065257862967296
1284060655495065600
1284060467523203072
1284060230423400448
1284060059673272320
1284059844186640384
1284059634383429632
1284059475385683968
1284058337777197056
1284058096671821824
1284031915205578752
1284031318242852864
1284029081152086016
1284021090373832704
1284020881107427328
1283925700160950272
1283892250255261696
1283886246683607040
1283885834282958848
1283885675532685312
1283885277333852160
1283884666974547968
1283884589845491712
1283884541321650176
1283884502381731840
1283883304412946432
1283883274314682368
1283883237685833728
1283883005505937408
1283882851268788224
1283882167169409024
1283881999137153024
1283881980728352768
1283879345677905920
1283865322290806784
1283865138399977472
1283846448375836672
1283846155005300736
1283845894392221696
1283845814838857728
1283845695968096512
1283845491231461376
1283845296569688064
1283845239178919936
1283845164725927936
1283845004050538496
1283844936509652992
1283844801499222016
1283844739427635200
1283844597765017600
1283844517641191424
1283825774013947904
1283825325122756608
1283825203144019968
1283823948979937280
1283823896421179392
1283823851743436800
1283823786874286080
1283823735217233920
1283823681177890816
1283823505872760832
1283822964195164160
1283822874164330496
1283822061631217664
1283821988629417984
1283821788913446912
1283821692196970496
1283821645052993536
1283819287594119168
1283819215888224512
1283819130538295296
1283818999856406528
1283815473763815424
1283815222449496064
1283813483558187008
1283809798631436288
1283809674626764800
1283809579399348224
1283809454467821568
1283808952355033088
1283808933438722048
1283808759115067392
1283808590130753536
1283808486502039552
1283808385457180672
1283808274220036096
1283808074436935680
1283807766453395712
1283807551734325248
1283777261834055680
1283771964717502464
1283771867354951680
1283770666685272064
1283767649261019136
1283742456304082944
1283694868129292288
1283690128754581504
1283689921610424320
1283689792727851008
1283684769071534080
1283681400324063232
1283681033997766912
1283657961244631040
1283657467386372096
1283657248875712512
1283657062174666752
1283656893030957056
1283505695715930112
1283505670327873536
1283502074244869888
1283501837321228288
1283501700846956288
1283500018192855040
1283499920968876032
1283499822901866496
1283499715825487872
1283495571110731776
1283495225122529280
1283480008888135680
1283479485677998080
1283456315998666752
1283456105331466240
1283455991523225600
1283455891006783488
1283455767224492032
1283455618297323520
1283455555516989440
1283432194824954112
1283432044194861056
1283431905719922688
1283427120958648320
1283427053291831296
1283424855715721216
1283424833880100864
1283350399236419584
1283346836997255168
1283345892322562048
1283344102071861248
1283342240123957248
1283341609267068928
1283341255997632512
1283341034781646848
1283339211777736704
1283338825922641920
1283336878872301568
1283335903784689664
1283335660116627712
1283335044388589568
1283334559858397184
1283334450005389312
1283334358099779584
1283334254240452608
1283334095242657792
1283333954142117888
1283333782481887232
1283333666622636032
1283333539249958912
1283333453828808704
1283333305224617984
1283333190258757632
1283333051234357248
1283332942681473024
1283332763878383616
1283332553672450048
1283314242486177792
1283303543177445376
1283300824073068288
1283300612973756416
1283300472116457472
1283300325529726976
1283177270975266816
1283174605990100992
1283173846414229504
1283167782935437312
1283167217417428992
1283167126879178752
1283165051428511488
1283164980062359552
1283154985866407936
1283154967180849152
1283152932591095808
1283149056148201472
1283149039580729088
1283148168369254400
1283148019354009600
1283145541841543168
1283143604102410240
1283142165309329408
1283136104007438336
1283136049951256576
1283134651670953984
1283134545236307968
1283134452806438912
1283134364616929280
1283126700361027584
1283126671714013184
1283106949761048576
1283104086204780288
1283103445583527936
1283101980060155904
1283101828142571520
1283101215648296960
1283101140213739520
1283101056021471232
1283100999541022720
1283100890828865536
1283100848445415424
1283100761619144704
1283099591076978688
1283099549272244224
1283099497988591616
1283099419580207104
1283099355793129472
1283099281327628288
1283099180987277312
1283099114042003712
1283099044047392768
1283098902527451136
1283098830859272192
1283093523588427776
1283092363599122432
1283092256489168896
1283092151258292224
1283070707300261888
1283070162153988096
1283068844584706048
1283068799873417216
1283068532381626368
1283052748259418112
1283052730085515264
1283052659587653632
1283052358923161600
1283052332692000768
1283036655906181120
1283036456865411072
1283036213675466752
1283036102366986240
1283026933203205888
1283026761060626432
1283026540574445568
1283026184880693248
1283026014881423360
1283025936431091712
1282980237626793984
1282978958687055872
1282968948397559808
1282968287119196160
1282967499450003712
1282964916362784768
1282964899409342464
1282964854907838464
1282963233125670912
1282963216507850752
1282957978954604288
1282957956129193984
1282957830648143872
1282957552045694976
1282957539836076032
1282957455778033664
1282957096594616320
1282956962007789568
1282956885092638720
1282956795464552448
1282956761662619648
1282956637695868928
1282956581668376576
1282956479767744512
1282935343470256128
1282935164897828864
1282935085914894336
1282934901952729088
1282934838018834432
1282934743252730112
1282934648901967872
1282783319701311488
1282778980865781760
1282777997989289984
1282777948228124672
1282776280254099712
1282772764416528384
1282772309422604288
1282764640506843136
1282764550236971008
1282764450328645632
1282741907102326784
1282740604842237952
1282740337644011520
1282740229074558976
1282740136967634944
1282740047058436096
1282739971732930560
1282739882717261824
1282731087022743552
1282728742746558464
1282728651071655936
1282728564148834304
1282728480908746752
1282722120376766464
1282719970594631680
1282718708658569216
1282718042242387968
1282717916488761088
1282715522623328512
1282713742199926784
1282713654689964032
1282713559198306304
1282713444551217152
1282713334127759360
1282713243677528064
1282713143043596288
1282713054103457792
1282712978274623488
1282712821474758912
1282712740025511936
1282712626678685696
1282712469933363200
1282712363343532032
1282712219143348224
1282712157411573760
1282712090411704320
1282712021704769536
1282711936858300416
1282711850946383872
1282711760420646912
1282711669991510016
1282711590714904576
1282711441569730560
1282711278549598208
1282711198811803648
1282711160412922112
1282656756120911872
1282655299376226304
1282654630241923072
1282653116517752832
1282652418677846016
1282652366848827392
1282652138984939520
1282651956750757888
1282651889528647680
1282651762822975488
1282651671554748416
1282651508669059072
1282623768628727808
1282621401774665728
1282621274855034880
1282621179673677824
1282621068235231232
1282621002057428992
1282620835568721920
1282619136376549376
1282618073250504704
1282617526334169088
1282608919429488640
1282598488661000192
1282598380745773056
1282598241264185088
1282598107990102016
1282594822101008384
1282594448791220224
1282594270487220224
1282591792559468288
1282591406616465408
1282425819147755520
1282419285797863424
1282415978358419712
1282414823238770688
1282413678462144512
1282412796756533248
1282410630360834048
1282410541286334464
1282410460508233728
1282410376756371712
1282410323509739520
1282410231616675840
1282410029493125120
1282409849226178560
1282409828095275008
1282361202669125632
1282361050709491712
1282361036637691904
1282360759280861184
1282360696601219072
1282360275266568192
1282320306229653504
1282319968252637184
1282319709459943424
1282319659803566080
1282319534632906752
1282319331209224192
1282319024022605824
1282318888043253760
1282318808968040448
1282318674662248448
1282318566470098944
1282318455484620800
1282318318809026560
1282317585040670720
1282317566392893440
1282317411484610560
1282317239576862720
1282317078100410368
1282317017433935872
1282254521213820928
1282253300310642688
1345666635508699136
1345522728804167680
1345473029053231104
1345425734186229760
1345425462189842432
1345424604387545088
1345424182180540416
1345093710120439808
1345079691301023488
1345079364304723968
1345019445199200512
1344999903882326016
1344972371388755968
1344880702526017536
1344877406537076736
1344741429818634240
1344716904922025984
1344692567925993472
1344522118990606336
1344521062097317888
1344518562703159296
1344514169517858816
1344390146372858112
1344387727001841664
1344367209376837632
1344341022546006016
1344339356849475584
1344338134369234944
1344338110319091712
1344253622272536576
1344252338983358464
1344152188411645952
1344142599469363200
1344140755565240320
1343993103267618816
1343810405425164288
1343801641187868672
1343646767078924288
1343645242088632320
1343643936796143616
1343643563305934848
1343635348992176128
1343295439458721792
1343280938604769280
1343151017320460288
1343113792113303552
1342728600571805696
1342721788569149440
1342586078683934720
1342578577796165632
1342444283333378048
1342444026365145088
1342395050416861184
1342394163476750336
1342333899712700416
1342198105488420864
1342178276920471552
1342092130869764096
1341966574782193664
1341861384594845696
1341853253055754240
1341846639955341312
1341840245596237824
1341833502510239488
1341815731940409088
1341806474578817024
1341803799397208064
1341671227916750848
1341668928855175168
1341607498369953792
1341490451413667840
1341487989579542528
1341484130048102400
1341470971862118400
1341470599647031296
1341459957041000448
1341381703605088512
1341321371318702080
1341242915159420928
1341126430399344640
1341108990785236992
1341105277488279552
1341097712910004224
1341096904902529024
1341082841057288192
1340892982174728192
1340756232035045376
1340729526234603520
1340704354777620480
1340701554031157248
1340679714097274880
1340674405119176704
1340425359385354240
1340388669778223104
1340386055015591936
1340383761997979648
1340376672164442112
1340353833847943168
1340282369975136512
1340282301381562368
1340216328234422272
1340207259763281920
1340045137251098624
1340038864036106240
1340022887252713472
1339948458980065280
1339794383286185984
1339684429053243392
1339682255585861632
1339673850058051584
1339668910250061824
1339661973806526464
1339661678288531712
1339660093734969088
1339460265453252608
1339416123792617472
1339323629503467520
1339320525592666112
1339311711703228416
1339298179980857088
1339072554787598336
1338946766398427136
1338945547542147072
1338939783473672192
1338933503145221888
1338931677964480512
1338930919911120896
1338733453265809408
1338732232958160896
1338694404371066880
1338579191512641536
1338571898846896128
1338552981516652288
1338537905195802624
1338536761610395648
1338346718107234304
1338238791321051136
1338235762853154816
1338234855470067712
1338222308910133248
1338220546656506112
1338217370897289216
1338212793565261824
1338210430104330240
1338205857377624064
1338163816140599296
1338161094062379008
1338122766667624448
1338044055553519616
1338040357129338880
1337843051675455488
1337840618668765184
1337828083240488960
1337720982073708288
1337717698491527168
1337711643153805312
1337710883544453120
1337501468044169216
1337495624963469312
1337494446502449152
1337494119346745088
1337292916205744128
1337136793402138624
1337132790706565120
1337131506100264960
1337127747232133120
1337103168099004416
1337076227543363584
1337073521416151040
1336909183552270336
1336907558444032000
1336781092590858240
1336778952006917888
1336688354482647040
1336543351051579392
1336423684953739264
1336418915912716288
1336410126085976064
1336409046090452992
1336408573287534592
1336408186748891136
1336170404067602432
1336057946090954752
1336056828447350784
1336055413389799424
1336054411559395328
1336053486509813760
1336051535546109952
1336030025586454528
1335818000843280384
1335675208561258496
1335672795649499136
1335666413286138112
1335663827153784832
1335656527626199040
1335636010504433664
1335521949506789376
1335505580488790016
1335332832017862912
1335315593604509696
1335313234161758208
1335312542927908864
1335308839336415232
1335303936119549952
1335301084923965440
1335300813200175104
1335281126995267584
1335161347747835904
1335112633385701376
1334972346952802304
1334966162128588800
1334953587827503104
1334950233772617728
1334947976150720512
1334753287837528064
1334719987379036160
1334603006533365760
1334599526301229056
1334598396229922816
1334428482982604800
1334402821765165056
1334402121433812992
1334366415546179584
1334237207075414016
1334231210118275072
1334215701750558720
1334043863921602560
1334041564188905472
1333997222657191936
1333920135598510080
1333919213002612736
1333634805418881024
1333524618758512640
1333520984331202560
1333520282150199296
1333513299896528896
1333512128918138880
1333376649778360320
1333274983188090880
1333130786833313792
1333129401609953280
1333114664436240384
1333113422402076672
1332974610443284480
1332965544522371072
1332932466970152960
1332926467248951296
1332785821347422208
1332779826369925120
1332776369189761024
1332775604979109888
1332761509345300480
1332558848457138176
1332552097246703616
1332421688651362304
1332408869243543552
1332404828291670016
1332403769699659776
1332382692298649600
1332382026884915200
1332244935073018112
1332195547197935616
1332069495079383040
1332065370329505792
1332063849357447168
1332061205192650752
1331701002492407808
1331680508531634176
1331677701707599872
1331677337436483584
1331660797920075776
1331660157349208064
1331660050906181632
1331659005392019712
1331658578755788800
1331449696896888832
1331312770650923008
1331311020867006464
1331309285880570112
1331306882594697216
1331296115405312000
1331291192814952448
1331098517360807936
1331087938038403072
1331086054028406784
1330982368774156288
1330978054609530880
1330967512822001664
1330951385249144832
1330933986441486336
1330930117309247488
1330728966794186752
1330648961368150016
1330582048818556928
1330560570987343872
1330418070289059840
1330265954526375936
1330264336158380032
1330237862873341952
1330233186664779776
1330232670987706368
1330232267202048000
1330232112004407296
1330114650860630016
1330113556411539712
1330005945250947072
1329893746926891008
1329891223755223040
1329888900848947200
1329885120749252608
1329884271889313792
1329846198077976576
1329814476372185088
1329749705996296192
1329648791385989120
1329525497349500928
1329523539431600128
1329521807758594048
1329520043651198976
1329517611328172032
1329517368918339584
1329286975241793536
1329147433348190208
1329140933825355776
1329134594520715264
1329134214323838976
1329134166596841472
1329134133625413632
1329091883788771328
1329089503940681728
1328912436452339712
1328809887640465408
1328781460833230848
1328780772434698240
1328780558051274752
1328653958836051968
1328554423866580992
1328452152780615680
1328441432709926912
1328428050829217792
1328427951512317952
1328424067498536960
1328422515958575104
1328420384543223808
1328416116444688384
1328369927569502208
1328366563179847680
1328319945550274560
1328318447432982528
1328196841628966912
1328195173474578432
1328193982128672768
1328081006625222912
1328077953050275840
1328077094883106816
1328076805144801280
1328048421224271872
1328047903890345984
1328013216501338112
1328012868558708736
1327858296406093824
1327856889204535296
1327855612496122112
1327855422758400000
1327724256390737920
1327723788646158336
1327719680342183936
1327718806496665600
1327718669594603520
1327717819895734272
1327707218532298752
1327697037949874176
1327684044931424512
1327644574668517376
1327454341683408896
1327346762424721408
1327339346601648128
1327339180360425472
1327338581078237184
1327338547519631360
1327338094333407232
1327094668249718784
1326996548996182016
1326992861208977408
1326935446270730240
1326930507263848448
1326930206368673792
1326748743388033024
1326632137655791616
1326628547998441472
1326624699875553280
1326623055830016000
1326622932072865792
1326386979282558976
1326280599900971008
1326244017248591872
1326241873774645248
1326240074472763392
1326238854861492224
1326230933696077824
1326229597562802176
1326206276876046336
1326203141151453184
1326036070090334208
1326034816417079296
1326009059766640640
1325906494995435520
1325877859995574272
1325876720340267008
1325675550061498368
1325534965447192576
1325529416961822720
1325371318963998720
1325371049865863168
1325363947361472512
1325301331985387520
1325192994270507008
1325190806140030976
1325189312942575616
1325160024318992384
1325159916567367680
1324970048470061056
1324968964263440384
1324818221543940096
1324817751198867712
1324804444932972288
1324799137787924480
1324754548586590208
1324747407247159296
1324747244181049088
1324746830450774016
1324746204245336064
1324745907842224128
1324745094294085632
1324614815722229760
1324577339498483712
1324441436167802880
1324435642911260672
1324432318543650816
1324429412247441408
1324425892215533568
1324386158411976704
1324384591176753152
1324383605213319168
1324234555377799168
1324102758723690496
1324097569870483712
1324096276368154624
1324084481146474496
1324083906497437696
1323837586956312576
1323734273715769088
1323729015673376768
1323697620032913408
1323694981001945088
1323474748584660992
1323366669247533056
1323351095800930304
1323349777350877184
1323269495524413440
1323180214751514624
1323144495031083008
1323113027743502336
1322902561226133504
1322901102241697792
1322778810505453568
1322777875918053376
1322775055034667008
1322771365548752896
1322627640914857984
1322608445498003712
1322607786161803264
1322547961474306048
1322402697606254592
1322280576267755520
1322168987531251712
1322145439693656064
1322115094847827968
1322041546045333504
1321948477379743488
1321942974025113600
1321928874456977408
1321830075818512384
1321813679457865728
1321706127747387392
1321598162507845632
1321556392084447232
1321503246016565248
1321424299635450112
1321372976961474560
1321357803748024320
1321337217609015296
1321206644991295488
1321186101936201728
1321183072612720640
1321175339293429760
1321144412550868992
1320863326717595648
1320829092204347392
1320826476091084800
1320606006766952448
1320478636881911808
1320424568880848896
1320338449719824384
1320328299982225408
1319700221732020224
1319686250979348480
1319684486079139840
1319389292867845888
1319262704473956352
1319197389375311872
1319024747695439872
1319021665431572480
1318778484278382592
1318655272781598720
1318594896962441216
1318593813896695808
1318584017361436672
1318582498213974016
1318571078374010880
1318570355318005760
1318570014774071296
1318295361996414976
1318141005854576640
1318046962684448768
1317935845731610624
1317930203897860096
1317924182617919488
1317922426504826880
1317922383857057792
1317922311920640000
1317495225766629376
1317494438424346624
1317494180562849792
1317335165425909760
1317334936781807616
1317334909195866112
1317333910095826944
1317328646114344960
1317177331505573888
1317177286957944832
1317177258038202368
1317177226442530816
1317177115482214400
1317177073681793024
1317177044225187840
1317177013833289728
1317176972909436928
1317176937308131328
1317047668242337792
1317047638093647872
1317047601192181760
1317047569277722624
1317047527997362176
1317047476763922432
1317047445277319168
1316979830664155136
1316979755514810368
1316979717661220864
1316979684454912000
1316979636237119488
1316979549452775424
1316979512404566016
1316979396750774272
1316852897108373504
1316852847099752448
1316852813176213504
1316852663183650816
1316849739237916672
1316849541468098560
1316849482122788864
1316848901975138304
1316848858434019328
1316848784224276480
1316848747373105152
1316847179445735424
1316846167515369472
1316846151900057600
1316777113375125504
1316257946423132160
1316120285595172864
1316119080202653696
1316063739062476800
1316063704966987776
1315875033101873152
1315874477700526080
1315873058566086912
1315763431748898816
1315752624868687872
1315668910780416000
1315510010957438976
1315400499588366336
1315396749238902784
1315395810964762624
1315395680115007488
1315395653753806848
1315393828573138944
1315392825643749376
1315390413277196288
1315389626153086976
1315389626148950016
1315389312322744320
1315389309256638464
1315389118017400832
1315389091236712448
1315389058475061248
1315389030025048064
1315388996026073088
1315388965848059904
1315250165075279872
1315249247667867648
1315248395888492288
1315230960925900800
1315152167209140224
1315150315927277568
1315058107245047808
1315055181265076224
1315026118748053504
1315022673676730368
1315020496732389376
1315020244868575232
1315018349814976512
1315018248925184000
1314974949308760064
1314955986772389888
1314792305723944960
1314671301726961664
1314654184881483776
1314650507508699136
1314646912113545216
1314643237672570880
1314433137192177664
1314298009992167424
1314294770043363328
1314037625796399104
1314036225112760320
1313927316263837696
1313911193975873536
1313904900938649600
1313706875515478016
1313585537899548672
1313578930209779712
1313557207364104192
1313552623828701184
1313551991549890560
1313370212016816128
1313362576848433152
1313339551130226688
1313335298898776064
1313334376298672128
1313232825290813440
1313227784681066496
1313227018738241536
1313223261904408576
1313215539217653760
1313215047947214848
1313209541442576384
1313208054738022400
1313196057447333888
1313191207116451840
1313190853146546176
1313168794475528192
1313167934680948736
1312985995575525376
1312971682328576000
1312870436863184896
1312863563275472896
1312788017917157376
1312756925789024512
1312695916487487488
1312695403763118080
1312598227678572288
1312594190979735552
1312592941853048832
1312592108105199616
1312515118635253760
1312507974087184384
1312505107058053120
1312500460318646272
1312475291571286016
1312464909175726080
1312432940148830208
1312431672122585088
1312378152719704064
1312363432373628928
1312361768329641984
1312361262542618624
1312361206196441088
1312361146469490688
1312360847046565888
1312286555034316800
1312254252585189376
1312249597939666944
1312247278539812864
1312138307359264768
1312125718625546240
1312121300614213632
1312119368944242688
1312108285135216640
1312106040557662208
1312103213496111104
1312091714375606272
1312060606548267008
1312060575204208640
1311956115140292608
1311769571020476416
1311768472544833536
1311768111767384064
1311763062668644352
1311762784418435072
1311762289763192832
1311758912497029120
1311758442353299712
1311753729574658048
1311527852609806336
1311526611821395968
1311414810983137280
1311377098670567424
1311374254529753088
1311374171948150784
1311373777088000000
1311373756284260352
1311373617192632320
1311165115643957248
1311053397123051520
1311052493615439872
1311050789356531712
1311050387596738560
1311049198251520000
1311032385136406528
1311031950396862464
1311031901579350016
1311031872198250496
1311031791940177920
1311031741524606976
1311031272425357312
1311030845147316224
1311030461607674112
1311029699804573696
1311029474050309888
1311029442530234368
1311029309356814336
1311029069312557056
1310804526560145408
1310670815902543872
1310636784028614912
1310636374547148800
1310636298881970176
1310632481998151680
1310626738028851200
1310448425322807296
1310317719959601152
1310311310597533696
1310310799378964480
1310303296243073024
1310301745420152832
1310301718090047488
1310287866728194048
1310287835845611520
1310283223407169536
1310282967990890496
1310282388849733632
1310281968030973952
1310281656977289216
1310281169443991552
1310277669632835584
1310219883528032512
1310202964292907008
1310060094890147840
1309971987486380032
1309971648548876288
1309959712109203712
1309956381781393408
1309955002560065536
1309949932816740352
1309948962674274304
1309943479116730368
1309922022110228480
1309921412531064832
1309912653209444352
1309721499104940032
1309609366514020352
1309606525107867648
1309604005463691264
1309603238661042176
1309601270056062976
1309598344097009664
1309597445500940288
1309596800156946432
1309571261220216832
1309561842189185024
1309504095238213632
1309501888509943808
1309501868863819776
1309386887388426240
1309383259357356032
1309379227951730688
1309379060267732992
1309378865270329088
1309360289691963392
1309258539513282560
1309233857913327616
1309208775421841408
1309208072078925824
1309203551852343296
1309202063100915712
1309186523934461952
1309170144636215296
1309169753458700288
1309166636709089280
1309164440764416000
1309161166200025088
1309160973366951936
1309160954060517376
1309159597937225728
1309159313445920768
1309158908976656384
1309158847932755968
1309158009143267328
1309125824721944576
1309110080273633280
1308989375942930432
1308879530455642112
1308877218018471936
1308877175072972800
1308877135873036288
1308857537815547904
1308803608805244928
1308802617146048512
1308801315523493888
1308626159379283968
1308625904336277504
1308508506618724352
1308506949416374272
1308506838472810496
1308506664186916864
1308499134878543872
1308466609376448512
1308466035742461952
1308464509875564288
1308462926571933696
1308456247130312704
1308269542548930560
1308151196180508672
1308149810793414912
1308132390892695552
1308131213316706304
1308119025688477696
1308104278087794688
1308081245784551424
1308079699613175808
1307874609157595136
1307776272714600448
1307773050054684672
1307764607222771712
1307764101188333568
1307697067238797312
1307602742576328704
1307422185296990208
1307418018406895616
1307411734597177088
1307408476176634112
1307408416701386752
1307407467119365888
1307407426145181696
1307407291096891392
1307407133776977920
1307371092768698368
1307370523849039872
1307370300749774848
1307364230295846912
1307355503190778112
1307343997522804736
1307340558961184768
1307179110020583424
1307065867033890816
1307063515430219776
1307060687554908160
1307052715240034304
1307036452207894528
1307036415864299520
1307027809919959040
1307026578551996416
1307026184379736064
1307026113298935808
1307025818573562112
1306875903163727872
1306830564780134400
1306697341357953024
1306692875569201152
1306678092245676032
1306664761703235584
1306663824209129472
1306663765254066176
1306656836733595648
1306623567275143168
1306460245548564480
1306323290378645504
1306306739990650880
1306285677294870528
1306284918989828096
1306088315171602432
1305992844520419328
1305940215656308736
1305939181307342848
1305852660835405824
1305852524931538944
1305852485232459776
1305851933253660672
1305851856669880320
1305848646009786368
1305727534034714624
1305600778736934912
1305596690888622080
1305587696002309888
1305568738880741376
1305565693199486976
1305563705330073600
1305563680210378752
1305563193268408320
1305552197380440064
1305378343727104000
1305250651463614464
1305247025315880960
1305230596541743104
1305229873363943424
1305204177275150336
1305194240503357440
1305062964215546112
1305059459551514624
1305047175387381760
1304889402531942400
1304830724097310720
1304829562854019072
1304632339981651968
1304530509238853632
1304504867948552192
1304496764658102272
1304495376058273792
1304487530411307008
1304282822086201088
1304151980030529536
1304150995656679424
1304150221363056640
1304150196214005760
1304047303121133568
1304045740612878336
1303922435490811904
1303797855732326400
1303796335993389056
1303786305516691712
1303783047402319872
1303562979917562112
1303555534763819008
1303448876431671296
1303432144249815040
1303402444496478208
1303402429292122112
1303402224010354688
1303390196117975040
1303315720336560128
1303288252502282240
1303229841966235648
1303207356122173440
1303203560176389888
1303184356970827776
1303078156807688192
1303014885085900800
1303014633737986048
1302832617738457088
1302703548766060288
1302692585853591552
1302556431439335424
1302556398211993600
1302499657562689536
1302366179202338816
1302337476170854400
1302330852442083328
1302329929602920448
1302281259624919040
1302275080857300992
1302273679557111808
1302271990871584768
1302257213587755008
1302248773377306624
1302134162556686336
1302124945057755136
1301951022814953472
1301777311814082560
1301751495415738368
1301744955879297024
1301744332375027712
1301742673167109888
1301627556345581568
1301626147734728704
1301624041116229632
1301600494113222912
1301587211796741888
1301583186443591680
1301582826316365824
1301582721769242624
1301582505817104384
1301580120784875520
1301578888703770624
1301434889275932672
1301383744184635392
1301382905063759872
1301250101114007552
1301249709240090624
1300919825750020096
1300919156318113792
1300917446178676736
1300909257651519488
1300863457026338816
1300815998933762048
1300776463248093184
1300669558710296576
1300663899226767360
1300636080568442880
1300524812616511488
1300523139886133248
1300519997882675200
1300507411644666112
1300503857970270208
1300501536922112000
1300487512037699584
1300486817599361024
1300484906473185280
1300449239412224000
1300448575105708032
1300444305744592896
1300444180150456320
1300443859835588608
1300418559093485568
1300418410887741440
1300310359295905792
1300174490794635264
1300171212392456192
1300166593813655552
1300166402926612480
1300165310574714880
1300156505338109952
1300156198554140672
1300153529848520704
1300152899834712064
1300083286035890176
1300057843651969024
1300053336595533824
1300049630449807360
1300047693566402560
1300042798566182912
1300040343744806912
1300039885739487232
1300034822136631296
1300015237899472896
1299978886663503872
1299805912027234304
1299803383021342720
1299789500621770752
1299664725496786944
1299626536430166016
1299578086124593152
1299453994742493184
1299450983953641472
1299449899147239424
1299437328910503936
1299431281512583168
1299422015569506304
1299420977177260032
1299419452195459072
1299379085500731392
1299325545369534464
1299306956411338752
1299305248939552768
1299219189803163648
1299090731102072832
1299065303918411776
1299062311680978944
1299061751309307904
1299060226767945728
1299012790317912064
1298946410503700480
1298946304664637440
1298946235781578752
1298844896695119872
1298843036475064320
1298705302506938368
1298703274774863872
1298701080751202304
1298689394791112704
1298687304072978432
1298684056557834240
1298679889076334592
1298670025155514368
1298668721003692032
1298664230351179776
1298632285030363136
1298630262159552512
1298523576723800064
1298476251804573696
1298474978619334912
1298360585604800512
1298356929379655680
1298354119162433536
1298346105797779712
1298341545188499712
1298335738296139776
1298329346772434944
1298246067612311552
1298232759857623040
1298146161342189568
1298116320291102720
1298000058349232128
1297997657991008512
1297993507865595904
1297979970661343232
1297926401308467200
1297925140370554880
1297924878922846208
1297741005513469952
1297642209538441216
1297642180954267648
1297642024997462016
1297641549820506112
1297638956419493888
1297637521816539136
1297631193937084416
1297630680164241408
1297630373132869632
1297624673895800832
1297619516080427008
1297582123554152448
1297578980476944384
1297559906229325824
1297489246610239488
1297403169866166272
1297400192405319680
1297399383022080000
1297388589408555008
1297246843986939904
1297158553879433216
1297019244081811712
1296947382131798016
1296913672531587072
1296908505446744064
1296904204548792320
1296841160305115136
1296814968222953472
1296792160277352448
1296790369670246400
1296789278849208320
1296784472394928128
1296683604391735296
1296562052903952384
1296553893032321024
1296552829621084160
1296548604002344960
1296544690146344960
1296543740920725504
1296543440923242496
1296536654279254016
1296519339911319552
1296514975880577024
1296496550705868800
1296492031536173056
1296484669702254592
1296418873324048384
1296403249101185024
1296403213479022592
1296320091659829248
1296169373846188032
1296165254632800512
1296154568754114560
1296143587302944768
1296009117165920512
1295955447984394240
1295807276318629888
1295803218879041536
1295763596698411008
1295757397504471040
1295757327245750272
1295580162722082816
1295463897659449088
1295460699074953216
1295460152615874560
1295454380251021312
1295449436940886016
1295437974784614400
1295434522465570816
1295415525233897472
1295415111356747776
1295367035678007296
1295365733967437824
1295111504124157952
1295065295623786496
1295058239512547328
1295057250491535360
1295057032039596032
1294899541775392768
1294891778714279936
1294891192891645952
1294756636242989056
1294756245942010112
1294755495451009024
1294754117286592512
1294753340056915968
1294751020610879488
1294737349293809664
1294736965183709184
1294736415939493888
1294649470894964736
1294635020649365504
1294495515959230464
1294490315693359104
1294369284433600512
1294368401926873088
1294363566020198400
1294362278599557120
1294361660573077504
1294360855639973888
1294360374234558464
1294354702247890944
1294344581782343680
1294343539174838272
1294337701945245696
1294337197169152000
1294333180275818496
1294332289300811776
1294302777523478528
1294302632723578880
1294302458836062208
1294288804174597888
1294286800693977088
1294285361405931520
1294282634902765568
1294243433524211712
1294165425354420224
1294149758056103936
1293999820751896576
1293998686926774272
1293998665556807680
1293998066773696512
1293996596875714560
1293982801574887424
1293975102363762688
1293911696629616640
1293649742908579840
1293647283406462976
1293646807747133440
1293465668113903616
1293406008811954176
1293292774142377984
1293287582676254720
1293274945527648512
1293273024142217216
1293257306533179392
1293229350188388352
1292560586232954880
1292559752761880576
1292547629101056000
1292547477426626560
1292544683621703680
1292411161871364096
1292203570717249536
1292184593391591424
1292183602189553664
1292160344392179712
1291838505409294336
1291836097685794816
1291835932438663168
1291835174150459392
1291835015966400512
1291834396564172800
1291674939452424192
1291475536372474112
1291316259888529408
1291316032259461120
1291315984570159104
1291272958040834048
1291270510702145536
1291136840498585600
1291127002636988416
1291125391726444288
1291119899738243072
1291113517467172864
1291113292140773376
1291113217020825600
1290943619701059584
1290939774413475840
1290933788600668160
1290932897348714496
1290932711817989888
1290930417378496512
1290928867536973824
1290925667828281088
1290768669597933568
1290767987658625024
1290758110320238592
1290757296071610368
1290548190169763840
1290180530600726528
1290164853848465408
1289884195850817536
1289848309759107072
1289648506467164160
1289622028107091968
1289502225895575552
1289457003132116992
1288926670280417280
1288697924189409280
1288469852596965376
1288416177849610240
1288409990647226368
1288373480988303360
1288336346122194944
1288217801824575488
1288217566998073088
1288193599314812928
1288184691221319680
1288171656305946624
1288143850947608576
1288093650715631616
1288088894706196480
1288082632056635392
1288081913589248000
1287974191220785152
1287854853180534784
1287850207070302208
1287847747463393280
1287847634670100480
1287845488948109312
1287844379865026560
1287835277789220864
1287752410446942208
1287612382836129792
1287602940342132736
1287475559182798848
1287471674741403648
1287470713662844928
1287470458930167808
1287318234249736192
1287248019314925568
1287057665655557888
1287033895486205952
1287030803885629440
1286871096864772096
1286770534609453056
1286747882519961600
1286747576784564224
1286747311431995392
1286720121126428672
1286639833717321728
1286399254311968768
1286398756687093760
1286187124388179968
1285783398158655488
1285260065327505408
1285256587402252288
1285065862198829056
1284793851950047232
1284793322016583680
1284787572665995264
1284786340966682624
1284718437156225024
1284227610088792064
1284198640739774464
1283967562771046400
1283714045208596480
1283700293276966912
1283698905700597760
1283653883601063936
1283325462564024320
1283325436169195520
1283325363884568576
1283325253729554432
1282562132261965824
1282534897371021312
1282416134076104704
1282399387717709824
1282054780001624064
1282009005490155520
1281985855972925440
1281906546302222336
1281906502849134592
1281793986018123776
1281608808255623168
1281595039597109248
1281593710715777024
1281593500245655552
1281440209947758592
1281438219054256128
1281309132964990976
1281075345593155584
1280962078472376320
1280952616126685184
1280949782538792960
1280945864446488576
1280942561461440512
1280936026391949312
1280930826067283968
1280928715527139328
1280924877118193664
1280897513260756992
1280874670422667264
1280853604635680768
1280852917038260224
1280850957769871360
1280835702419226624
1280822538210349056
1280822511580647424
1280720568120160512
1280598904996847616
1280598111468093440
1280593918514651136
1280592883234603008
1280384539282505728
1280350997022420992
1280241481140318208
1280228817865408512
1280218156829683712
1280218142166388736
1280077563042414592
1279967982135934976
1279871511608864768
1279868093288808448
1279865311999791104
1279865207767158784
1279865171142422528
1279863112766816512
1279858203354898432
1279856487687429888
1279822121745756160
1279796174824845312
1279794662530744320
1279794412462243840
1279792201099337728
1279744674908037120
1279736058977140736
1279736009731780608
1279735761613570048
1279443263343165440
1279271368677363712
1279174645363683328
1279128954947940352
1278990246399676416
1278545997392687104
1278527202091569152
1278435010874413056
1278372771588976640
1278371568972857088
1278189865306333184
1278189454398799872
1277954663195738112
1277856735961776128
1277853734454820864
1277828817034399488
1277700439048359936
1277523268166209536
1277521222490894336
1277458733300400128
1277332842243076096
1277326610065219584
1277170118443835392
1277168973084327936
1276999964959346688
1276834740667060224
1276827989649620992
1276823510460116992
1276819115181826048
1276634849139359488
1276533342289244160
1276462747606290432
1276462251243757568
1276404857067503616
1276392847474909184
1276226878563631104
1276226139875348480
1276220604258148352
1276115814580707328
1276034749191131136
1275734456939282432
1275518248461701120
1275518178244902912
1275518106358734848
1275518044903813120
1275517981922070528
1275160365488386048
1275136643050201088
1275061976561901568
1275038894569017088
1274909444992831488
1274909428266020864
1274904433202257920
1274776593660096512
1274776419881582592
1274729173689470976
1274727388883058688
1274727140601278464
1274618973364137984
1274614285935796224
1274613721130827776
1274611918037278720
1274386245129588736
1273311498757120000
1272963463057465088
1272765230205059072
1272702834417549312
1272585287626096640
1272239893327085568
1272071425118081024
1272064534551973888
1272063313598451712
1272059163317809152
1271911892659962112
1271911877132587008
1271911861643067392
1271865113524436992
1271847701697658880
1271796214808432640
1271759212046147584
1271758083841285888
1271756607890894848
1271696967819767808
1271696540759994368
1271670716732190720
1271663728765947904
1271638391000576000
1271509490463125504
1271508828056625152
1271482696611618816
1271481778612699136
1271480809636143104
1271433060370788352
1271309558468587520
1271197818137522176
1271169901126979584
1271164796617076736
1271159139146903552
1271109596963315712
1271109431485435904
1270972455998324736
1270943079051276288
1270938309867511808
1270899567949725696
1270830153581592576
1270825133469556736
1270797579631185920
1270784343443717888
1270784183686832128
1270740545909002240
1270731415060197376
1270669701560049664
1270669100684062720
1270666678377078784
1270665806272217088
1270665258328305664
1270647123839791104
1270604825902952448
1270460123014627328
1270450988252631040
1270450854307540992
1270450561826066432
1270439988426149888
1270439121740353536
1270439107303485440
1270439048679743488
1270430599325593600
1270301248907075584
1270069585119793152
1270065559850418176
1270062783128915968
1270008541974351872
1269969003751055360
1269950209792106496
1269928333925588992
1269859371158306816
1269857007105908736
1269854775744647168
1269729592857759488
1269728501566930944
1269727261625851904
1269726516516212736
1269725934527098880
1269725266571558912
1269717347536953088
1269664757512130560
1269586095525822464
1269507942572794112
1269504916571250688
1269394839424163840
1269394591746338816
1269387761418752000
1269383886301265920
1269382064392015872
1269381533913296896
1269381265473634304
1269380993586270208
1269380877336883200
1269380857430708224
1269364452065005568
1269364415607996416
1269364248809017088
1269359007032107008
1269340852675121152
1269313576923209728
1269313549752586240
1269313438993563648
1269313410065367040
1269274681690988288
1269274643875221504
1269271837759934464
1269269239036284928
1269269211999883264
1269268719458541568
1269268693252481024
1269268364440096768
1269268335386144768
1269267700058140672
1269233242416300032
1269232775632236288
1269202683778551808
1269019770604716032
1269014095807873024
1269014059418103808
1269000106465992704
1268995326259707904
1268993281129660416
1268980682421751808
1268980473088430080
1268979737948491776
1268979237861629952
1268977371824168960
1268976567402795008
1268975343014199296
1268967811696799488
1268964184664014848
1268877100561334272
1268877088288899072
1268877079409541120
1268877067023798272
1268877047641890816
1268762947217735680
1268747741993283584
1268656529722478592
1268616695536484352
1268603682180009984
1268601907855216640
1268448057768775680
1268441436019621888
1268414556075896832
1268388606332329984
1268387321931587584
1268296441593843712
1268288129255067648
1268287180478263296
1268269245865046016
1268259681765654528
1268259024086106112
1268245919893504000
1268245574844899328
1268195643564199936
1268020958180380672
1267938483626270720
1267935924048089088
1267920203696025600
1267900556569391104
1267900392526041088
1267899568852738048
1267890333377052672
1267703088346992640
1267699727610580992
1267697048163319808
1267655892754972672
1267645931039739904
1267644691492810752
1267556709628862464
1267552912986816512
1267548076916474112
1267543296802422784
1267496669408526336
1267495609440894976
1267494817040412672
1267494704473661440
1267493829814484992
1267413353003192320
1267370342869278720
1267355585630126080
1267346195795623936
1267320536125845504
1267180820575457280
1267172633055027200
1267167795919433728
1267165947997143040
1267153182209323008
1267152880680742912
1267152654968524800
1267046227327234048
1267043701785792512
1267031536118960128
1267027951083761664
1267011780913618944
1267004623178563584
1266834890156380160
1266831676828770304
1266808874562093056
1266786932014698496
1266784380695072768
1266783806675091712
1266782820048998400
1266768708501938176
1266768147954257920
1266766424841891840
1266755349396234240
1266754024747028480
1266752966834426112
1266751740306771968
1266750847821676288
1266749898659069952
1266708434042454016
1266706978073718784
1266699281186119680
1266694518428110848
1266673377550503936
1266671670946824192
1266670199882776576
1266668381597507584
1266658393592340480
1266655163919536128
1266654636624220160
1266650991744757760
1266650757018894336
1266650640496893952
1266650567700512768
1266650310589779968
1266641605576003584
1266641528207880192
1266641202960642048
1266641042704666624
1266640631486701568
1266640460434624512
1266639748912812032
1266463131020165120
1266438865482592512
1266438850223767552
1266438751741448192
1266426133685374976
1266426009798283264
1266424849439883264
1265944239357263872
1265720149434347520
1265696355281928192
1265645269162622976
1265642223028314112
1265642197153714176
1265642140102688768
1265642061077897216
1265642027317899264
1265307595058938112
1265039220919414784
1265036235279605760
1265034152346345472
1264906360350801920
1264904248338284288
1264829627735965696
1264596313297031168
1264515426136084480
1264465617689731072
1263960571923349504
1263740420657418240
1263739670527082496
1263579019569541120
1263569925022629888
1263567197433139200
1263532813590167552
1263532463348948992
1263532183886729216
1263480000315117568
1263397434245423104
1263366686431944704
1263263561100517376
1263254549407596288
1263249871869546496
1263249281533829120
1263244286004531200
1263243704510398464
1263243562419982336
1262852027144704000
1262843859417128960
1262842785939554304
1262841934013509632
1262838808195805184
1262838314505244672
1262835560617558016
1262822203126620160
1262819510362476288
1262819026583126016
1262817035362451712
1262783725269651712
1262783709196976128
1262754756172251136
1262750629534945280
1262747452269969408
1262745788645437440
1262744971867680768
1262742087729942528
1262733906761129984
1262733712313266176
1262730790359699712
1262729923904634880
1262717610954719232
1262685483903188992
1262685299785818112
1262679632496787712
1262638274444738560
1262637724634419200
1262637500985757696
1262636128181653504
1262634108083191808
1262633294568587264
1262633223567347712
1262633152394203136
1262633092931555328
1262633008726671360
1262632167768719360
1262632104904572928
1262632009781915648
1262631861169410048
1262631741103235072
1262631280484769792
1262631170912800768
1262630772780957696
1262629477802278912
1262629346101153792
1262629214701989888
1262629102353297408
1262628962011951104
1262628806147428352
1262628606032973824
1262628364722016512
1262628245394120704
1262628148937658368
1262628086203416576
1262628029064503296
1262627948538015488
1262627868414181376
1262627724075642880
1262627624427425792
1262627563014369280
1262627480793382912
1262627382659371008
1262627286840414208
1262627197753442304
1262626707179258112
1262626564820393984
1262532699660713984
1262532677770543104
1262519516464062464
1262516365707091968
1262515111379509248
1262514793711362048
1262514044239519488
1262503947815747584
1262503885723389952
1262503217772052480
1262498107075506176
1262497810907312128
1262496283501252608
1262496070367666176
1262495480833101824
1262495399694274560
1262494902744682496
1262491821692858368
1262491154941128704
1262488603877412864
1262484859370512384
1262478333847240704
1262473980407091200
1262473687418224640
1262445562491797504
1262445136388259840
1262444533226364928
1262443755694698496
1262421320224182272
1262416899163521024
1262416474079100928
1262401690852110336
1262399870947807232
1262399837850476288
1262382836562235392
1262382749291331584
1262378427195232512
1262377751220236288
1262377241964613632
1262376673510592512
1262375670845407232
1262374962037428224
1262374338688438272
1262373584728719360
1262373209342689280
1262372435854229504
1262372202143461376
1262371822131126272
1344358284170567680
1344358232664506368
1344358146127634432
1344358072832155648
1344357725191483392
1337471676183941120
1337469869441347584
1337463066619949056
1337462434966237184
1337421071558062080
1337398967240433664
1337108565249679360
1337108376547975168
1337108328992927488
1337108255886221312
1337097246735785984
1337093777199075328
1337091878538317824
1337091856346255360
1337091837446811648
1337091820568932352
1337091803556818944
1337090814690926592
1337089945106870272
1337089460232720384
1337089410823843840
1337089382273208320
1337088899575844864
1337088517026025472
1337087105307205632
1337087048889589760
1337086983034822912
1337086672446640128
1337085609131859968
1337085588739141632
1337085570691031040
1337085346220298240
1337085222727331840
1337085003847622912
1337084310193643520
1337084221702217728
1337084163829227520
1335685053024792576
1328877519064469504
1328657745625673728
1328657720606674944
1328657623894417408
1328657525634379776
1328657466834432000
1328657426497871872
1326243462841331712
1326144339844665088
1326143675458580480
1326085937701515264
1326080885968560128
1325960860121108480
1325960750318440448
1325948338236223488
1325494000103674112
1325291556832735232
1325291385839349760
1325290628838780928
1325255345523093504
1325255076538150912
1325219153469464576
1323575040718364672
1323575006337634304
1323574873659219968
1323563711009873920
1323563686976434176
1323562837185318912
1323115640790634496
1323112857131692032
1323112615544033280
1323112397759012864
1314661142900469760
1314659907753345024
1314658207596412928
1314658013396037632
1314426617008193536
1314426601967415296
1314426539426091008
1309257992483885056
1309089996142501888
1309089839539728384
1308226013923598336
1308225924828192768
1307711394549321728
1307694336080052224
1303806401396060160
1303805789828722688
1303805435682660352
1303130443571658752
1300779663032283136
1300189867721347072
1299469109512548352
1299453123455582208
1299453036285304832
1299452192689131520
1299229429097533440
1298924396984315904
1298748835313995776
1298745640000856064
1298745316989120512
1298734123960463360
1298654447577554944
1298253514758643712
1298253496043614208
1298253449335844864
1298253383229485056
1297935282801647616
1297919462285422592
1297918006669058048
1297220146461904896
1296917035541307392
1296839712905273088
1296839682823725056
1296828738508816384
1296785863909806080
1296785810537283584
1296785782741630976
1296785644178608128
1296785469250863104
1296785185573416960
1296785126664351488
1296785031113867264
1296784972775391232
1296784801140224000
1296784733817495552
1296784709742190592
1296784584030519296
1296784500702183424
1296784470880784384
1296784176444846080
1296564165902053376
1296505484367876096
1296435858497773568
1296435419660386304
1296101863708917760
1296094729143308288
1296054973655121920
1296054689738432512
1296054360372371712
1295965997095059712
1295965977000259584
1293295020875841536
1293294976529571840
1292942683363774464
1292942467789193216
1289926772146938112
1289926742367330304
1289925780051378176
1289925552049020928
1289925506092204032
1289924986023469056
1289924902083006464
1289923969764613888
1289915717471485952
1289914113561427968
1289913176234921984
1289912989152206848
1287815727018369024
1287641691550351360
1287523049101828096
1287521925636530176
1287520085192605696
1287519451747880960
1287518788544585728
1287517841114255360
1287516392422547712
1287515945423065088
1287512481343123712
1287512382244257792
1287512357623795712
1287512338199973888
1287511490094936064
1287511419345342464
1285263778238603264
1285256195855601664
1285122151885021184
1284962512203665408
1284961025494781952
1284593255481511936
1284592130212671488
1284591731405664512
1284377761746911232
1284375914420285440
1284375877384642560
1284375818089697280
1284375794689744896
1284185074607566848
1284170741576081408
1284167149251178496
1284146430958096384
1283440049904901888
1283420141095657472
1283302401068404736
1283301888247701504
1283301752083812352
1283301188339929088
1283300887235104768
1283300681231802368
1283175242677071872
1283175070223998976
1283175043820904448
1283174106217811968
1283174005877481472
1283173824654118912
1283173810934558720
1283173741942525952
1283173665690005504
1283173635507789824
1283173619837939712
1283173593883574272
1283173555845439488
1283173518511931392
1283173484198342912
1283173458634047488
1283091051436220416
1282785874502193152
1282782877290291200
1282720419741683712
1282423824089329664
1282423170616655872
1282373562662359040
1282344123312345088
1282320593124237312
1282320419266220032
1282298087541747712
1282296100662267904
1282296085633994752
1282296060132589568
1282295088899596288
1282295069157072896
1282294977243078912
1282294962252546048
1282294363440263168
1282294239641194496
1281880559770316800
1281879630937456640
1281642709065912320
1281642638601584640
1281642583433850880
1281642557848653824
1281642393880715264
1281642379833946112
1281642168671756288
1281606127508127488
1281606113977421824
1281605994510983168
1281605844912820224
1281605818568388608
1281605793557680128
1281602768311136512
1281602580448260096
1281602514060824576
1281602435023282176
1281602400755818496
1281602013898452992
1281592560515834112
1281592545890512896
1281592517159460864
1281592487396679680
1281592353380278272
1281592260770004992
1281592108789436416
1281592015533342720
1281591956435546112
1281591921706754048
1281591854757294080
1281591838709817088
1281591822205231104
1281591793096822784
1281591772951588864
1281591748951773184
1281591724746379264
1281591663912263680
1281578787411578880
1281578526198714368
1281578384854781952
1281578204323602432
1281578105791012864
1281578046177320960
1281577971963355136
1281577936584421376
1281577899519344640
1281577867013390336
1281577798625374208
1281577717452988416
1281412853757550592
1280982814897438720
1280981833598017536
1280981721392066560
1280981290846576640
1280924744741781504
1280924716728025088
1280924651120721920
1280924638743273472
1280924007437647872
1280923964777345024
1280888561210974208
1280874631906418688
1280872953018793984
1280872422493818880
1280825619593466112
1280825591567187968
1280825568578199552
1280825544725143552
1280825516535283712
1280825296560807936
1280825262029050112
1280825241393078272
1280825200624402432
1280825176968609792
1280825155619561472
1280825001269170176
1280824889532985088
1280824870239174912
1280824570438696960
1280824542961827840
1280824506211356672
1280824492747640832
1280824419477225472
1280824371003736064
1280824241106157568
1280824059945722112
1280823942421282816
1280823647012360192
1280823327007952896
1280823035889664000
1280822896345128960
1280822779902861312
1280822703784693760
1280822662378459136
1280822583479472128
1280621644793380864
1280442064845639680
1280441862638186496
1280386743179587584
1280268329572237312
1280267435816484864
1280267170753187840
1280266755080929280
1280266460846325760
1280265922419318784
1280265505031557120
1280265438618935296
1280265403734863872
1280265387427364864
1279907440851595264
1279877956391878912
1279770964482576384
1279770920656220160
1279677356660133888
1279664236898267136
1279045285117861888
1277726370995621888
1277709466281132032
1277653848224608512
1277653802045386752
1277638928699404288
1277638754627457024
1277637517857169408
1277637060506128384
1277622188108103680
1277580164340350976
1277503336032481280
1277500366502928384
1277500339781058560
1277500317140160512
1277500285800321024
1277500237632942080
1277500156544520192
1277385800519487488
1277385390287212288
1277385350063828992
1277385213727956992
1277384929458995200
1277384698566717440
1277384655990390784
1277384002014511104
1277300406381658112
1277300371183079424
1277298490574540800
1277298252552065024
1277297579294970112
1277297529462435840
1277297495358550016
1277297241888362496
1277296192284737536
1277176302785703936
1277168137587351552
1277022414254141440
1277021898774323200
1277021025163771904
1277020471238803712
1277019962675286016
1277019479134949376
1277018999784603648
1277018519524315136
1276831641802080512
1276831628535488512
1276831512932090112
1276831482749870080
1276831451841998848
1276827684773953536
1276570193670569984
1276570151501037568
1276570031300763648
1276569842838093824
1276569699166412800
1276569223188398080
1276567695392194560
1276553693605826560
1276315177290551296
1276314980971884288
1276314966669381632
1276314949724311552
1276312590071795712
1276312016802717696
1275819158148714496
1275818948404051968
1275818904644915200
1275817881629077504
1275816070943633408
1275729379704934400
1275601233244573696
1275600506979856384
1275558975111606272
1275524709082431488
1275524585677623296
1275193092568748032
1275192249828212736
1275180845142355968
1275179972781576192
1275179971749634048
1275176828882366464
1275176488124456960
1275176331836342272
1275028461783060480
1275028439293198336
1275028385467715584
1275028369877405696
1275028283810340864
1275003183228739584
1274833650064986112
1274828596171980800
1274828342752169984
1274828221285048320
1274827244028997632
1274826998196641792
1274826585162555392
1274826052968353792
1274825654882766848
1274825120725549056
1274824651475161088
1274822584060784640
1274822183500554240
1274811684981485568
1274809341095432192
1274797708461686784
1274795361626980352
1274788685540622336
1274788300885307392
1274787636280995840
1274460607388028928
1274385535906299904
1274385362169794560
1274385261460443136
1274383620929617920
1274383477576777728
1274352547025870848
1274096636298432512
1274096367326158848
1274095622019301376
1274093494043397888
1274092052775649280
1274089771632115712
1274088708908765184
1274088108347326464
1274086691058454528
1274086137628446720
1274085060723998720
1274083220020232192
1274082613863604224
1274082058202165248
1274081025459716096
1274080762728517632
1274079650021617664
1274051767014227968
1274049979930349568
1274048964011208704
1274048858780303360
1274047793058009088
1274028984070701056
1274009149345607680
1273700852432240640
1273700685880725504
1273700560898834432
1273683861751332864
1273566255996383232
1273525091717001216
1273384690339196928
1273384629437898752
1273384246846074880
1272974103499210752
1272974064886439936
1272974038747549696
1272973994338238464
1272616805849235712
1272577103461040128
1272273980234366976
1272273942380711936
1272273829365264384
1272272062980198400
1271979517351952384
1271979072936181760
1271734182725783552
1271599649044955136
1271599599975837696
1271599483500089088
1271599442878218240
1271590823499530240
1271433788883697664
1271244702193459200
1271140046897283072
1271027441373511680
1271010034089111552
1271009995409313792
1270887456628518912
1270885811408510976
1270885654528917504
1270657515592785920
1270656307666845696
1270401511621787648
1270381455227617280
1270380137863839488
1270128354864308224
1270120745008533504
1270120699970105088
1270120650439634944
1270120633331048448
1270116815142891520
1270115788326928384
1270113897241026560
1270113621855657984
1270112027634216960
1270108406259515392
1270108364190687232
1270108339821838336
1270108321786273792
1270108299510382592
1270108269806305280
1270108245357715712
1270107833325977600
1270107787536863232
1270107759586000896
1270107692422529024
1270107600001081088
1270107584079581184
1270107513145430016
1270107488839499776
1270107468983676928
1270107449698156288
1270107426830852096
1270107407583268864
1270107389006688512
1270107349034958848
1270107317888049152
1270107285373751296
1270107262573588480
1270107219816833024
1270105741387587584
1270105457181540352
1270105384112525312
1270105305221926912
1270105019744993280
1270104881836314624
1270104832972554240
1270104585189888000
1270104508157366272
1270104426443833088
1270104238350315520
1270104210911178752
1270104194792423424
1270104172927606784
1270104097845321728
1270103469735714816
1270102862924845056
1270102547630567424
1270102500008497152
1270100252226396160
1270058700192067584
1270058560861474816
1270052999562477568
1270052895082385408
1270050619173330944
1270050521005592576
1270049555590021120
1270039157717557248
1270038822378770432
1270038109506490368
1270037884440117248
1270037820095299584
1270037787471945728
1270037694182313984
1270037512816378112
1270037479387783168
1270037158884184064
1270036954659336192
1270036919095877632
1270036861709410304
1270006236696715264
1270006208964055040
1270006184775429888
1270006167994077184
1270005859649638400
1270005285709635584
1270004627325493248
1270002777159356416
1270002329555742720
1269992273971986432
1269973462552100864
1269972507748171776
1269969585777901568
1269963876671594496
1269963532487057408
1269963446273130496
1269963386466504704
1269963352895258624
1269963154789892096
1269963120711172096
1269963017543974912
1269940700487004160
1269938407045844992
1269792976735285248
1269791717810724864
1269791390072025088
1269691542102515712
1269689998556770304
1269689954457845760
1269689888678522880
1269689625469243392
1269688633755344896
1269688285422669824
1269687231515590912
1269617900073205760
1269466521757245440
1269423270182424576
1269385506539933696
1269385377380515840
1269385368710852608
1269382570430644224
1269382316184518912
1269378659829325824
1269327685739823104
1269190362972774400
1269189847790608384
1269189436891373568
1269189297799864320
1269189143004880896
1269188287530512384
1269182051019882496
1269171079899156480
1269171042565722112
1269170874848096512
1269170849799639040
1269170830535204864
1269170800227164160
1269170572308762624
1269170551572123648
1269170531212955648
1269170500200169472
1269170475026001920
1269170451676385280
1269170381694423040
1269170359879839488
1269170323439734784
1269170274433449984
1269170216610803712
1269170189867892736
1269170157513031680
1269170100214652928
1269170077020143616
1269170046867210240
1269169703433506816
1269168705814003712
1269023238342017024
1268981725432090624
1268980631003856896
1268980602675609600
1268980548657197056
1268980424224706560
1268980387071627264
1268980288417382400
1268980091859722240
1268979647930392576
1268979170597580800
1268959407108431872
1268959314829545472
1268742907374309376
1268740932666642432
1268740345891893248
1268740166476271616
1268739171285372928
1268738683601125376
1268735363553656832
1268735199384395776
1268734752439316480
1268726897841668096
1268724604291473408
1268724542584823808
1268723202513080320
1268723014415396864
1268721269383606272
1268721127532224512
1268719955517804288
1268696346523025408
1268693560557174784
1268664301377683712
1268664274630709248
1268664065641021440
1268664041410609152
1268663957662859264
1268663842734772224
1268663587440074752
1268663174502498304
1268660689582862336
1268658951069011968
1268658651004362752
1268658630590705664
1268657311452672000
1268656852113522688
1268656283781140480
1268656254148325376
1268636655780540416
1268624319430758400
1268616630390730752
1268611628842573824
1268608065210773504
1268607583859834880
1268607456596430848
1268607389554618368
1268586176539172864
1268568387686408192
1268191315726041088
1268191297489252352
1268191280649195520
1268191262513016832
1268191232230068224
1268191216212094976
1268191190895284224
1268191174583562240
1268190696835514368
1268187677276454912
1268058853238808576
1268057749839056896
1268055754067623936
1268053571184005120
1268053317218959360
1268053279122108416
1268053245223714816
1268053186855817216
1268053147123093504
1268053096980250624
1268053058585534464
1268052963924348928
1268052829366824960
1268052788325613568
1268052744423735296
1268052704582131712
1268052667152072704
1268052635451564032
1268052602689896448
1268052565855518720
1268052491565924352
1268052439019728896
1268052403837972480
1268052373492183040
1268052332278886400
1268052278373683200
1268052235939917824
1268052045061337088
1268051955601092608
1268051873807794176
1268051801745633280
1268051708673961984
1268051454981476352
1268051281626750976
1268051203612606464
1268051040550686720
1268050986196701184
1268050829279404032
1268050330165665792
1268012724799373312
1268011372190806016
1268010958414282752
1268004065205727232
1268003283190394880
1267934450379370496
1267929885307277312
1267858446797410304
1267810408620064768
1267787413088276480
1267654388274860032
1267654341508333568
1267653696713867264
1267575143452291072
1267571892933791488
1267571826424717312
1267515131996581888
1267296163864154112
1267290498944970752
1267278272489979904
1267223145712422912
1267222318574637056
1267220837977010176
1267193412966637568
1267143135353810944
1267131269709692928
1267003012708536320
1266998013546893312
1266995803203215360
1266957155497922560
1266935513157718016
1266933695337938944
1266857744423890944
1266857657320775680
1266857518065737728
1266857498910371840
1266857480937758720
1266857463288078336
1266857443071537152
1266857425623285760
1266857407906488320
1266856020095221760
1266855445844692992
1266854456064425984
1266853967079890944
1266853947953774592
1266853722774102016
1266853704751354112
1266853648585371648
1266853629291630592
1266853611855917056
1266853592717316096
1266853575612862464
1266853558290448384
1266853540544339968
1266853522773086208
1266853505316380672
1266853487863881728
1266853467404066816
1266853433665036288
1266853382863630336
1266853363334946816
1266853345307898112
1266853167083462912
1266846878735400960
1266846877011623936
1266846876873175040
1266846876810215424
1266846876684496896
1266845749079412736
1266845171448233984
1266844901683142912
1266844257177997312
1266843015185866752
1266842805801975808
1266842496425955328
1266841364735631360
1266809126698586112
1266785470698205184
1266785325252296704
1266785081890426880
1266783723204349952
1266772812884312064
1266757915651837952
1266757887218659328
1266673678827368448
1266673215033741312
1266672122757370112
1266670279478173696
1266669922299588608
1266669027839131648
1266509659902545920
1266509306851201024
1266509099426070528
1266508950389903360
1266508822446772224
1266508228780794112
1266507612427825152
1266427366114578432
1266407295065501696
1266407202950168576
1266406831041150976
1266393028341780480
1266392415788810240
1266388255907463168
1266376189834178560
1266369090060382208
1266180579948716032
1266180210044649472
1266179458567987200
1266179438267465728
1266179397343752192
1266142542950694912
1266139114035962112
1266137179987861504
1266126302240813056
1266125852741419008
1266120483575128064
1266069839766003712
1266069682228015104
1266068803240197888
1266068393502834688
1266068343397724160
1266068019559772160
1266040400223113216
1266013055160406016
1265997562764558336
1265777961430638592
1265775920381669376
1265774879716114432
1265774832878260224
1265773860437274624
1265741353465544704
1265734855368867840
1265734582596501504
1265714891924606976
1265714851961344000
1265714755018412032
1265714650731237376
1265701996721508352
1265700923629805568
1265692721177640960
1265692622561128448
1265691058903691264
1265678140833218560
1265677916626706432
1265677737165012992
1265677657624195072
1265677099861409792
1265676878972666112
1265656392066662400
1265656335875608576
1265656317374496768
1265656288324849664
1265639397027991552
1265636561703534592
1265635948685144064
1265635779948302336
1265635131747979264
1265635111573377024
1265635094468976640
1265635074470490112
1265635056774676480
1265635037086613504
1265635014877814784
1265634978681040896
1265634937157361664
1265634916529770496
1265634899366686720
1265634845532868608
1265634821692366848
1265634798946656512
1265634773801680896
1265634747465809920
1265634695104139264
1265634675600625664
1265634655837065216
1265634633183645696
1265634548135669760
1265634529479405568
1265634511079047168
1265634490300465152
1265634471086358528
1265634444590923776
1265634385417703424
1265634366815862784
1265634350042882048
1265634333001424896
1265634317398654976
1265634300680196096
1265634284934696960
1265634267838787584
1265634250746978304
1265634232694706176
1265634215384813568
1265634195633844224
1265634173022285824
1265634151685857280
1265634131658096640
1265634114415333376
1265634096086212608
1265614721094483968
1265614573492633600
1265601409065549824
1265600528769310720
1265600032348286976
1265599635898458112
1265589344250802176
1265587462778347520
1265586968378908672
1265566146704674816
1265562762979180288
1265431474469310464
1265428166912421888
1265428079117295616
1265427582310404096
1265426888106934272
1265425863459385088
1265425822460121088
1265425743904989184
1265425712632287232
1265425653459030016
1265425505219731712
1265425445236936704
1265425360369352704
1265425285278818304
1265424889563013120
1265424396774187008
1265420875442139136
1265420348444610560
1265419719399608320
1265419145501388800
1265418740088410112
1265418693967785984
1265394291725283328
1265393603335073792
1265393420161384448
1265393400938971136
1265393379262844928
1265393237033959424
1265392673520787712
1265391995004112896
1265374713053957888
1265374363571957760
1265374174740127488
1265373875279364096
1265373690474225664
1265373373456175104
1265372803643170816
1265365350062882816
1265365002178965504
1265364955236311040
1265364924672466944
1265364866694594560
1265364795479470080
1265351662677483520
1265351438407995392
1265351394535538688
1265351352340942848
1265351312322985984
1265351262977101824
1265351218777468928
1265351179518783488
1265351139345793024
1265351024321212416
1265350999440580608
1265350968973107200
1265350937058725888
1265350890048946176
1265350854489538560
1265350821019037696
1265350793235922944
1265350758825897984
1265350721987379200
1265350686826467328
1265350667302035712
1265350636666851328
1265350598515400704
1265350561370693632
1265350540931842048
1265350208285741056
1265349737693274112
1265338667880648704
1265326852266176512
1265326442184876032
1265325009209360384
1265322510343712768
1265322282970382336
1265321969211314176
1265320642854957056
1265278456037642240
1265277286070149120
1265276947170357248
1265276159857553408
1265275926360678400
1265275410037698560
1265247404875493376
1265246775708987392
1265246225365733376
1265245833387278336
1265244461967302912
1265244411346198528
1265240716265086976
1265240640939536384
1265240521380937728
1265239474172280832
1265236597886332928
1265236580228313088
1265236561463034112
1265236241836060672
1265235638217048064
1265235619602628608
1265234251408080896
1265234231338455040
1265234211360866304
1265234190070616064
1265234170940403712
1265234151663435776
1265233184599486464
1265232936468647936
1265231862152167424
1265231744950771712
1265231376279879680
1265231252858245120
1265231188345618432
1265230562614284288
1265230540556374016
1265230517332516864
1265230495396376576
1265230462936584192
1265226447037370368
1265226389357297664
1265226351335870464
1265225500907241472
1265225474713825280
1265225451125067776
1265225400784994304
1265221607821381632
1265221586342330368
1265221158158454784
1265219842732445696
1265219804375535616
1265219780908331008
1265218813110497280
1265218788691238912
1265217394089304064
1265217342558089216
1265216822405726208
1265216799513219072
1265216774762631168
1265216752155275264
1265216172888412160
1265215952976740352
1265215070600155136
1265215050756866048
1265215030309662720
1265215009124220928
1265214986730831872
1265214962789765120
1265074735056109568
1265073884493217792
1265073526253518848
1265073415150538752
1265073229615501312
1265072223854960640
1265072101062512640
1265071432180137984
1265065618547658752
1264978791740461056
1264974767305744384
1264974142115328000
1264973432472637440
1264971458897416192
1264967440695537664
1264967173811904512
1264966823742705664
1264966550643257088
1264951122487320576
1264951035023560704
1264950944246181888
1264950903469215488
1264950869298237440
1264950834497978368
1264950781326827520
1264949081237045248
1264949041990860800
1264949006377115648
1264948970167635968
1264948947740696576
1264745538416771072
1264745024245424128
1264676822387736576
1264662103375466496
1264661875767287808
1264660896632188928
1264646885794623488
1264646377440673792
1264419148454600704
1264418523918618624
1264418143574863872
1264310489456226304
1264261574296043520
1264261168035762176
1264260932542304512
1264260883359956992
1264243401391816704
1264243236203356160
1264242979360968704
1264239885747195904
1264232256912097280
1264231651833413632
1264229637623885824
1264228904795025408
1264228121307426816
1264225569153130496
1264223904819806208
1264220620222541824
1264214765154508800
1263974762818273280
1263967835841196032
1263642495981944832
1263639472438198272
1263297013472509952
1263296950893502464
1263107201616527360
1263107129126207488
1263106298670796800
1263105972463038464
1262812011437621248
1262811566795341824
1262717734367920128
1262710374333382912
1262710305148284928
1262705399641276416
1262703456168615936
1262701150421344512
1262199182405885952
1262179961810583552
1262179851156492288
1262022883951419392
1262021415370469376
1261771136095920128
1261756403846459392
1261756249181434112
1261203512186351616
1260622331791265792
1260622207434272768
1260621489826660352
1260621353939619840
1260619083701194752
1260618693819711488
1260558634834170112
1260374722895904768
1260373487497220096
1260002783316631552
1259590554733731840
1259590462320644096
1259589660298416128
1259585550425735168
1259584563354963968
1259254170772791296
1258923602386325504
1258921461936533504
1258914976242204672
1258914354155708416
1258913769591275520
1258911594794418176
1258911368348143616
1258877731170893824
1258873568596840448
1258872879074234368
1258871501660606464
1258871207455227904
1258870636161761280
1258866443027972096
1258865868773240832
1258863968522768384
1258860927530741760
1258860362989961216
1258858344967737088
1258857256717897728
1258857225092845568
1258854556110372864
1258853835319230464
1258851085835534336
1258849725513596928
1258849417060397056
1258846004473970688
1258844225719939072
1258781407213768704
1257830781931737088
1257148594169229312
1257039756183121920
1256936948289146880
1256936915758088192
1256934338178043904
1256771898991673088
1256769353728561152
1256767580477501440
1256767543122878464
1256766676466532352
1256766605712859136
1256766113947570176
1256766045064499200
1256765976470847488
1256765913384333312
1256765817032712192
1256765771415457792
1256765733641609216
1256765680512380928
1256765606663159808
1256765492578189312
1256765235026935808
1256765196892360704
1256765116424638464
1256765053753331712
1256765006940704768
1256764973122031616
1256764919246196736
1256764892482338816
1256764836790370304
1256764801600102400
1256764751285272576
1256763630902816768
1256763192975351808
1256761237444182016
1256760452853399552
1256758946041409536
1256757507143487488
1256754402775400448
1256752960027189248
1256752695354036224
1256751576653463552
1256751328077938688
1256749154585513984
1256698062971568128
1256697459184734208
1256697243593314304
1256697162655764480
1256341409357074432
1256341354663350272
1256341314137993216
1256341200971448320
1256341062529974272
1256340883731099648
1256340834510913536
1256340667543875584
1256338279881781248
1256336435277254912
1256335747310694400
1256334719236497408
1256334102707335168
1256333769763512320
1256333740931858432
1256333346759536640
1256333283731755008
1256333027627556864
1256333006035288064
1256330538849189888
1256330503528955904
1255938127295926272
1255937469645836288
1255937145170268160
1255936683838767104
1255936255432548352
1255933820789981184
1255932204988981248
1255850973223927808
1255850911164968960
1255850874045370368
1255849971108151296
1255702997696421888
1255699195559907328
1255669835629019136
1255658854811082752
1255657563582017536
1255657536197398528
1255657501200171008
1255656084196470784
1255653966806999040
1255653919474188288
1255653885101977600
1255653579572084736
1255653384511782912
1255640737925996288
1255640407599349760
1255640283154452480
1255640116141441024
1255632422558981888
1255617064196341760
1255509848378277888
1255509807697625088
1255499256502333440
1255299710824468480
1255272467788111872
1255266484072386560
1255264516536967168
1255261468846698496
1255261427046264832
1255259916031442944
1255257201586864128
1255257069705482240
1255257056912736512
1335531844578709504
1334542360336887808
1334193328221548288
1334171464505962496
1334169907827765248
1334162540453125888
1334071182660919296
1333840325102751488
1333457817722875904
1331029475790905088
1331029250766417920
1330931377957646336
1330930803585540096
1330929989089366016
1330013011189362688
1329507828185370624
1329472259615043584
1329458083416989696
1329268543872000000
1328984965032370176
1328948134794457088
1327444062652289024
1327207059411103488
1327205664775614464
1327111313307406336
1326903719900884992
1326903509338480640
1326903287694708736
1326902533516832768
1326557916258840576
1326557764391493632
1326539741471272960
1326506118403776512
1326505975759638528
1326505884382613504
1326236519749857280
1326216554183340032
1326181101325471488
1325993350307213312
1325507948009967616
1325507184155824128
1325492052059156480
1325491937013616640
1325474156142583808
1325473784426618880
1325472556544094208
1325132938653003776
1325132279430086912
1325082680258605056
1325081506361057280
1325072562615951360
1325072386627162112
1325058401072787712
1324535362597855232
1324530379873800192
1324530285925617664
1324530180568866816
1324416577425543168
1324290811165577216
1324141369183686912
1323928211852566528
1323892992785207296
1323891320159637504
1323662327770734592
1323659520632127488
1323652065202212864
1323349616427937792
1323317621689823232
1322850192094334976
1322755692290281472
1322483772785393664
1322483220294868992
1322224049171402752
1321352062152642560
1321018971005607936
1320868607610552320
1320686353584214016
1320114278221971712
1320089491151966208
1319980854639251712
1319969313470746624
1319965357763928064
1319951071314366464
1319897899476594688
1319866804064423936
1319547873999060992
1319491791696122112
1319343156983402496
1319340522830442496
1319326046924189696
1319304769652084736
1319279424827584512
1319254499765223424
1319239754731356160
1319234856321228800
1319231271600521216
1319228016745205760
1319227598904414208
1319182189074972672
1319179480955559936
1319134210091876352
1319133400784130048
1318876422140821504
1318876290821296128
1318621155809501184
1318608861562109952
1318452615240450048
1318441657721815040
1318364695619928064
1318246530143391488
1318136058220060672
1318123124341223424
1318078893438402560
1317894792043429888
1317894160863662080
1317891887072673792
1317884027253215232
1317881979065565184
1317880169701531648
1317879064565264384
1317760374201077760
1317760346128634112
1317760316151824384
1317758327259058176
1317758153136742400
1317758069535899648
1317757966653681664
1317757937264320512
1317527308186603520
1317516319630254080
1317516021717213184
1317446822848245760
1317442140071464960
1317441757857091584
1317357534441865216
1317143504741670912
1317142949629657088
1317140785100251136
1317136999518785536
1317053894715990016
1317034428611395584
1317028916217974784
1316679846068658176
1316666877444272128
1316663440249946112
1316663041916887040
1316645590520954880
1316628622107701248
1316628247753502720
1316628084137897984
1316624749615894528
1316624059719979008
1316467050001432576
1316456273639075840
1316400137468612608
1316342219679227904
1316272580660256768
1316211382094909440
1316094629104754688
1316079396957155328
1315988812997296128
1315872484055568384
1315771727331368960
1315637627190681600
1315247149022621696
1315199321126641664
1315198996743426048
1315198056229490688
1315197447623380992
1315195154731536384
1315194150179004416
1315189563430760448
1314918291278835712
1314866954541428736
1314830817579982848
1314621508128473088
1314618830191316992
1314261984926367488
1314212659584098304
1314210833107279872
1314210299486981888
1313806546778939392
1313584045113200640
1313582404246831104
1313582209840877568
1313561196096901120
1313560826100559872
1313559129085161472
1313544063891706112
1313543546042028032
1313530974198788096
1313503440304250880
1313162170889170944
1313151305016176640
1312760408336457728
1312730033786703872
1312595816343797760
1312398077932843008
1312393702384508928
1312335119412269056
1312334129191583488
1312334084845244416
1312333991681417216
1312330010938814464
1312019251469914112
1311999815841124352
1311987253544181760
1311909163983831040
1311717430109130752
1311708877881323520
1311708523869462528
1311657358951690240
1311650431681155072
1311649573031600128
1311622388291903488
1311613471432355840
1311607130449997824
1311506491271188480
1311354101289160704
1311332380876115968
1311304721035079680
1311284635821895680
1311225213439414272
1311214954561900288
1311196467856539648
1311194149408976896
1311192206867419136
1311186173407236096
1311161494797791232
1311023541991755776
1311007064127397888
1310966347006963712
1310869594274439168
1310839520561115136
1310829986933338112
1310826447754481664
1310630898707189760
1310478194949193728
1310465494349156352
1310403107390709760
1310285068695371776
1310284680554590208
1310252409894076416
1310238620125671424
1310232231319928832
1310232026138714112
1310231306043875328
1310230291097825280
1310195113008791552
1310150446380613632
1310112233725325312
1310111864676904960
1310110917707927552
1310099423058329600
1310094424236593152
1309758349123162112
1309554094122708992
1309552377771458560
1309481926743515136
1309481713756762112
1309477591296999424
1309477533600055296
1309477474670194688
1309477378150797312
1309451551828783104
1309443816055877632
1309424199853920512
1309421329846808576
1309416387723636736
1309416236808372224
1309416139672506368
1309397407860391936
1309392260610560000
1309389180292804608
1309382161242484736
1309305838524338176
1309304231279689728
1309296932322508800
1309294691817533440
1309151570236444672
1309150727986655232
1309150399442685952
1309150299727290368
1309150113261072384
1309149923796029440
1309149285368426496
1309129281738543104
1309086869624360960
1309071462863699968
1309015446201552896
1309014618065469440
1308857384853438464
1308845011090509824
1308835796905058304
1308831205408768000
1308829568556503040
1308829521349672960
1308828770846023680
1308828504432283648
1308827917829496832
1308827273773056000
1308806512551383040
1308797218850250752
1308759508534079488
1308741415208390912
1308724634179821568
1308724350108004352
1308722179694120960
1308721628138876928
1308721560086368512
1308720870605705216
1308708898703118336
1308693057135616000
1308677460628770816
1308591742824919040
1308474529866559488
1308471732857167872
1308453959905038336
1308441419711905792
1308439914015490048
1308439487333257216
1308419174033690624
1308414871709548288
1308413076325249024
1308401803516612608
1308399484976672768
1308289180443635712
1308137617880424448
1308136603525828608
1308096082010943488
1308013648879783936
1308013359623737088
1308004781617803264
1307997517813108736
1307968514477744128
1307951901850435584
1307940778350649088
1307706057800798208
1307675783855575040
1307668300273463296
1307668243746820096
1307668150335528960
1307667979291840512
1307667899956498432
1307667770172112896
1307667730838020096
1307667561014845440
1307667449756692480
1307667304809930752
1307630637155745792
1307629565221711872
1307625561662119936
1307615721682333696
1307288676679004160
1307272362451230720
1307266736861913088
1307197184111267840
1307182488637374464
1307024505777402112
1306960848028667904
1306959559580410112
1306958081524461568
1306930491191328768
1306924127941537792
1306921248996368384
1306879590154014720
1306787176848470016
1306656765069713408
1306607064744067072
1306606732957884416
1306606577365942272
1306606153430859776
1306590261691265024
1306589087877468160
1306322447256432640
1306322218947956736
1306307240115175424
1306306850489499648
1306279792501755904
1306236128207474688
1306219974894157824
1306217616198062080
1306215724843753472
1306197136963448832
1306196942393872384
1306191162450083840
1306190796996186112
1306190555915878400
1306189875155263488
1306125961952407552
1306023792796471296
1306020646162440192
1306014372439961600
1306013455942549504
1305949463102607360
1305933068570632192
1305892078656933888
1305876871997992960
1305832813103546368
1305811445343571968
1305463290987008000
1305406734266064896
1305401697431441408
1305164506163752960
1304785457058910208
1304780575820206080
1304772027887349760
1304771541700357888
1304771134978748416
1304770939545104384
1304770612351635712
1304750112376266752
1304724968635346944
1304702800534921216
1304702691529064448
1304698487100125184
1304691271521439488
1304689477638553600
1304685691750711296
1304639703350640640
1304107330280321024
1304050971438440448
1304031108451966976
1303936226991497216
1303922049874833408
1303918768977051648
1303728574806056960
1303671678023733248
1303666023279796224
1303644304578142208
1303623212744482816
1303354429517828096
1303312225810239488
1303312027784564736
1303248602005999616
1303049393512296448
1303043782305296384
1303025458330701824
1303024835413659648
1303021976118853632
1302997796543492096
1302968338797277184
1302968085331292160
1302960431234002944
1302960241672413184
1302957816009891840
1302916174083166208
1302892327753715712
1302887972593901568
1302872364317892608
1302872124688945152
1302864057708490752
1302863687062106112
1302860072343810048
1302855891264434176
1302853978200387584
1302853604047572992
1302851082411012096
1302683642360205312
1302532137363673088
1302532066542858240
1302204070929854464
1302178532286705664
1302175390950191104
1302140223770501120
1302140154371600384
1302140069520834560
1302139990764408832
1302139923227701248
1302139849080799232
1302139732244205568
1302081419133554688
1301861195864068096
1301406841939931136
1301081798399623168
1300479506860453888
1300392824584757248
1300377372965957632
1300312397417250816
1300311669449596928
1300278092901081088
1300130256943284224
1300115502887567360
1300115162444304384
1300114163923128320
1300098596826763264
1299758715084701696
1299736823955161088
1299736794150449152
1299736553460248576
1299736503292231680
1299736449542172672
1299736412720443392
1299736379895820288
1299736347071127552
1299736292880797696
1299736237029371904
1299736140463955968
1299736053708881920
1299735998285348864
1299623667060690944
1299623601251983360
1299599244261761024
1299598357938221056
1299597131406344192
1299433179539963904
1299430989584793600
1299430562097180672
1299404843849842688
1299402178336100352
1299376471052615680
1299366133427064832
1299361653692289024
1299349458363310080
1299343643980037888
1299321418145034240
1299318680656977920
1299261880331108352
1299081124820459520
1299027039538864128
1298997496597757952
1298845651946606592
1298845139914428416
1298626719017062400
1298626441693876224
1298377108243320832
1298369084761964288
1298302072090230784
1298136638334345216
1297946223391932416
1297831108625731584
1297830884192681984
1297818958473691136
1297818514582118400
1297818450023284736
1297815104361246720
1297815052872044288
1297815018134736896
1297814740186669056
1297814695974502400
1297814667348316160
1297814631482875904
1297814566873726976
1297814543167631360
1297748784848556032
1297525114586660864
1297425723616104448
1297259498491523072
1297180138740822016
1297180136920547328
1297180134886322176
1297179387759144960
1297100210515189760
1297090084529987584
1297089212127346688
1297089059559546880
1297089007294328832
1297088841627705088
1297088755355070464
1297088699432345600
1297088672362307584
1297088641437782016
1297088600383905792
1297088547405664512
1297088468728905728
1296933884295352320
1296933771216904192
1296921032469762048
1296920804870049792
1296920718282821632
1296920688239022080
1296920620727513088
1296919028087304192
1296918997947035648
1296918943496626176
1296918916506308608
1296918880217112576
1296918849040916480
1296918821626941440
1296915743892799488
1296915637164441600
1296915578519789568
1296915539017826304
1296915506499289088
1296915385745313792
1296915360453668864
1296915332410597376
1296915307492192512
1296915281550475264
1296915254904082432
1296915229150937088
1296915204756865024
1296915177770831872
1296863554851811328
1296862270350336000
1296861971631964160
1296861844729143296
1296861783731458048
1296861708275920896
1296861675547754496
1296861635102072832
1296861574330753024
1296861548678451200
1296861522048753664
1296861472539258880
1296861445909610496
1296861411843473408
1296861381145370624
1296861353597116416
1296861326367752192
1296861242523516928
1296861208507813888
1296860955473829888
1296856277881180160
1296854288686350336
1296852896122839040
1296852866771177472
1296852536511660032
1296852247893225472
1296852090380320768
1296852061489963008
1296831336393711616
1296830714449723392
1296830678265462784
1296830398497018112
1296830044577435648
1296829954148179968
1296829920925093888
1296829868768976896
1296821664861257728
1296821049829535488
1296789136192544768
1296788370115493888
1296788323965509632
1296788259578753024
1296787859379302400
1296780731524485120
1296780432181272576
1296778225398566912
1296777600304635904
1296777487624613888
1296777419429380096
1296777394842472448
1296777361858469888
1296777328190791680
1296777199182323712
1296777004499513088
1296776968059473920
1296776910140317696
1296776819832762368
1296776792255221760
1296776505595437056
1296776415803846912
1296772906022776832
1296728080342556672
1296727873227808768
1296559536858423296
1296559420810366976
1296461647427579904
1296461063291011072
1296460604283203584
1296460572091977728
1296460538449399808
1296460355561037824
1296460331129212928
1296460212417822720
1296455141252628480
1296455107404587008
1296455072587685888
1296455030791458816
1296454985933295616
1296454947605819392
1296454921785679872
1296454898775621632
1296454845789077504
1296454820627451904
1296454793343492096
1296454770899787776
1296454718466797568
1296449086305050624
1296411798271295488
1296411711705161728
1296335851090333696
1296332033254477824
1296315058469900288
1296315007026835712
1296314965855482112
1296314803355561984
1296314775866167296
1296314748083023872
1296314655237967872
1296314627018698752
1296314602091941888
1296314574434701312
1296314543539461888
1296314518465896448
1296314493232971776
1296314468343992320
1296314442616111104
1296314404586356736
1296314322990309376
1296313946371170304
1296313919812907008
1296313857489633280
1296175180344111104
1296129083819032576
1296128870970732288
1296128802771394560
1295778083396616192
1295778050798489600
1295778022017118208
1295777986856263680
1295777947220168704
1295777914932219904
1295777885572276224
1295777850193321984
1295777821860728832
1295777796514603008
1295777763786477568
1295777724099895296
1295777682010058752
1295777646622707712
1295777609364779008
1295777581170597888
1295777538866925568
1295777510282731520
1295777497787830272
1295777488136798208
1295777466196332288
1295777456360763392
1295777452833345536
1295777450119569408
1295777446156009472
1295777436827815936
1295777434919477248
1295777387121082368
1295777373246427136
1295724784022687488
1295724757443280896
1295724129400782848
1295724104054702080
1295723927679926272
1295723895513927680
1295723858364903424
1295723793491660800
1295723768023781376
1295605857368133632
1295605819053166592
1295605775738576896
1295604617255038976
1295604049102987264
1295604019055009792
1295603991548657664
1295603951119863808
1295603883759280128
1295603833687756800
1295603807309697024
1295603761684119552
1295603731128619008
1295603704792584192
1295603678221565952
1295603636614168576
1295603597108019200
1295603563196973056
1295603535736983552
1295578471280803840
1295578439710318592
1295578361314639872
1295578309384965888
1295578273519476736
1295578001611141120
1295577954978848768
1295577919306293248
1295577862905397248
1295577829351055360
1295577754952507392
1295577724413718528
1295577695842074624
1295577523355607040
1295577498764402688
1295577473355309056
1295577444670484480
1295419613237387264
1295419550780006400
1295419516072206336
1295419397604020224
1295419347012329472
1295419291861430272
1295419253076701184
1295419211637030912
1295419168645419008
1295419140019228672
1295419111728656384
1295419084557946880
1295419036067651584
1295418990177718272
1295418912981618688
1295418790629519360
1295418758559870976
1295418711805960192
1295418680415854592
1295417494845497088
1295417398045089792
1295417358748704768
1295417331452203008
1295417295628623872
1295417227605352448
1295417181967134720
1295417147305451520
1295417112459186176
1295417061057978368
1295417008805285888
1295416973585719296
1295416935367299072
1295416904807583488
1295416879796883712
1295416855914569728
1295416825036124160
1295416770711478272
1295416745147150336
1295416677228847104
1295416644748152832
1295416617699090432
1295416589509165056
1295416563441586176
1295416510081634304
1295416482629849088
1295416419304210432
1295416393706491904
1295416367382962176
1295416332998123520
1295412009945706496
1295369448359186432
1295273148565397504
1295273111118643200
1295273039949713408
1295273001076826112
1295272967199490048
1295272943518388224
1295272919011135488
1295272892532391936
1295272860777422848
1295272751704481792
1295272639825620992
1295272603674968064
1295272578605617152
1295272549010612224
1295272517930606592
1295272461437669376
1295272438633299968
1295272407532482560
1295272385407582208
1295272357087588352
1295272322623066112
1295272297734049792
1295272118066786304
1295041140945756160
1295040833847267328
1294911891211530240
1294911613464608768
1294911543432355840
1294911054947012608
1294911021359013888
1294910978660937728
1294898216257957888
1294897841937276928
1294897721170710528
1294897680070606848
1294772493299916800
1294771739524767488
1294771585514168320
1294694814156455936
1294693702003314688
1294692973637238784
1294692764622426112
1294681683724206080
1294681590799511552
1294681484448628736
1294681257763319808
1294681108127285248
1294671214120771584
1294671176091029504
1294671130465370112
1294671047137153024
1294671010520801280
1294670936126390272
1294670889246744576
1294670765598670848
1294670644496474112
1294670614058475520
1294670566050365440
1294670383363305472
1294669047322345472
1294664973835276288
1294664941207719936
1294659087481929728
1294636155082858496
1294636037185187840
1294635995820896512
1294635878594351104
1294635822365519872
1294635784482492416
1294635742656962560
1294635690555211776
1294635659056087040
1294635619310882816
1294635581125931008
1294635546690691072
1294635512754569216
1294635438481833984
1294635401840406528
1294635294717771776
1294635263004749824
1294635225675333632
1294635189608624128
1294635156255518720
1294635120670970112
1294635088353857536
1294581030750490624
1294568041381072896
1294561467262545920
1294561432990879488
1294561391995691008
1294561227298004992
1294534891229655040
1294513234989506560
1294513180614549504
1294513085563252736
1294504342872109056
1294504311620239360
1294504270197329920
1294504239155359488
1294504203075964928
1294504168330321920
1294504136717864960
1294504106619543552
1294504079075532800
1294504036201365504
1294503996904931328
1294503963006504960
1294503935571632128
1294503908526764032
1294503753350033408
1294503722639392768
1294503694608859136
1294503655421423616
1294503616494080000
1294498982354456576
1294498930819031040
1294498885499523072
1294498846211538944
1294498726996848640
1294498693207322624
1294498662475796480
1294498637683228672
1294498611942821888
1294498585657082112
1294498551679127552
1294498526894927872
1294498499845935104
1294498473060990976
1294498447974957056
1294498421219483648
1294498391725092864
1294498365623996416
1294498339959045888
1294498311764955136
1294498285890220032
1294498259306774528
1294498217070133248
1294498191396700160
1294498147440484352
1294498121758760960
1294498096618123264
1294498071141920768
1294498041974718464
1294498015198228480
1294497985871699968
1294497952262762496
1294497913670897664
1294497885329993728
1294497853902127104
1294497794078760960
1294497750726434816
1294497716165316608
1294487980778946560
1294308875680845824
1294308850716364800
1294308804776153088
1294308775428579328
1294308733619712000
1294308697670328320
1294308645992357888
1294308608960856064
1294308564396384512
1294308336712724480
1294308297957429248
1294308258908442624
1294308206450270208
1294299801807396864
1294283088428662784
1294273164692922368
1294272626970501120
1294272583286902784
1294272366806269952
1294272337517465600
1294267540441632768
1294267477975859200
1294267068901216512
1294266461117194240
1294266333341913088
1294266299728777216
1294266264651575296
1294266244221329408
1294266210192949248
1294266197182230528
1294266164311470080
1294266144497512448
1294266091783565312
1294266063593537536
1294266030370500608
1294257306356588288
1294256509409546240
1294256231230640128
1294256200327073792
1294256171277324288
1294220782940442624
1294199878684495872
1294143674595471360
1294143640462225408
1294143610028351488
1294143573214892032
1294143523336462336
1294143475785424896
1294143417409089536
1294143387461914624
1294143338925314048
1294139156113707008
1294118533413117952
1294118488227942400
1294118423614697472
1294118326092865536
1294118290453942272
1294100428142063616
1294100383300833280
1294100329496219648
1294100228858093568
1294100201586794496
1294099978433040384
1294099950930993152
1294099915656900608
1294099887122984960
1294099852729688064
1294099819787620352
1294099779992064000
1294099748903948288
1294099718814007296
1294099684164853760
1294099652468514816
1294099622542159872
1294099580401967104
1294099527595634688
1294099499007213568
1294099465528279040
1294099438185656320
1294099408049582080
1294099378085466112
1294099345013387264
1294081217239941120
1294081150303047680
1294081088474828800
1294081038260592640
1294080961815158784
1294080928315314176
1294080898523189248
1294080867946700800
1294080840859889664
1294080807183757312
1294080775395188736
1294080749709205504
1294080710446391296
1294080673083465728
1294080661167407104
1294080108576243712
1294013516156932096
1293997993134358528
1293644450300919808
1293641483246022912
1293638954995060736
1293638892244148224
1293638849252536320
1293638822295744512
1293638783955607552
1293638757313318912
1293638640678113280
1293638611376668672
1293638583501422592
1293637737720033280
1293637619281203200
1293637518135644160
1293636737403674624
1293635900547780608
1293635821619351552
1293635659098292224
1293635625275527168
1293635584616005632
1293635552571523072
1293632814345269248
1293632785199005696
1293632727032324096
1293632696892248064
1293632661592973312
1293602532401586176
1293602330504572928
1293602228989833216
1293602192398704640
1293602152842170368
1293602123398164480
1293602068977127424
1293602040330047488
1293602005240487936
1293601962697646080
1293601863514959872
1293594746200436736
1293594672913428480
1293594319321018368
1293594289151377408
1293593870866030592
1293593792675815424
1293593707845947392
1293593667119259648
1293593637713051648
1293593607333707776
1293593581400272896
1293593551889141760
1293593525922213888
1293592979916161024
1293592938363199488
1293592896185262080
1293592724793438208
1293592579376914432
1293592497864740864
1293592392675790848
1293592361445076992
1293592304759037952
1293592261964574720
1293592180423098368
1293592152757469184
1293592116061503488
1293591986692382720
1293591938457841664
1293591756756398080
1293591543329300480
1293591498311819264
1293591466967736320
1293591413830168576
1293591364916084736
1293591336831066112
1293591309618417664
1293591284247080960
1293591269613109248
1293540217345974272
1293540149209563136
1293533391048937472
1293533028157927424
1293532517333639168
1293532453274034176
1293531454060875776
1293531274955685888
1293531242449850368
1293531178297851904
1293520369610096640
1293520339369066496
1293520292887826432
1293520135379132416
1293520111702282240
1293519968760463360
1293482028768333824
1293481853157023488
1293481800258461696
1293481739248173056
1293481676883013632
1293475374756777984
1293464454454181888
1293464155559735296
1293464108197650432
1293464005940518912
1293463953067192320
1293463836184449024
1293463777904648192
1293463724028760064
1293463692911181824
1293435609873252352
1293414543444639488
1293413334797230080
1293413124293513216
1293413006374731776
1293412965518106624
1293412934094393088
1293412881669795840
1293412852112531712
1293412820063748096
1293412453058064384
1293280309455327232
1293280179268325376
1293280145726476288
1293280106534916096
1293280059910795264
1293280028160077824
1293280007389839360
1293280001354346496
1293279997877198848
1293279950607392768
1293279844206358528
1293278477999919104
1293262342688579584
1293261351297712128
1293261125308559360
1293261086809108480
1293261048934551552
1293260995540979712
1293260970677153792
1293260934375497728
1293260909431984128
1293260881619562496
1293260848748789760
1293260573250117632
1293260452491939840
1293259945731907584
1293259894162890752
1293259865717182464
1293259833077096448
1293259803435970560
1293259775019487232
1293259726520811520
1293259700188979200
1293259662758940672
1293248119690452992
1293248017764622336
1293243251437244416
1293243216255430912
1293243155362570240
1293243123137761280
1293242749165146112
1293242442607661056
1293242412568121088
1293228968687161088
1293228778517340160
1293228752437161984
1293228724826116096
1293228375268524032
1293228312555401216
1293228282683547648
1293228236365758464
1293228200915542016
1293228099879010304
1293228066077061120
1293228032321359872
1293227994757189632
1293227954428956672
1293220246711685120
1293219979102429184
1293219261285109760
1293202336362508288
1293202222243774464
1293202127205146624
1293199174943551488
1293199062032949248
1293198833871204352
1293198706196570112
1293198672898019328
1293198650076794880
1293198444241342464
1293197389633814528
1293190703951077376
1293190566151221248
1293190474421829632
1293190325180067840
1293190294557429760
1293190263532265472
1293190229562720512
1293190198612725760
1293182742671196160
1293182713478778880
1293182673003802624
1293182608264716288
1293171307840970752
1293171271434469376
1293171247141072896
1293171202551357440
1293171142744837888
1293171058477084672
1293171018471792640
1293170993419161600
1293170954131181568
1293144694617182208
1293144336960565248
1293144224829968384
1293143840334000128
1293136505058275328
1293136442097569792
1293136368328114176
1293136295242465280
1293136069173694464
1293078157797588992
1293078095294091264
1293078040973660160
1293078000469184512
1293077970710605824
1293077938167054336
1293077906592342016
1293077844717862912
1293077813478723584
1293077786089922560
1293077742628605952
1293074879894478848
1293074856653750272
1293074822105387008
1293074774504214528
1293074698687913984
1293074676827201536
1293074643511848960
1293074618639618048
1293074593310281728
1293074566592503808
1293074534971650048
1293074511181602816
1293074486925955072
1293074461613346816
1293074436753698816
1293074413802393600
1293074349164056576
1293074269216354304
1293074221099372288
1293074136701566976
1293074105147826176
1293074064064610304
1293074027322454016
1293073323086295040
1293073176226934784
1292919557829677056
1292919487059165184
1292919450346369024
1292902755884060672
1292902583145766912
1292902485246476288
1292902457652187136
1292902429818867712
1292902218316812288
1292902134594273280
1292901846332440576
1292901813927260160
1292901784294428672
1292901759203962880
1292901731551109120
1292901703474454528
1292901674202345472
1292901646838751232
1292901603926781952
1292901579230793728
1292901551204376576
1292901190859206912
1292901166288900096
1292901102497693696
1292889355464445952
1292889180989784064
1292881242648698880
1292826680290148352
1292795232837345280
1292795173672542208
1292795030395117568
1292794997889216512
1292761971813748736
1292759706457509888
1292759654578233088
1292759626149171200
1292759577004519424
1292759512965877760
1292759475640827904
1292759444934336512
1292759371534008320
1292759290521030912
1292759253967605760
1292759227199565824
1292759185164296192
1292759047523962880
1292753320155787264
1292753282566365184
1292749447764549632
1292749320631066624
1292739845912240128
1292739086424453120
1292739024285831168
1292738944786890752
1292736538359496704
1292736490821255168
1292728671174893568
1292728645254078464
1292728607400439808
1292728581798473728
1292728523837382912
1292728498835075072
1292728463653244928
1292728433500475392
1292728408443686912
1292728365661724672
1292728291179323392
1292728255921954816
1292728224452141056
1292728155191607296
1292728010353803264
1292727913272561664
1292727855030456320
1292727827222200320
1292727793353195520
1292727759517749248
1292727643939504128
1292727546308591616
1292727469951393792
1292727260395511808
1292727183857922048
1292726965921820672
1292726932518375424
1292726840914780160
1292726724917170176
1292726637906272512
1292726279146438912
1292539092316585984
1292537885573427200
1292537847744995328
1292537799707688960
1292537749954756608
1292537653947138048
1292537595906400512
1292537558669365248
1292537528961114112
1292537503719788288
1292537477765505024
1292528540064387072
1292528324992999424
1292528091491979264
1292528021480538112
1292527986399416320
1292527887665553408
1292527765317652480
1292527731436072960
1292527684300546048
1292527640830717952
1292527609545466112
1292527534643597312
1292527510870274048
1292527489328263168
1292527462908395520
1292527438518509568
1292527409418375168
1292527383099121664
1292527350882742272
1292527321556094976
1292502671228887040
1292502621329264640
1292499137137704960
1292493954114637824
1292493845033299968
1292493819800428288
1292493756286017536
1292493724333887488
1292493636752605184
1292489092119301888
1292489049404514304
1292488981494603776
1292488938616164352
1292488826942820352
1292488795443560448
1292488744180887552
1292423042392625152
1292422887782178816
1292422825517752320
1292422766533189632
1292422631808016384
1292422464287514624
1292422412978524160
1292422387313586176
1292422357202731008
1292422326609477632
1292422295814844416
1292422260960223232
1292421773896617984
1292338060827463680
1292323106107858944
1292322895218323712
1292322849470939136
1292322819460734976
1292218682282835968
1292218653702860800
1292218613932470272
1292218549478592512
1292218505195147264
1292218479349833728
1292218448823689216
1292218417022468096
1292218387444240384
1292218346499342336
1292218314656296960
1292218269517205504
1292213835751923712
1292213809860550912
1292213776314503168
1292213722757443584
1292213680042639360
1292213645280194560
1292213621532041216
1292213577420549888
1292213532667383808
1292213499989565440
1292213466841874432
1292213440967323648
1292213398650978304
1292213375158620160
1292213327922434048
1292213301091467264
1292213271236313088
1292201195910696960
1292201118458687488
1292201041220509696
1292191483852992512
1292191406291812352
1292190981744472064
1292190951931355136
1292190898554646528
1292190864337494016
1292190830833405952
1292190801376743424
1292190550062444288
1292190522807848960
1292190405241581568
1292190373213806592
1292190349557981184
1292190310504726528
1292189904387088384
1291828172187742208
1291827978696097792
1291789522175496192
1291625447432871936
1291472095600431104
1291382918284300288
1291380832435933184
1291356635974307840
1291320398001340416
1291319631983108096
1290906029560139776
1290895521272541184
1290760271255031808
1290717883253784576
1290536549784915968
1290536429291012096
1290357749172310016
1290357722597273600
1290357691504832512
1290357665927966720
1290357625977176064
1290357360825860096
1290355004319170560
1290354775515713536
1290350579655606272
1290349359113146368
1290349066539409408
1290348772669693952
1290344838949478400
1290320152408530944
1290299335817809920
1290230979525857280
1290004262995537920
1290003379058380800
1289952794628231168
1289947572321177600
1289871869668073472
1289811516020195328
1289810869359005696
1289663084341198848
1289657499105112064
1289649414466949120
1289635233667653632
1289623057326198784
1289622195556290560
1289614417144025088
1289552284616032512
1289507514791260160
1289335873901694976
1289314467755339776
1289203265465225216
1289203224382119936
1289202861969010688
1289173083924738048
1289120080178155520
1289105797079760896
1288985633000698112
1288949946532667392
1288862377409236992
1288819968583307264
1288724524452716288
1288572271855120384
1288571085055840512
1288476474606051328
1288457860767256576
1288457285988163584
1288457155478200320
1288457063904038912
1288455600255401984
1288413515896823808
1288361200678510592
1288361128058396672
1288331968770445312
1288330259662876672
1288330126623744000
1288329219911692288
1288196854866485248
1288195235777056768
1288186650653274112
1288177708741144576
1288177281849073664
1288116948711030784
1288005564157616128
1288004707668156416
1288003327708598272
1287705812123738112
1287666074327166976
1287666037987651584
1287454604175843328
1287453428885729280
1287109532649431040
1287109382560415488
1287108416968765440
1287067832476467200
1287032323356143616
1286698722705977088
1286698718750814208
1286697329165242368
1286354097453633536
1286332948632018944
1286219032589406208
1286213946727333888
1285955725454450688
1285955539063787520
1285955021541183488
1285914556171268096
1285912370137763840
1285825115503185920
1285802967908651008
1285659630216065024
1285659596632272896
1285659566101995520
1285659527451496448
1285659164736401408
1285659115822419968
1285658881306353664
1285646304081842176
1285639254039830528
1285638390310998016
1285638293628112896
1285638079848611840
1285638049532190720
1285638014560096512
1285637398601269248
1285637171957956608
1285609606014697472
1285608838734000128
1285600620615958528
1285599768249589760
1285581899407265792
1285581847049777152
1285581818494947328
1285581791903002624
1285581765197934592
1285581720750874624
1285579426324008960
1285579339036266496
1285579279275823104
1285579220912091136
1285579144307367936
1285579048652083200
1285578921229066240
1285578833106796288
1285578798612844288
1285578734641217536
1285578698431897600
1285578647353594112
1285578621441253376
1285578542030430208
1285578475034693632
1285578451391516672
1285578413458305024
1285578206821650432
1285578120150556672
1285578092841439232
1285577803115700224
1285577732466909184
1285577703031279616
1285577664397533184
1285577626434904064
1285577592683323392
1285577552371867648
1285577417864761088
1285554042664628224
1285525239238205440
1285516990539538432
1285488250031874048
1285484532754513920
1285430741485092864
1285430710015229952
1285430684283277312
1285430647994146816
1285430466921758720
1285430442603286528
1285430411838062592
1285430214206656512
1285430188181016576
1285430032417148928
1285429940511440896
1285429759611215872
1285429720310525952
1285429653403049984
1285429565142306816
1285429538684645376
1285429438491000832
1285429392416661504
1285429346346438912
1285429265236926464
1285429234203328512
1285429196593016832
1285429088338026496
1285429044863832064
1285429020880973824
1285428531674185728
1285428421519200512
1285428237410226176
1285428133269823488
1285427939564191488
1285427294241271808
1285427134874497024
1285427108102250496
1285427077722890240
1285427050409529088
1285426858499149824
1285426829185122304
1285426802329034752
1285426773862350848
1285426733831917568
1285426692320825088
1285426223561220096
1285426065830289408
1285426020011716608
1285425984817303552
1285425955557838848
1285425778365288448
1285425752528302080
1285425726347514112
1285425694298841088
1285425548433534976
1285425517072715776
1285425014024658944
1285280108673216512
1285280070622416896
1285280034111053824
1285279995531796480
1285279957992824832
1285279930335596288
1285279892234473472
1285279855911809024
1285279819295592448
1285279784738656512
1285279744821469184
1285279715541082112
1285279671916154880
1285279597559521280
1285279554836279296
1285279523815272448
1285279488079810560
1285279458522550272
1285279426339655680
1285200131982319616
1285078165111668736
1285060305316384768
1285060273171292160
1285060214773952512
1285058715079647232
1285043375658479616
1284931807427919872
1284924525851947008
1284919358033141760
1284919326789820416
1284919274998501376
1284919211433832448
1284919175820058624
1284919107779997696
1284919081439821824
1284919049596674048
1284919012728635392
1284918975932047360
1284918949294022912
1284918924816064512
1284918706028662784
1284918683190669312
1284918648570814464
1284918603486310400
1284918571332775936
1284918531243610112
1284918503967985664
1284918449697947648
1284918419352178688
1284918396363169792
1284918369905451008
1284918339723296768
1284918317564690432
1284918291878772736
1284918224409235712
1284918198467473408
1284918163247976448
1284918002094346240
1284917976572014592
1284917944267440128
1284917908175560704
1284917793847214080
1284917737958125568
1284917707465543680
1284917679120424960
1284917647621140480
1284917394218061824
1284788073969201152
1284787919128072192
1284771483307454464
1284763642978852864
1284762285915987968
1284760932137271296
1284760164441174016
1284753259668922368
1284717820383813632
1284594932884414464
1284591934661689088
1284591734354251776
1284591696181891072
1284591650459791360
1284591602405724160
1284591556041814016
1284591511833894912
1284591465851740160
1284591437213052928
1284591377951723520
1284591347769409536
1284591313405575168
1284591278508986368
1284591192504770560
1284591125752426496
1284591074422464512
1284590995817017088
1284590961276981248
1284590881375387648
1284590844432003072
1284576601330651136
1284512723083173888
1284496737005174784
1284496697712939008
1284496671842480128
1284496629433880576
1284496595715788800
1284495265874026496
1284492136927375360
1284489993101160448
1284449335883833088
1284428896553885696
1284422550815203328
1284422401133023232
1284418058006728704
1284417645115318272
1284416596044386304
1284406225447288832
1284406187266658304
1284406140802129920
1284406006534025216
1284405977605976064
1284405950464561152
1284405922773819392
1284405888942473216
1284405772093403136
1284405741487628288
1284405696361115648
1284405595769053184
1284405571693813760
1284405541155077888
1284402508471963648
1284402484782432512
1284402451127435264
1284402419363909632
1284402059232583680
1284402007084859392
1284401977305309184
1284401933659381760
1284401907470147584
1284401871881490432
1284399969395408896
1284384294358659072
1284218281172381696
1284215559576592384
1284215401551978496
1284215371080310784
1284215340055044096
1284215310418051072
1284215265211883520
1284211512240939008
1284211477633797888
1284211382712446976
1284210385814462464
1284210350309675008
1284210321239007232
1284210289634877440
1284210250665603072
1284210218256207872
1284210182004801536
1284201576731729920
1284195460643774464
1284195370105536512
1284195278376116224
1284188287096299520
1284176942850342912
1284176672586072064
1284176484454858752
1284176456327757824
1284176429341605888
1284176404574330880
1284176380213841920
1284176354376847360
1284175624320491520
1284175321856712704
1284175095439728640
1284175065668517888
1284174887611924480
1284174795454787584
1284171755268046848
1284165920202665984
1284165112916516864
1284165062924566528
1284165034550218752
1284164976001921024
1284164889754435584
1284164824746860288
1284164790957543424
1284164757457600512
1284164714826731520
1284164680605470720
1284164625664286720
1284164590352379904
1284164555573207040
1284164522912210944
1284164375721508864
1284164264681496576
1284164232834056192
1284164204782587904
1284164158368501760
1284164066768977920
1284164010569588736
1284163961571684352
1284163911756001280
1284163797549223936
1284163737042276352
1284163613440303104
1284163477242884096
1284163449346547712
1284163390127116288
1284163333109829632
1284163190641893376
1284163113248534528
1284121218254352384
1284120657542995968
1284092179791712512
1283887375194742784
1283886965713182720
1283874316866785280
1283874270679048192
1283874206938214400
1283874177523634176
1283874097219473408
1283874068190638080
1283874040478945280
1283874014444822528
1283873988721156096
1283873963333083136
1283873926104350720
1283873843787038720
1283873816901570560
1283873790120857600
1283873748114964480
1283873715307126784
1283873677851983872
1283873651041984512
1283873624542371840
1283873593655529472
1283873564643524608
1283873538248769536
1283873508511092736
1283823581605044224
1283823556367917056
1283823528228409088
1283823506510303232
1283823450403020800
1283823236032147712
1283823201471143936
1283823163391070208
1283818107233083392
1283816666317692928
1283816522033618944
1283816484284903424
1283816386347839488
1283816357482594304
1283816323227750400
1283816244488134912
1283816203195228160
1283816081904336896
1283816045678080000
1283815889792651264
1283810963876085760
1283785323932266496
1283784817872637952
1283784703405887488
1283784672284114944
1283784624100048896
1283784594899296512
1283784568588382208
1283784537030500352
1283784499759906816
1283784458051686400
1283784401151766528
1283784269404536832
1283784228061224960
1283784118942273536
1283773991610724352
1283771140817784832
1283727404402388992
1283722795650777088
1283718173381074944
1283718096503676928
1283718057458900992
1283717946519453696
1283717819557961728
1283687574444417024
1283687538935451648
1283687379560267776
1283687316075302912
1283687283380584448
1283687240351260672
1283687204456402944
1283687050382802944
1283684200579837952
1283684074322890752
1283684040017674240
1283684003464261632
1283683951723319296
1283683728062021632
1283683225899094016
1283683166021132288
1283683005001859072
1283682948722630912
1283682896096768000
1283682309187698688
1283682206028828672
1283682173187481600
1283682129919049728
1283681761399058432
1283681317281058816
1283681251422097408
1283681220698738688
1283681034782089216
1283680167915851776
1283679645989208064
1283483407369089024
1283483063868100608
1283482996063047680
1283482848083706112
1283482808267268096
1283462648311549952
1283462645077737472
1283453843246845952
1283453770257649664
1283453545396740096
1283453517110353920
1283453473225347072
1283453439427719168
1283453381156253696
1283453350806200320
1283453228508684288
1283453080072335360
1283453044622074112
1283453010409029632
1283418407677898752
1283413929549598720
1283407123758579712
1283406391294791680
1283398686635184128
1283398468812275712
1283392976149008384
1283344879377162240
1283342964077539328
1283342844711907328
1283333187503099904
1283330793973178368
1283326737850470400
1283307092900814848
1283305885620670464
1283305846936666112
1283305818759274496
1283305769555943424
1283305732583170048
1283304657675321088
1283303949550923776
1283303741341470720
1283303000132509696
1283301534336536576
1283301041027588096
1283297858582650880
1283113362071662592
1283109574028001280
1283109497637154816
1283109465328320512
1283109366665748480
1283109278128234496
1283109239624536064
1283109215721205760
1283109188143665152
1283109157932072960
1283109092664446976
1283109053074374912
1283108995859963904
1283108947059236864
1283108915786461184
1283108787512115200
1283108751784935424
1283108717236498432
1283104333098352640
1283093678890930176
1283079291237027840
1283065273193504768
1283053399831969792
1283052781495099392
1283045726080114688
1283045682471936000
1283045655632650240
1283045595180150784
1283045570320519168
1283045524111753216
1283045412757221376
1283045381815902208
1283045349440065536
1283034741709709312
1283028088192933888
1283027755752448000
1283027714392428288
1283025803874377728
1282988547516125184
1282988347728769024
1282975642892607488
1282972436426678272
1282880285756010496
1282873396393652224
1282873025831088128
1282760203226812416
1282760145584431104
1282760048754724864
1282759968710680576
1282759859331571712
1282759799898243072
1282759670210482176
1282759599398031360
1282759565227032576
1282759423002316800
1282759278638575616
1282759238864048128
1282759056185339904
1282741107860938752
1282735232370843648
1282679666701213696
1282675150765338624
1282674391197855488
1282673538298777600
1282672730563915776
1282672614712979712
1282666867912474624
1282653204254162944
1282642131216203776
1282642034248097792
1282632794443784192
1282630808755412992
1282630745752837888
1282627576050196480
1282627229353221888
1282627192099352576
1282627163280281600
1282627085106851840
1282626979733270528
1282626948997537792
1282625814601912320
1282612081171353600
1282407864565465088
1282402265081544704
1282401959711047680
1282401052277571584
1282399327864983552
1282399025287909376
1282398978366156800
1282392027657908224
1282391137140068352
1282389278048256000
1282356231093485568
1282330005482217472
1282307556300525568
1282306394310541312
1282293875340644352
1282287623533469696
1282268682287185920
1282246667006353408
1282246601399034112
1282246552858362112
1282246508419653632
1282246435904335872
1282246382666027008
1282246298251517952
1282246259831701504
1282246131557314560
1282246099084943360
1282245998992031488
1282245954259877888
1282245916922130432
1282244477416022016
1282244422646861824
1282244389935427584
1282244362018185216
1282241200976732160
1281990539773173760
1281986759438618624
1281986712718249984
1281986646355972096
1281983732665196288
1281980291926687488
1281978935580995584
1281978883131289600
1281978621645783040
1281978507602599936
1281970596721631232
1281966339368812288
1281965469747077120
1281965110488174592
1281965043718946816
1281894941363445760
1281894878436364288
1281894781514326016
1281873998075301888
1281872020611964928
1281845269932515328
1281724631003668480
1281719471141511168
1281715310727442432
1281713606032334848
1281713468840775680
1281700705343070208
1281700656886288384
1281700626162954240
1281695573398163712
1281692879304433664
1281691021114515712
1281689644585885696
1281662616541302784
1281654063927422976
1281651492362031104
1281649392261324800
1281646218330824704
1281643322226831360
1281628589994245888
1281625436276105216
1281615462112075776
1281614382061977600
1281614183289819136
1281613927957311488
1281613855672668160
1281613637669576704
1281598314086117376
1281575871443238912
1281566351870562304
1281565951536881664
1281562880094216192
1281546336182120448
1281542573887234048
1281514081887965184
1281474487054213120
1281473890473123840
1281470717301870592
1281434435536248832
1281434025815613440
1281300700346056704
1281288455956430848
1281276669727309824
1281273015083446272
1281271104007475200
1281267951514144768
1281154368587390976
1280960599803994112
1280960517633462272
1280959568995123200
1280952568978554880
1280937086762258432
1280935563982442496
1280934853488378112
1280934328185294848
1280890357841100800
1280848404118110208
1280827828834099200
1280784541964255232
1280782587250839552
1280779616534347776
1280775360519561216
1280774432500449280
1280556666866618368
1280552054893805568
1280549129232539648
1280524848599642112
1280523823616602112
1280520719110193152
1280494472611143680
1280487462146539520
1280487160852951040
1280473451963219968
1280472771659812864
1280464788150276096
1280460091288956928
1280457724472504320
1280456379246030848
1280442056985509888
1280216118532149248
1280200655861362688
1280153756139732992
1280107729739268096
1280076421411540992
1280070449280561152
1280054451252977664
1280045476952322048
1280041753517662208
1280039756869578752
1280039716126167040
1280029020281802752
1280028850810912768
1280007087234453504
1279887925757587712
1279887856299913216
1279887452627484672
1279887409065402368
1279887283806629888
1279887179729305600
1279885815561302016
1279880449918226432
1279879857082707968
1279879815835848704
1279879752011177984
1279879529226477568
1279879495198089216
1279877068625514496
1279876992125620224
1279876950526484480
1279876882230661120
1279876617792348160
1279876581171826688
1279876465291677696
1279876055512342528
1279866761572220928
1279866572367159296
1279866454356242432
1279866383300538368
1279865173679972352
1279865095837884416
1279864980100329472
1279863089614200832
1279862497395249152
1279862247381176320
1279856027115098112
1279855894013120512
1279855860353769472
1279849788289285888
1279849563835322368
1279846497501229056
1279846051269222400
1279834975701995520
1279834504434237440
1279834026015182848
1279833989533106176
1279826408064376832
1279826297968037888
1279824511328813056
1279824428453572608
1279824385398976512
1279824336807919616
1279824218687930368
1279824172202549248
1279824139298234368
1279824092418498560
1279824044926345216
1279824008733696000
1279823925124481024
1279823870237818880
1279823839946571776
1279823786553082112
1279817243224952832
1279817076199370752
1279817006481575936
1279816942916964352
1279816721004728320
1279816230220845056
1279815660873359360
1279815546490490880
1279807995317293056
1279807859920908288
1279803352767959040
1279803320845119488
1279803291933847552
1279803248942239488
1279802933224316928
1279802618328559616
1279802580101672960
1279802519024218112
1279802183551246336
1279802156556656640
1279802125829181440
1279802096221650944
1279802008602624000
1279800332667826176
1279799210787909632
1279799172145860608
1279799137995829248
1279799036548132864
1279796802569601024
1279792968833130496
1279792914240098304
1279792793603497984
1279792752872632320
1279792651995426816
1279792615366557696
1279792353897742336
1279784517134430208
1279784351903907840
1279784165022617600
1279783901322514432
1279782542342791168
1279777470733070336
1279777428894777088
1279777366500401152
1279777316961488896
1279777285986570240
1279777117270573056
1279777021304942592
1279776982780325888
1279776952778469376
1279776926480109568
1279776884025327616
1279776849565044736
1279776810784501760
1279776773216100352
1279776744933900288
1279776666571677696
1279776616793677824
1279776448455327488
1279776390645235712
1279766250462248960
1279766137841102848
1279765925554728960
1279765854654205952
1279765819262722048
1279765653906436096
1279765576643219712
1279765371294298112
1279765327031734272
1279765273898352640
1279764929235554304
1279764850646933504
1279764763552219136
1279764733118332928
1279764689069780992
1279764648548536320
1279764612632764416
1279764570828083200
1279752159916105728
1279751511254458368
1279751208065007616
1279734919237963776
1279732824153694208
1279709639572164608
1279704545736695808
1279704495526723584
1279704422164115712
1279704371228545024
1279704239657431040
1279704202667790336
1279704166168965120
1279704138314657792
1279704079892176896
1279704051882622976
1279704020702068736
1279703990180118528
1279703662877696000
1279703622734004224
1279703578593165312
1279703547404222464
1279703502349090816
1279703473274191872
1279703437999996928
1279703386930262016
1279703144759529472
1279703111498596352
1279697624606670848
1279697589458395136
1279697444209655808
1279697364316573696
1279697314039332864
1279697275523002368
1279697160683085824
1279697039438286848
1279696947167793152
1279696886065254400
1279695844674097152
1279691896655433728
1279691644003115008
1279691488465649664
1279687673129644032
1279684535811297280
1279684453640679424
1279683949359398912
1279683911161872384
1279683119474409472
1279683036431429632
1279620744641679360
1279620689092325376
1279619400816037888
1279619345145085952
1279619302140846080
1279619238467112960
1279619193894326272
1279619100847866112
1279618994450903040
1279618956102426624
1279618879501803520
1279618724547485696
1279618693207601152
1279618205628215296
1279618060555558912
1279618028888604672
1279617968515710976
1279617752051875840
1279617599484067840
1279499076896055296
1279499040997158912
1279498931832000512
1279498868498063360
1279498829813944320
1279498676201717760
1279492904671760384
1279487348653412352
1279483417126633472
1279483352240791552
1279478611481972736
1279478557966827520
1279478507610025984
1279478426680938496
1279478378580578304
1279478325791068160
1279478270594027520
1279478193502801920
1279478091534958592
1279478030591721472
1279477850882662400
1279477434195329024
1279476057599590400
1279474669498834944
1279473942600843264
1279457005774802944
1279448019323289600
1279447965564887040
1279447923173076992
1279447887752114176
1279447853610545152
1279447804595908608
1279447758315778048
1279447714892316672
1279443532579815424
1279443462627213312
1279443241897771008
1279443195584303104
1279443149748752384
1279443115703705600
1279443059474935808
1279442994278653952
1279442951354097664
1279442905682382848
1279442846752407552
1279442813663490048
1279442776267071488
1279442709716119552
1279442460356337664
1279442402651131904
1279442351425978368
1279426553202511872
1279426519451021312
1279426491357581312
1279426447183093760
1279426374810419200
1279426322293559296
1279426262474391552
1279426206094540800
1279426161081298944
1279426062879989760
1279425957590433792
1279425483080372224
1279413166942887936
1279413122483306496
1279412999942438912
1279412876520894464
1279412833755725824
1279412787471679488
1279412729648947200
1279373640337948672
1279373605411926016
1279340303430942720
1279340262465179648
1279340173252349952
1279335285453709312
1279335211038380032
1279335177278443520
1279335138590105600
1279335105237069824
1279335027038466048
1279334928589733888
1279334715284172800
1279334675492810752
1279334599164940288
1279329993701691392
1279329852991197184
1279328911009239040
1279328839869575168
1279328810014584832
1279328633308545024
1279328317238321152
1279328245998129152
1279328176561369088
1279328054192615424
1279322283706810368
1279322212982575104
1279322111585157120
1279322083814768640
1279322053628354560
1279321986896998400
1279321941221036032
1279321889945595904
1279151864576200704
1279151813455994880
1279151748356210688
1279151598044884992
1279151496207138816
1279151317815111680
1279143914826608640
1279143840386072576
1279143802481938432
1279137754253836288
1279137725204123648
1279137684619919360
1279137634225455104
1279133267325837312
1279133211872894976
1279133055748366336
1279132876756463616
1279132789951082496
1279132754815352832
1279126964511653888
1279125921916649472
1279125429178286080
1279124027370606592
1279120818455351296
1279115229461393408
1279106368478351360
1279049476913664000
1279030505795657728
1279029228835614720
1279027404590256128
1279012577746587648
1278983091852320768
1278978546984247296
1278977975443230720
1278967974767050752
1278967744273297408
1278967037000368128
1278918953423814912
1278800468614004736
1278774823385288704
1278772409542287360
1278761097135362048
1278722069686104064
1278631477719101440
1278626689602510848
1278626453454807040
1278621263414599680
1278436135241420800
1278412563148156928
1278386987469283328
1278386383531454464
1278355554495279104
1278355218888081408
1278352132907970560
1278351523345465088
1278350580549705728
1278350513105514496
1278349787612483584
1278349361068617728
1278338521258917888
1278337859779530752
1278321919675293696
1278320821371645952
1278317121097826304
1278313256608727040
1278297179346604032
1278295520876920832
1278294202602881024
1278291375818190848
1278289707026259968
1278288331818831872
1278284277709496320
1278283348427800576
1278280462813859840
1278276255704645632
1278236503609675776
1278224184984899584
1278213698914529280
1278213235548831488
1278047125713157888
1278036117808389888
1278009359973433088
1278004324099031040
1278004064534618112
1278003602334851072
1277993670353059840
1277972486798237696
1277958762817630208
1277958463008768000
1277958315104968704
1277947782276550912
1277943845188177920
1277942888303902720
1277928265659760640
1277727848711806976
1277726412208816128
1277725939204579328
1277724415829082112
1277723733487214592
1277721933744877568
1277716165993922560
1277716024763301888
1277715360746274816
1277684508322598912
1277680857889849088
1277592557686591488
1277557922667663360
1277554606109855488
1277534125839261696
1277525223517106176
1277494896589451264
1277460784889634816
1277335893779582976
1277333465726320640
1277329432966049792
1277325547954208768
1277325309558341632
1277288946553294848
1277288373221240832
1277287228700581888
1277286481036443648
1277286206120787968
1277284425169088512
1277284374929723392
1277270151403094016
1277255669159165952
1277230451124510720
1277228249718931712
1277227280796913664
1277227146067443712
1277222932075479040
1277207681548369920
1277195617232736512
1277176298675240960
1277165778236837888
1277165602461884416
1277164659032887296
1276925669826596864
1276906355425714176
1276895446661844992
1276881240524820480
1276881087030087680
1276880243337371648
1276870741074628608
1276869932114948096
1276857205875146752
1276852532451688448
1276852254528733184
1276798018138726400
1276788314578837504
1276787166086156288
1276761586187808768
1276604379039219712
1276582546277613568
1276563456309833728
1276541215664726016
1276538325881556992
1276538157845098496
1276478281487921152
1276472500973600768
1276469510636216320
1276468727312244736
1276444602153795584
1276420347684847616
1276387957331673088
1276378862272815104
1276378576095493888
1276376924466659328
1276256059187965952
1276252375016255488
1276251919468683264
1276151345385484288
1276136691477209088
1276077040106704896
1276076782639370240
1275915405593378816
1275888698530443264
1275888541923409920
1275833548528852992
1275822267432423424
1275817742491410432
1275806966934392832
1275791371257946112
1275789052759998464
1275766098869264384
1275763134783987712
1275713702159888384
1275711463752192000
1275710722408878080
1275708609322762240
1275708458889773056
1275532245936332800
1275501740935217152
1275463896883658752
1275462677498941440
1275440423402496000
1275426503870894080
1275425899874304000
1275425704562343936
1275425650950770688
1275424072336359424
1275343783396347904
1275342166777376768
1275147997257633792
1275128044928319488
1275103906759147520
1275103425626353664
1275058525862080512
1274957091443277824
1274929319958188032
1274759877936766976
1274759464403505152
1274751494282268672
1274747544527163392
1274735031819407360
1274648673339740160
1274644621692411904
1274623364334747648
1274548384871874560
1274428546396704768
1274419103990718464
1274418729875619840
1274411375595528192
1274411078986932224
1274386890435723264
1274306760761847808
1274282535506325504
1274276504776650752
1274273845319479296
1274259497561788416
1274255163465830400
1274253158215286784
1273974777884094464
1273973861927849984
1273964739866091520
1273831461351809024
1273826388978565120
1273825065096880128
1273714517327912960
1273658073559773184
1273657644000194560
1273657575729500160
1273657437107740672
1273543271835459584
1273509953861562368
1273505070051713024
1273490622624792576
1273349316422311936
1273348198078259200
1273327321412513792
1273300615918206976
1273219881572368384
1273213871034191872
1273212462947500032
1273195671861026816
1273147500753571840
1272996431880761088
1272989694423453696
1272982267598704640
1272969902228471808
1272965164573298688
1272964437125804032
1272948233610735616
1272835618482130944
1272829163733495808
1272828451121217536
1272828333370327040
1272574744211140608
1272445281645350912
1272422388827852800
1272421019396038912
1272354618861813760
1272341325116030976
1272207750345474048
1272207101218217984
1272187500623269888
1272173139682906112
1272155332756811776
1272141070118326272
1272138800454656000
1271876083437232128
1271702447791144960
1271701652781838336
1271598056174206976
1271514668918550528
1271480176224993280
1271477563815268352
1271477110985707520
1271438473040465920
1271330740970516480
1271329745582448640
1271329401360117760
1271183662072107008
1271173208943837184
1270957183296057088
1270801258484502528
1270775277682143232
1270774899842396160
1270751028779065088
1270750441270317056
1270702834569424896
1270342562247827712
1270342097464365056
1270328392446103552
1270243855435280384
1269913803648630784
1269729622696091648
1269574346785394688
1269487545731239936
1269182894813130752
1268990387789729792
1268986783418761216
1268985410451054592
1268884955133870080
1268884844236410880
1268884674543259648
1268819416038486016
1268819357653782528
1268785659524927488
1268469265201598464
1268465850346016768
1268460297578315776
1268453036327870464
1267534186140913664
1267034257140133888
1266763169063723008
1266445092497305600
1265940482221367296
1265938611888939008
1265487646358454272
1265450765033918464
1265321601865834496
1265189692389167104
1265037684784988160
1265026273463730176
1264679832757116928
1264679471162052608
1263866638161661952
1263866295805792512
1263613103385739264
1260449374422872064
1242557018529021952
1242532859933491200
1242489400929419264
1237294433164505088
1231512404770611200
1227988797046099968
1227988514345799680
1227988067568553984
1227987906276577280
1226909482384601088
1226781045976129536
1226680611944923136
1226679829409472512
1226526388422873088
1226071419177570304
1225783728808570880
1225420656189300736
1225420107234660352
1225092074946646016
1225076126277566464
1225073734047891712
1224975780528230400
1224939121766031360
1224938900365377536
1224926516473204736
1224895612862287872
1224793022136832000
1224777395623923712
1224777040315985920
1224764606440247296
1224759208354230272
1224758739871334400
1224757706025848832
1224756919535120384
1224754136320815104
1289582040447213568
1289581497414848512
1289580204923531264
1289544525195522048
1289541883861979136
1289514629291548672
1289513806129840128
1289511876418707712
1289502365502992384
1289501442558976000
1289497351476981760
1289495184812544000
1289451146893864960
1289444666249809920
1289351697391710208
1289344396668710912
1289332124965842944
1289330477070012416
1289314241434935296
1289310411792117760
1289309168411611136
1289308389634433024
1289307654657945600
1289306182604034048
1289305002939383808
1289303397024243712
1289302657203441664
1289290837432492032
1289282413021937664
1289281420792229888
1289280196005081088
1289279192006180864
1289278212053245952
1289275648985296896
1289274555383546112
1289265533062279168
1289264383357411328
1289263281920762112
1289261808209993728
1289259564701908992
1289258633289555968
1289257267662065664
1289256477040009216
1289255749084798976
1289255197907144704
1289253235711041536
1289251390313791488
1289244375130624000
1289222260885041152
1289220399436161024
1289216989500596224
1289213757684682752
1289188504077918208
1289183691575443712
1289182164362227712
1289180610548793088
1289176492920811520
1289174166667591680
1289165935438331904
1289162961148211200
1289162466404990976
1289161907623075840
1289159523932893184
1289156223351156736
1288992710339305472
1288988182315438080
1288986859427766272
1288984949454974976
1288984313493626880
1288982255633862912
1288981171112681472
1288980219383156736
1288978087368163328
1288965701408043008
1288964758029336576
1288962914217533440
1288961195182088192
1288960122614681600
1288953123315355648
1288951601651159040
1288950791370399488
1288947078308257792
1288938688626426112
1288904631108743168
1288904074851758080
1288902767302643712
1288902486523355136
1288901251929985024
1288899422387150848
1288897353257308160
1288896956186714112
1288896544175988736
1288895627494068224
1288894153456332800
1288893321792888832
1288892189053988864
1288876998081818624
1288875511868006400
1288874599883644928
1288874108625850368
1288872418300305408
1288871955274371072
1288871232075714560
1288869815894106112
1288868550376071168
1288868033813979136
1288867156705382400
1288864863670894592
1288863363867574272
1288862030032756736
1288861454096007168
1288859177843130368
1288857794683310080
1288856058098745088
1288855350029045760
1288842903431913472
1288841889236561920
1288840229902843904
1288838855412592640
1288837931755610112
1288837043234185216
1288836218067791872
1288834962070933504
1288833628890439680
1288832728125919232
1288832125370863616
1288823731561861120
1288810757535281152
1288810680515203072
1288809361884798976
1288807806401945600
1288806900390334464
1288806007053967360
1288761529924571136
1288723428506296320
1288650289466179584
1288617849196548096
1288616443345620992
1288615949566976000
1288614478775557888
1288613057283985408
1288610949277143040
1288609338890821632
1288606791266426880
1288604897030606848
1288602567224811520
1288599495421440000
1288598900866244608
1288594433248768000
1288592808341909504
1288591179639136512
1288589989429891072
1288584826933714944
1288580749898244096
1288576952950050816
1288574032946880512
1288534568065282048
1288532904839131136
1288505302313242624
1288503829328257024
1288503564604760064
1288503118968365056
1288464239389278208
1288454699012755712
1288396359222145024
1288391747937144832
1288390234057695232
1288389770020892672
1288271393088577536
1288270998769405952
1288269544176455680
1288257651286200320
1288257114075537408
1288256476486742016
1288255686938370048
1288253632354357248
1288252232295751680
1288250913912758272
1288250356263264512
1288249332400095232
1288211309025275904
1288207593119387648
1288203765816975360
1288199684624916480
1288106403668856832
1288099727452643328
1288043856794210304
1288043345164591104
1288042408651960320
1288031249567809536
1288029364194554112
1288026524059394048
1287907390134919168
1287906332562030592
1287905555663720448
1287903684932796416
1287886918332682240
1287884958535757824
1287883707240468480
1287883112492326912
1287881392936726528
1287879629382983680
1287878147833122816
1287875836733820928
1287873125124698112
1287871498854600704
1287870945818894336
1287869851243909120
1287867117107208192
1287864395444305920
1287863110959689728
1287862200351293440
1287859046758965248
1287858875094401024
1287857472322129920
1287855945805115392
1287853754662952960
1287851776323063808
1287850763910369280
1287849531049221888
1287848955443908608
1287831987345068032
1287831506027786240
1287829485140741888
1287826708175953920
1287819634788499712
1287816238996115712
1287807773728739328
1287807127831089152
1287806790760103936
1287806509787885568
1287782571011702784
1287741135830622208
1287732126989848576
1287720653718728704
1287678894506746112
1287676205798436864
1287675397111513088
1287650780309327872
1287649418456567808
1287648896437694464
1287646434100236288
1287642674468708352
1287641086345850880
1287626887532105728
1287624769555357696
1287548875507720192
1287548237801492480
1287548185670488064
1287547527844241408
1287546826011422720
1287525175693578240
1287523468662251520
1287521139544260608
1287513953137053696
1287512145270276096
1287507429958262784
1287506408276135936
1287498787372634112
1287498346198896640
1287495874436902912
1287494869355827200
1287492895843454976
1287488650662612992
1287487065760960512
1287483957018329088
1287479549949816832
1287478475981492224
1287477648009179136
1287475260128997376
1287474696515190784
1287468064003559424
1287467186638983168
1287465842045845504
1287463854537146368
1287457753372463104
1287457107516755968
1287455206318514176
1287453033606127616
1287451830264508416
1287450082598629376
1287444690019717120
1287444115135901696
1287442204823359488
1287440906942058496
1287438645755092992
1287437523069939712
1287435139539243008
1287430941787525120
1287429287872811008
1287417442428497920
1287415299873091584
1287409187933368320
1287407648913207296
1287406543487500288
1287404924624613376
1287403126971146240
1287401257481707520
1287395508999380992
1287387283419738112
1287385857201262592
1287384384493035520
1287383844715483136
1287382567373725696
1287381142908407808
1287380304307650560
1287273178180595712
1287272468743323648
1287199290947969024
1287198810041655296
1287198032635863040
1287197124304818176
1287194670234304512
1287181247626858496
1287177983816617984
1287174892065099776
1287173743903756288
1287171855753850880
1287166294429663232
1287148569233969152
1287147806512287488
1287122445368004608
1287108462560903168
1287098988957761536
1287097751839408128
1287086209769013248
1287085782990282752
1287085289811345408
1287084687572086784
1287082863821815808
1287082331908509696
1287081970825154560
1287081269176803328
1287078861482725376
1287055109168431104
1287054047124611072
1287015518143229952
1286945583815680000
1286943090356494336
1286934477722320896
1286929944262651904
1286929481140244480
1286829624509583360
1286829190210293760
1286828449424912384
1286827419492655104
1286826855354507264
1286821255421861888
1286820160020582400
1286812212556959488
1286811424791109632
1286803435464069120
1286800641684316160
1286800557898899712
1286799381610606592
1286797865910710272
1286797320479178752
1286795924375842816
1286794453081038848
1286792441367060480
1286791551654469632
1286790869958430720
1286788495923728384
1286784514551840768
1286783643483086848
1286782064201814016
1286781563804487680
1286781147654107136
1286780776328110080
1286778735144861696
1286777470482632704
1286775803833995264
1286774309214715904
1286773882888892416
1286772291494436864
1286770393794187264
1286769420866551808
1286766896151396352
1286765084090535936
1286762358375952384
1286693180914700288
1286658130038972416
1286657540026257408
1286654701535211520
1286654058036633600
1286652647118901248
1286651688074514432
1286650741365649408
1286650018091405312
1286649154199007232
1286450938350313472
1286448682716532736
1286440355823484928
1286424695315877888
1286422732264046592
1286420984036196352
1286415661934055424
1286413912792014848
1286404033557733376
1286403480874344448
1286400844896796672
1286398184151973888
1286394877186629632
1286393993882996736
1286393554391248896
1286390372986486784
1286390003652800512
1286387985450242048
1286385952223617024
1286377882961543168
1286375734139932672
1286323563469910016
1286322259230167040
1286299178704961536
1286297179955564288
1286291000722325504
1286289816590716928
1286288360210825216
1286213746243842048
1286092771917430784
1286092232387448832
1286091088994930688
1286088101484548096
1286087200317341696
1286086230405517312
1286074555769982976
1286074143377588224
1286071913790439424
1286071010001854464
1286068871594746112
1286065766098403328
1286064579815055360
1286062420700598272
1286061081459339264
1286053114693455872
1286050972683427840
1286016293905281024
1286014174280273920
1286011840900869888
1286011523283005440
1286004984245563392
1286001861468749824
1286000135026233088
1285991973619478528
1285990480874962944
1285985990956519424
1285966657542856704
1285933514421141504
1285933267972169728
1285881284187873280
1285879959408578560
1285878621580623872
1285853285212135424
1285718081751441408
1285715544256045056
1285714657894961152
1285713320604041216
1285710988864622592
1285710635305771008
1285708212029792512
1285705962700013568
1285703836129206272
1285703434239451136
1285699940925214720
1285697532841144320
1285696830173478912
1285693998670151680
1285688528190529536
1285634140302462976
1285614584402006016
1285609371477696512
1285605885205778432
1285597083714621440
1285565771138179072
1285563082345975808
1285561337557458944
1285560299106557952
1285558555437924352
1285556958200823808
1285555774668910592
1285553951115550720
1285544749303304192
1285543768381415424
1285542683314982912
1285541470653554688
1285541050883420160
1285540185678192640
1285515277891969024
1285514494756753408
1285504032287666176
1285503809234640896
1285502609256779776
1285501853006954496
1285500693328076800
1285499943260696576
1285498725461307392
1285497573055373312
1285496401972080640
1285486684327600128
1285484309852323840
1285479389669527552
1285477527453147136
1285465156756045824
1285389398251638784
1285387383148548096
1285381493561450496
1285380370469445632
1285377069174730752
1285376140157345792
1285367268902408192
1285364898613133312
1285362426456743936
1285360411857096704
1285358284778733568
1285356454879387648
1285354034745008128
1285351157192417280
1285348819857739776
1285346199709585408
1285345279580012288
1285343648029331712
1285340843189186560
1285328620907630592
1285322440520929280
1285321788357050368
1285320955636613120
1285319327642681088
1285318008148299776
1285317832004243712
1285314867692544000
1285312179307269888
1285311386659291136
1285301411157245952
1285300529921490944
1285298822302900224
1285297893050593280
1285296636311281664
1285290628457340928
1285290099165605888
1285288573768540160
1285286051314098176
1285283988886753280
1285274081101860864
1285272011678388224
1285270783640645632
1285270087054897152
1285267219220508672
1285263418564501504
1285259093951811584
1285247990744190976
1285246799616376832
1285242689802379264
1285242099290574848
1285227159057989632
1285225962150547712
1285225699746426880
1285224413982588928
1285223715597438976
1285221222318563328
1285207411092070400
1285206374629150720
1285197819092049920
1285196920844103680
1285189466332762112
1285187446272073728
1285184780674498560
1285182055354191872
1285180591424643072
1285170296761323520
1285167651698941952
1285165029411696640
1285161747754737664
1285160540013301760
1285024017947262976
1285006581671890944
1285004650433908736
1285003244067061760
1284978722613977088
1284976972049920000
1284957112041439232
1284957091040506112
1284956277903364096
1284955495602716672
1284937538973634560
1284935709460242432
1284930897368801280
1284929622031958016
1284866311143731200
1284865430893539328
1284864902214160384
1284864122878865408
1284862850180222976
1284860079695683584
1284857926210007040
1284854768117088512
1284826273215385600
1284813043021615104
1284811804460437504
1284806517540163584
1284803821290561536
1284803593724452864
1284803362920243200
1284802698584498176
1284756484832866304
1284753747210579968
1284751936005210112
1284750734853115904
1284748978492510208
1284746364778418176
1284744722939105280
1284696003375923200
1284695341422374912
1284694703468875776
1284692548213190912
1284683961403400192
1284682598938181632
1284681920090189824
1284681061629333504
1284679399577722880
1284678598666989568
1284677014717333504
1284674940382466048
1284674717182562304
1284674108962283520
1284673731139428352
1284673268356718592
1284671890464878592
1284670564066570240
1284670118967025664
1284668547541630976
1284666402201391104
1284664579935567872
1284664254587711488
1284663539576315904
1284662243410550784
1284661747094368512
1284660165267075072
1284659159376580608
1284659001486082048
1284658687529885696
1284658537650675712
1284657345663049728
1284655412873134080
1284652632221593600
1284651416099987712
1284648602740994048
1284641664443854848
1284640486444195840
1284639196477562880
1284638721887866880
1284637650067042304
1284637198202085376
1284636504007024640
1284635419326451712
1284633491792166912
1284632928144756736
1284631523711492096
1284630556525891584
1284629812330606592
1284625452028526592
1284621475148894208
1284620506721849088
1284619579990433792
1284618675664887808
1284617481047478272
1284616376666263552
1284615442548621312
1284615076998193152
1284614859364212736
1284613581384962048
1284611440582823936
1284607471949090816
1284605434993815552
1284603339209158912
1284601177502388224
1284598572063821824
1284585151859654912
1284584314160676864
1284583165881978880
1284581759565299712
1284578794725048320
1284577532457750528
1284576745543303168
1284575357815992320
1284574176494456832
1284538825910489088
1284538802049097728
1284518048955797504
1284508335576944640
1284495235826044928
1284495043038978048
1284493849247850496
1284485491660914688
1284484876281028608
1284482550606573568
1284466075892097024
1284462823167401984
1284461680806723584
1284461118329683968
1284459891105697792
1284458276537749504
1284456729435045888
1284455143354834944
1284453301816365056
1284446441914629888
1284403994195038208
1284402520572530688
1284400501191213056
1284395743076327424
1284392096305217536
1284389477050388480
1284389193154793472
1284388973142515712
1284385701891579904
1284384844017999872
1284277548139118592
1284275546113925120
1284271944263770112
1284269987331440640
1284268998847279104
1284268694311444480
1284266998768205824
1284266841230188288
1284265881045008384
1284264855361511424
1284263053299724288
1284262281795248128
1284259414338416640
1284257571554107392
1284256336637841408
1284253614173818880
1284252019054842112
1284250713216950272
1284247568365563904
1284232913777766400
1284227636470910976
1284225899567681536
1284217317350678528
1284215390843830272
1284213975073390592
1284212845928947712
1284207532026757120
1284206862003515392
1284206085260414976
1284205493003542528
1284204169738551296
1284203277622685696
1284201992546590720
1284195604080590848
1284194458909769728
1284194067312779264
1284191418374922240
1284190285350744064
1284190088285638912
1284189591386435584
1284185399980699648
1284184899721875712
1284184330923892736
1284183752411877376
1284182691492101888
1284181744699215872
1284180922653454336
1284179519436398592
1284178449352003584
1284177747535892480
1284176318247120896
1284175010366656512
1284174271141601280
1284169140643790848
1284166714129895424
1284166692940152832
1284148628060278784
1284145822859431936
1284141959754526720
1284140833395146752
1284139627029430272
1284138657943818240
1284137040607617024
1284126446047420416
1284125670340284416
1284124375206199296
1284123850834243584
1284123449183567872
1284121850105274368
1284120051298308096
1284119085333258240
1284117097954660352
1284115849931104512
1284114530122043392
1284113244479774720
1284104274545455104
1284103303614398464
1284102413574701056
1284101175655239680
1284100126122946560
1284095891541041152
1284094874288095232
1284093989315018752
1284017546350538752
1284015849502838784
1283931678839316480
1283919386307448832
1283899912309092352
1283895022702800896
1283893959127904512
1283892490475581440
1283890885965557760
1283889458237124608
1283889193098321920
1283887230218571776
1283886216509820928
1283885903149236224
1283885051659386880
1283884115654324224
1283883698237178112
1283880998837551104
1283879672217051136
1283878728809025536
1283877023925010432
1283876325892198400
1283875907225243648
1283875169438703616
1283873421265428480
1283870719315783680
1283869301993340928
1283865810855956480
1283860716877946880
1283859730872643584
1283859157251219712
1283842379196375040
1283813030091018240
1283812848507006976
1283812213220925440
1283797102645202944
1283795558310838272
1283790678946963712
1283789512087396352
1283788400072560640
1283786889762308096
1283786001626943488
1283784995044306944
1283728151588343808
1283726958115856384
1283726351246266368
1283725403656511488
1283723355577896960
1283722782552064000
1283720633956945920
1283717517047930880
1283713845463339008
1283583805412999168
1283529627135365120
1283528353883070464
1283527667850129408
1283526163860795392
1283524963014709248
1283523733379002368
1283521671559872512
1283514431389957888
1283512940973490176
1283509487266136064
1283508125530763264
1283507043417174016
1283505446037401600
1283504741817950208
1283482153305636864
1283481938272104448
1283479629668462592
1283478572552912896
1283471015499137024
1283466890657095680
1283452742359486464
1283425292107886592
1283060870784974848
1283057433951207424
1283055317983662080
1283052616411500288
1283037315326238720
1283036856679104512
1283036375319810048
1283035075962077184
1282957664490790912
1282954969411444736
1282952676842655488
1282845876206153728
1282845529811161088
1282843417932963840
1282829153864122368
1282828362050871296
1282827205282865152
1282825228117311488
1282824303768215552
1282822927948435712
1282822631293628416
1282819760296800512
1282819280111833088
1282818664648105984
1282799278650462208
1282795636925112320
1282793638104379392
1282791916548100096
1282791589857951488
1282789860361764864
1282788268606725888
1282787814896275712
1282786784208916480
1282783809734348800
1282782971506941952
1282782211666784512
1282779967873527808
1282778486197952512
1282777049392975872
1282756278113259520
1282751765272813568
1282750387473338368
1282748958356451328
1282747006734213120
1282746200752627712
1282745356149719040
1282742635032084480
1282741128748466176
1282708384962273280
1282677849548296192
1282675824571879424
1282470678990651392
1282459204217905152
1282459046843502592
1282458777288146944
1282441168270303232
1282439846716477440
1282432795378426112
1282432478540636160
1282407185977356288
1282406057097277440
1282403088305922048
1282402462956216320
1282382162164158464
1282380610594656512
1282367745972211712
1282364974409670912
1282363259627212800
1282362066381176832
1282360402379190272
1282341060669300736
1282338727973527552
1282337765632475136
1282331912116121600
1282330017058480128
1282326584272326912
1282325576913747968
1282315683741798400
1282312377917157376
1282311462896185088
1282310840801271808
1282310519504777216
1282308145176629248
1282307735279808512
1282307226196234240
1282305676472188928
1282304874579886080
1282303519115091968
1282302941727162368
1282300201579970560
1282296508260515840
1282293561820614912
1282290182104981504
1282132743745396736
1282097558219825152
1282095145165492224
1282091852024418304
1282089468820946944
1282088404625358848
1282086514751569920
1282084097091919872
1282081595365752832
1282079819224817664
1282078914043695104
1282078804157112320
1282076971787333632
1282075739140096000
1282072894844133376
1282071081235423232
1282009779750215680
1281946114925764608
1281944605123125248
1281944108865650688
1281749902788370432
1281724244632707072
1281720517880315904
1281719405957861376
1281717253537509376
1281715863817682944
1281713732993912832
1281712183672557568
1281710461231271936
1281709321836015616
1281699436868050944
1281697251816083712
1281696299423866880
1281695230044057600
1281694674005168128
1281693171634798592
1281691271472590848
1281690189270781952
1281687274779025408
1281685537838043136
1281684422446723072
1281683435908747264
1281681439642312704
1281680235759652864
1281677650755543040
1281655686561234944
1281652591299121152
1281651867785867264
1281650665370972160
1281649283825938432
1281648135039680512
1281647178855915520
1281615476536246272
1281615067646177280
1281614345156341760
1281613682217279488
1281610493199880192
1281592392651603968
1281583581509365760
1281495432535867392
1281494817210605568
1281379276248567808
1281369824338337792
1281369105963134976
1281368109270667264
1281361499106181120
1281358844262854912
1281349557947949056
1281348019783442432
1281345555852132352
1281340512386121728
1281339338656227328
1281325663220310016
1281324358422667264
1281322201761923072
1281320197052301312
1281319685317893888
1281318143357583360
1281317997358039040
1281317035121704960
1281308909500862464
1281308445048782848
1281308088729993216
1281297653293289472
1281142430927073280
1281141712002396160
1281140970201939968
1281138213634093056
1281134533832781824
1281132921013837824
1281132185513230336
1281131018037190912
1281130424396402688
1281128882134024192
1280990841432129536
1280989918102196224
1280986367762354176
1280985523755126784
1280983848390733824
1280980377381806080
1280979232064225280
1280976601908490240
1280975038850744320
1280974273163792384
1280973508064018432
1280972740552544512
1280970862590668800
1280968065585418240
1280966189074825216
1280964199196381184
1280962620313546752
1280960148886953984
1280957479459983360
1280955731823468288
1280955174304038912
1280954184754397184
1280953831040471040
1280953151068258304
1280948126216589312
1280867608506634240
1280866398969962496
1280853054196273152
1280851842721886208
1280851096735490048
1280850444378681088
1280794774237216768
1280794442459426816
1280793484388114432
1280792289753866240
1280778858262925312
1280772653679345664
1280638328258396160
1280634715301650432
1280629845010120704
1280627431603351552
1280625695799029760
1280625082403094528
1280624378942763008
1280622766073536512
1280621228772990976
1280619877548675072
1280618624370311168
1280615315915911168
1280611628162088960
1280597686513815552
1280596745450389504
1280596088018423808
1280594260111351808
1280390847712935936
1280311740144771072
1280310736162521088
1280310350861254912
1280308855726055424
1280308234344173568
1280303147051819008
1280301560745070592
1280290846097760512
1280289068371324928
1280285087519641600
1280284504096194560
1280283866301976576
1280283298724487168
1280282401520988160
1280280229391597568
1280279498349568000
1280278391154003968
1280277952572383232
1280272952999546880
1280269833364557824
1280269175571787776
1280268072818028288
1280266932529307648
1280265780148474112
1280264495563186176
1280263453349945088
1280262831796031488
1280260367889858560
1280259613619871488
1280258542264627200
1280255569249685504
1280254926912991232
1280254356613447680
1280252708616888320
1280252197637443584
1280251236785238016
1280250473333825536
1280232677048803328
1280231914654367488
1280229700560977920
1280228124077195264
1280227719440195584
1280226417851105280
1280226138816741376
1280224366274510848
1280179419865403392
1280178479879815168
1280177764679720960
1280176152993300480
1280175313339768832
1280173311436247040
1280170847051952128
1280169532603224064
1280167667098411008
1280166001754112000
1280151652461314048
1280148142386827264
1280129582738309120
1280128603796246528
1280107826896133888
1280105740045357056
1280103461510615040
1280100666489348096
1279936437182500864
1279934241892155392
1279933155441606912
1279912401333374976
1279889760941682688
1279887778952753152
1279883817961099264
1279882477063020288
1279882118940803072
1279877952486940672
1279877149093232640
1279875952730935296
1279872040183517184
1279870045523451904
1279868537612443648
1279867756310073088
1279866795625758720
1279864713015328768
1279854485699989504
1279850768934359040
1279850360841084928
1279849565680697088
1279847994033127424
1279846133465075712
1279845586712305664
1279844641823756288
1279844074468659200
1279843015075549184
1279823959719129088
1279822445294292992
1279821191000309760
1279820251149058048
1279807776819228672
1279806600493006848
1279805122671935488
1279803471009628160
1279801576840986624
1279801039617699840
1279800492558819328
1279800472438784000
1279790739363434496
1279789876230193152
1279789550370512896
1279788498485235712
1279787603022274560
1279786492332773376
1279778561109438464
1279777558792453888
1279775149382758400
1279774996550823936
1279774716040003584
1279554795456679936
1279554024417693696
1279551137641832448
1279549901744017408
1279548815364759552
1279547426152603648
1279545079758192640
1279542130285969408
1279523968320442368
1279507946314043392
1279489515279781888
1279489063465242624
1279488310721863680
1279485275048161280
1279482920420487168
1279482022491275264
1279470908957057024
1279470008532455424
1279468486306279424
1279468169397239808
1279157090611875840
1279151314086363136
1279150566720131072
1279149492210667520
1279148632932057088
1279147364045983488
1279146001866133504
1279145314860126208
1279144076714147840
1279142962098835712
1279121345868111872
1279050337337462784
1279048861173067776
1279048296330407936
1279046840894316288
1279046052453199872
1279044457468514304
1279043847956430848
1279025152399937536
1279014122957529088
1279012806222909440
1279011340020039680
1278852968637517824
1278852374736645888
1278849665023254528
1278848498176348160
1278838534523236352
1278773105272520704
1278731314590597120
1278730163627458560
1278729273336102912
1278727913739890688
1278727483643383808
1278727045900533760
1278725247676669952
1278723783147294720
1278723092865572864
1278722393847009280
1278421840407527424
1278109964624592896
1278109309306638336
1278107431978090496
1278106131672576000
1278071991564734464
1278070832049402112
1278068289718140928
1278068085170343936
1277721665145843712
1277720678846943232
1277719417007341568
1277716738797441024
1277716075006787584
1277715175676743680
1277712576848297984
1277678784272097280
1277678341869514752
1277677705782272000
1277676545289654272
1277675676263481088
1277673881915011072
1277673460303564800
1277667304403275776
1277588440796803072
1277512506379026432
1277501697011724288
1277334479741345792
1277332148500992000
1277331432369786880
1277182110953017088
1276800340730408960
1276797935955488768
1276605099176071168
1276604208184283136
1276602221459898368
1275903590427774976
1275869108605784064
1275855784883236864
1275837475924119552
1275837071228375040
1275832933081890816
1275832696896397312
1275790935184551936
1275788626228654080
1275535781910757376
1275486853026766848
1275485890740203520
1275484354236555264
1338374783734583296
1338374571645427712
1338339281341968384
1338338803988258816
1338336890538373120
1338222508584087552
1338215634182811648
1338189235829039104
1338188839689576448
1338188206664282112
1338187415832420352
1337856498563735552
1337735876529557504
1337717644317822976
1337707808301715712
1337707262429847552
1337557405786398720
1337557188282343424
1337200161840394240
1337198589743931392
1337103105792602112
1336793083946692608
1336792417941516288
1336692169340497920
1336393767985815552
1336364081108951040
1336343238517682176
1336300437406937088
1336214663126781952
1336155739346382848
1336154064036503552
1336153313725779968
1336152792776519680
1336091834074996736
1336070756757811200
1336069886540443648
1335932769898205184
1335932037992222720
1335931622059872512
1335918966632550400
1335918849812787200
1335917910053826560
1335898502241660928
1335897982173122560
1335896226454188032
1335888451573608448
1335882426124525568
1335881941057478912
1335881677508317184
1335881427121016832
1335880855252819968
1335872025425010688
1335871941153071104
1335871903916044288
1335871865986969600
1335871820692660224
1335871767190056960
1335871697690501120
1335871640069156864
1335871593910841088
1335871542895538176
1335871484443709440
1335871442416754688
1335871400477941760
1335871356211179520
1335871344303542272
1335871320224112640
1335871275340853248
1335871189470879488
1335871187264696320
1335871105744113664
1335871055169204224
1335871013423370240
1335870858930384896
1335870820175011840
1335870766500425728
1335870712654016512
1335870661781311488
1335870486065123328
1335698043644088320
1335697797513957376
1335697601396617216
1335697473919197184
1335697348022968320
1335695406987173888
1335695334224384000
1335694412031135488
1335692823740485632
1335691827345838080
1335691701718048768
1335691307281477632
1335558797205655552
1335558197332090880
1335547908263997440
1335547726147284992
1335542672497512448
1335541745602408448
1335540729863680000
1335540133911802112
1335539236200714240
1335538891814809600
1335538071509594112
1335537643283738624
1335537075131703296
1335536525723963392
1335535584991961088
1335436489321312512
1335435891301560320
1335435642910744576
1335351295914500096
1335349591223529472
1335344393121914880
1335344209042300928
1335343719139119104
1335343615866974208
1335343553971695616
1335342733700050944
1335342626686595072
1335342575377592320
1335342572361879552
1335342499909472512
1335342218991857664
1335342163694120960
1335339387484254208
1335338748901515264
1335261989971636224
1335261930898874368
1335261321877737472
1335261252453605376
1335211709020168192
1334982556111015936
1334981112079257600
1334980625531629568
1334979785785815040
1334979317231738880
1334603916667981824
1334603672664363008
1334603625067319296
1334588312821133312
1334537833168723968
1334535959367589888
1334513478695067648
1334512632590700288
1334512547291127808
1334512382794735616
1334512138866614272
1334511922247561216
1334465677713870848
1334465400063528960
1334407102547181568
1334394190931877888
1334394151656370176
1334390229650825216
1334170934417248512
1334170474323046400
1334169945048035328
1334169411486425088
1333820764718510080
1333820714663677952
1333820655591182336
1333820593712590848
1333820546971295488
1333820500917833728
1333820459268386816
1333820400111919104
1333820343417532416
1333820291873693696
1333820243488157696
1333820226346094592
1333820087170641920
1333818531390099712
1333815197560156160
1333813639485263872
1333663713564512512
1333661329857589248
1333659812094242816
1333658833596583936
1333658381446508288
1333657854700625920
1333657581554982912
1333656109161320448
1333655564186947584
1333655279288856576
1333655099722358784
1333654438670688512
1333653540137541632
1333646859592757248
1333641589038739712
1333640568283537408
1333631707673718784
1333540896609099776
1333533875000184832
1333433081697591296
1333275241028722688
1333048241017982976
1332893755377135616
1332893344536682496
1332872743105257472
1332871640661843968
1332871112896762112
1332870278939029504
1332870230570397696
1332870194889428992
1332869682609709056
1332869585108938752
1332869517186392064
1332810628210233088
1332809134643818496
1332809046001377280
1332808990271688704
1332808912152752128
1332808830711894016
1332808762479030272
1332808712369676288
1332808603548446720
1332808538058584064
1332808495704498176
1332808443858726912
1332808406684602368
1332808384366718976
1332808279530024960
1332808209254510592
1332808171933609984
1332808132716867584
1332808095530168320
1332800792097660928
1332800379751424000
1332800317600243712
1332789853029888000
1332788264932085760
1332786471246422016
1332784281047986176
1332782595772456960
1332775938086612992
1332738031221170176
1332737279916453888
1332717313066405888
1332714850993262592
1332712669032443904
1332709354680803328
1332681752897343488
1332681357445750784
1332681239095021568
1332681134082306048
1332681024728403968
1332680875415367680
1332680784491245568
1332680610092113920
1332680498309640192
1332680437571973120
1332680323918942208
1332680241421185024
1332680107190837248
1332680011476840448
1332679937980043264
1332679797185634304
1332679702432116736
1332679504867840000
1332679429349367808
1332679365231042560
1332679100427874304
1332679039300014080
1332678959457251328
1332678904948158464
1332678827932323840
1332678442794577920
1332572596441931776
1332572086938820608
1332570199204245504
1332409985393954816
1332353045364154368
1332195487378763776
1332045114873700352
1332042170820341760
1332040860075237376
1332039110001905664
1332025478505435136
1332024402851074048
1332019362098798592
1331955798201741312
1331825575502163968
1331825537640263680
1331825464265105408
1331824335569514496
1331720565288267776
1331720057307631616
1331718123515482112
1331717575257051136
1331717255206416384
1331716493579608064
1331716319784407040
1331715589426065408
1331714825160974336
1331714761420050432
1331714717023350784
1331714364701859840
1331714282816409600
1331714242525925376
1331713880918200320
1331713701120978944
1331713420551393280
1331712910637281280
1331712508818841600
1331710806065557504
1331546780660592640
1331449555062304768
1331448663105810432
1331373852576899072
1331312787235233792
1331312655546593280
1331312517923147776
1331312438709509888
1331312341447798784
1331312171880509440
1331312080650121216
1331311999788134400
1331311912655654912
1331311837422424064
1331311771026644992
1331311651086348288
1331311591573381120
1331311521050267648
1331311304418660352
1331311153675460608
1331311081915035648
1331310907625000960
1331310815283212288
1331310753379475712
1331310666045665280
1331310572441317376
1331277157260288000
1331274845812908032
1331241988658782208
1331240990141771776
1331240236710498304
1331238573820047360
1331086939890589696
1331086164103749632
1330992507979784192
1330992114365292288
1330990656265854976
1330989126611595264
1330989067106988032
1330985345983406080
1330985261082275840
1330984787562143488
1330984588454268928
1330983910784851968
1330983444827009024
1330983115217571840
1330979269988806912
1330978170414243840
1330978065787334912
1330977865547083776
1330970653940441088
1330961230564044800
1330961190495932416
1330960784353058816
1330960593663254528
1330958416450301952
1330937377112657920
1330936709962473472
1330936506962341888
1330935708241039360
1330934880516120576
1330934827651133440
1330918476530274304
1330914573571026944
1330901620817793024
1330900835849613312
1330900613320806400
1330900479363194880
1330900369149452288
1330900291013767168
1330862452179935232
1330862267680907264
1330861102511566848
1330739540311543808
1330738964999892992
1330704176863735808
1330703882419380224
1330621650157645824
1330621476135907328
1330621340945182720
1330620794708369408
1330620351064252416
1330620156633026560
1330617422563434496
1330616461744812032
1330615759060545536
1330610257383600128
1330609934162161664
1330609482381078528
1330608965370175488
1330606877114310912
1330606354877313024
1330606071476531200
1330604912728821760
1330604795472846848
1330604735850754048
1330604690501988352
1330604492354695168
1330604304735100928
1330604260766195712
1330604230818795520
1330604141052358912
1330603338833027072
1330598975179796480
1330564843963899904
1330563505695625216
1330562066697039872
1330560699169460224
1330559504090599424
1330558273460826112
1330557851199299584
1330553202111111168
1330550103837445888
1330549949231230976
1330540162607099904
1330537620506628096
1330537449756483584
1330537324300611584
1330536790172766208
1330535849876983808
1330535789852291072
1330535664169914368
1330535427372093440
1330535240289411072
1330534934054842368
1330533046626492416
1330532795140149248
1330532693646467072
1330532512045670400
1330529681657958400
1330528869728866304
1330424585540542464
1330272982296645632
1330272943432216576
1330272861496500224
1330272692734484480
1330271807987978240
1330271065961017088
1330270799375241216
1330270321841201152
1330262600383336448
1330261419061891072
1330259735518588928
1330256842384158720
1330256533976911872
1330255972510601216
1330248381457969152
1330196088024952832
1330192805734608896
1330185409322754048
1330175297698861056
1330174887458172928
1330170145277407232
1330169851537715200
1330168673886232576
1330028943068573696
1330028631813402624
1329918009805336576
1329917584125341696
1329915909931143168
1329914790421143552
1329914314497675264
1329912882545504512
1329912776551264512
1329902080673386496
1329897115611508736
1329896826837856512
1329889654439612416
1329889047402213376
1329887374835376128
1329885157382295552
1329863644872630272
1329842123227672576
1329513647907991552
1329512662913441792
1329512082878959616
1329511672114012160
1329483901702639616
1329483668214190080
1329475221733175296
1329181964604219392
1329180712814211072
1329180132532252672
1329179052649951232
1329177737119084288
1329177699743621120
1329177670270279680
1329176391519252480
1329176185293692928
1329176117966729216
1329176083229445888
1329175861950619648
1329175653032325120
1329173761854218240
1329173672381345792
1329173572837920768
1329173428197347328
1329173336136486912
1329173282868908032
1329173174907514880
1329173089226252288
1329173016467673088
1329172929205198848
1329172827262623488
1329172718948913152
1329172639882096640
1329172555282964480
1329172468058247168
1329172363355754496
1329172250281512960
1329172145302364160
1329172138230767616
1329171953811410944
1329171848077201408
1329171725406392320
1329171627268059136
1329171540211068928
1329171344358043648
1329171249931628288
1329171179102461952
1329171116078878720
1329171003617013760
1329170894720266240
1329170452430921728
1329170418729705472
1329170385577840640
1329170358772051968
1329170317609213952
1329170237384781824
1329170227511308288
1329170173115453440
1329163170393575424
1329162928419971072
1329162099214454784
1329153358825984000
1328961141381488640
1328868762167242752
1328781756380704768
1328781473302851584
1328780929901469696
1328732737637904384
1328455252589375488
1328455159412903936
1328455080434077696
1328454979804336128
1328454873441067008
1328454801336774912
1328454752590553088
1328454613247389696
1328454565415555072
1328454489561559040
1328454436084211712
1328454383630159872
1328454305863639040
1328454251681632512
1328441381765918720
1328426302651691008
1328425226829443072
1328181300147130368
1328044749165649920
1328040815634108416
1328039991663013888
1328039890299269120
1328039748041117696
1328039569141460992
1328039477969891328
1328039320951853056
1328039174218387712
1328038977006350336
1328038908643389440
1328038599267323904
1328038511296077824
1328036570428039168
1328003406582124288
1327995975772893184
1327735367173337088
1327732909386633216
1327732812288552960
1327732191149821952
1327731279224311808
1327680393454252032
1327670201261887488
1327665064107781888
1327371620017704960
1327347328446042112
1327347022727434240
1327346847833264128
1327346724948545536
1327346614848155648
1327324221920473088
1327321310440153088
1327320926724255488
1326995767396069376
1326994154220630016
1326733021853200384
1326732084082331648
1326730008543555584
1326645785547698176
1326643021748768768
1326642426904240128
1326641993796243712
1326641871817498624
1326641707371393024
1326641558616240128
1326641469323620352
1326641371332173824
1326641175361679360
1326640984000778240
1326640835514015488
1326640649270145024
1326640410903638016
1326640248370192384
1326639795901247488
1326639498978095104
1326636879563911168
1326614661349994496
1326613856328835072
1326604814076272640
1326602520349843712
1326596400172462080
1326594706025877504
1326593698755440640
1326585538325962752
1326460795107106816
1326369499063463936
1326369238337073152
1326368445538181120
1326367692496973824
1326193610530885632
1326048240878440448
1326048095512170496
1326047993930395648
1326046690470735872
1326003236986347520
1326003098167500800
1326002439414222848
1326002211852345088
1326002042272423936
1326001826932666368
1326001654882308096
1326001518676467712
1326001309330366464
1326001205152198912
1325923735346569216
1325920415252951040
1325920018564063232
1325919095397740288
1325915219630182400
1325914736366669824
1325913585848029184
1325908870963884032
1325892734553640960
1325886507681533952
1325886379662987264
1325886321680916480
1325886184984367104
1325885290502909952
1325885139222720512
1325885123343101952
1325885035573030912
1325884700372643840
1325884649109905408
1325884540573933568
1325884434525118464
1325884274332078080
1325884199279190016
1325861922491822080
1325853485326282752
1325849343321116672
1325848804252389376
1325846854991568896
1325846781566066688
1325846554675130368
1325783461735641088
1325780834025148416
1325750948451540992
1325737890958217216
1325737235912806400
1325731956311674880
1325724497224273920
1325548232022384640
1325547684221038592
1325546534545584128
1325545831605395712
1325545709077192704
1325545660473597952
1325545557193056512
1325545383712477184
1325545283774799872
1325544625394900992
1325543673514307584
1325543477946568704
1325543361634324480
1325543296354160640
1325543272383700992
1325543242553847808
1325543204318535680
1325543200141025280
1325542881428463616
1325542809584209920
1325542788327485440
1325540122067148800
1325538919887331328
1325538776408489984
1325538641704267776
1325509768107192320
1325507940929974272
1325492673344581632
1325491819841531904
1325488737258757888
1325487272607817728
1325483712763539712
1325481185267634176
1325407133626753024
1325389820936548352
1325389463133036288
1325389375010721792
1325389309759942912
1325389236435111936
1325389150443491328
1325389112111673088
1325389042293288960
1325388997129080832
1325388947770445824
1325388886089068288
1325388790098170112
1325355601006907392
1325247011797544960
1325246976158478336
1325211105363365888
1325211099701137408
1325210955152826368
1325210896994611200
1325210480139358208
1325210465941643264
1325210456420732928
1325210392897998848
1325210299725611008
1325210240766324736
1325210225343827968
1325210224014184448
1325210087535861760
1325210046251241472
1325210032867172352
1325209960188440576
1325209919381929984
1325209834942320640
1325209815501647872
1325209668214382592
1325209646953459712
1325208077663088640
1325206371466240000
1325204438542393088
1325204308724310016
1325204071381397504
1325204032160477184
1325203973675102208
1325203914967248896
1325203859652943872
1325203795882565632
1325203795450580992
1325203633667936512
1325199653273530368
1325198168254894080
1325198086038315008
1325196857098657792
1325192399413370880
1325190893398347776
1325190769179811840
1325189652744187904
1325188273787068416
1325185917766803712
1325185533199446016
1325184614701424640
1325178949991755776
1325177637652885504
1325175263898923008
1325175236099076096
1325174904631644160
1325172906259673088
1325091102786015232
1325090913501241088
1325090344409526272
1325058283439333376
1325058174060285952
1325058110550134784
1325057899052359680
1325057830701948928
1325057533682266112
1325018922899353600
1325018318739222528
1325018317095047168
1324904903479861248
1324903874637991936
1324903646757326848
1324902295939780608
1324901626000404480
1324764436297588736
1324763780996321280
1324763683755642880
1324763559209873408
1324763470949158912
1324763354989289472
1324763223632105472
1324762992588804096
1324762395995242496
1324762202834960384
1324762115383635968
1324762081955057664
1324762059075178496
1324761972810928128
1324761776815247360
1324761469548961792
1324761140904239104
1324760909714173952
1324760781058150400
1324760752339717888
1324759551388852224
1324758823622627328
1324758534970613760
1324758395245760512
1324758120292360192
1324757246610386944
1324556764050763776
1324464615749783552
1324464558103285760
1324464485021736960
1324464404033867776
1324464303496450048
1324464252585992192
1324464164346232832
1324464046721110016
1324463957315358720
1324463833520496640
1324463716772007936
1324463626166636288
1324463604352114688
1324463539789144064
1324456219151601664
1324456055699574784
1324455937957154816
1324423718618206208
1324421355018878976
1324088889066229760
1324088627807309824
1324088519988518912
1324088411783876608
1324088269672427520
1324088178677108736
1324088089661329408
1324087902054326272
1324087787335941888
1324087595203207168
1324087451250544640
1324087133779468288
1324087090892754944
1324085461632077824
1324084240913489920
1324079902241497088
1324079784440303616
1324079733638922240
1324079082716487680
1324078826025062400
1324078770643488768
1324078232166084608
1323472896388456448
1323367606296915968
1323362051285200896
1323359616059756288
1323259777909141504
1323257059547222016
1323256931797094400
1323000412128088064
1322865788299153408
1322829795198181376
1322783902122074112
1322779245593153536
1322776739806924800
1322776199131734016
1322776160250564608
1322376029294497792
1322374263404462080
1322282846720040960
1322266492587618304
1322260857716441088
1322245406714191872
1321919151540232192
1321919069340225536
1321914092664356864
1321912594417016832
1321907548744798208
1321884481700192512
1321878046572466176
1321877982844198912
1321872073707425792
1321871663772930048
1321871301737353216
1321871210016395264
1321871032429535232
1321866309387407360
1321866229485916160
1321866126196940800
1321866024552177664
1321866007368077312
1321865963550220288
1321865890690904064
1321865783169978368
1321865696687628288
1321865601455951872
1321865560553148416
1321865499756679168
1321865451564113920
1321865019580141568
1321864966547361792
1321857585495089152
1321857183747899392
1321856865685426176
1321856702078164992
1321855799732375552
1321729140861652992
1321728509191069696
1321651781387112448
1321644789910048768
1321644565594517504
1321644444328841216
1321644415077785600
1321644372249759488
1321644327114805248
1321639046398021632
1321638499943096320
1321638145545392128
1321635037482287104
1321634872579031040
1321634784242737152
1321550974230630400
1321549791839559680
1321549390964838400
1321549283410280448
1321549001418747904
1321548661357191168
1321540800883417088
1321539455690395648
1321538978252836864
1321538763995185152
1321533870492311552
1321532919316402176
1321532644757278720
1321466647715217408
1321466592543313920
1321466365178511360
1321465661240082432
1321305653676331008
1321304574062399488
1321304468319776768
1321303651059671040
1321300831866638336
1321300491909893888
1321298105023815680
1321297967232520192
1321297597227814912
1321296908544081920
1321296680629817088
1321191681258082304
1321190704694108160
1321187331307692032
1321186585027727360
1321183935875944448
1321178309720481792
1321177923357990912
1321169606225125376
1321163721532674048
1321163481568190464
1321160236925919232
1321159403819749376
1321158412189736960
1321158335450722304
1321158278789898240
1321158224024928512
1321158081003294720
1321157968809918464
1321156082992062464
1321155200829300736
1321152078056751104
1321151835806277632
1321151750695456768
1321151604809179136
1321151552019640320
1321151285924667392
1321150190913507328
1321150144914640896
1321148879543427072
1321148802972196864
1321148722823221248
1321147928929574912
1321146270828892160
1321146126846799872
1321145806712352768
1321144801882943488
1321144153837834240
1321143981527474176
1321143878091706368
1321143673808146432
1321143236451336192
1321142407551922176
1321141718390112512
1320965775541325824
1320937986075336704
1320937419294838784
1320933572203716608
1320823832672899072
1320823602690904064
1320823190785036288
1320794607756677120
1320776071520882688
1320775494120415232
1320775073847009280
1320478869149896704
1320475480634629888
1320425925473931264
1320425789729480704
1320390144856391680
1320388941040713728
1320354520652763136
1320353026188652288
1320351577903947776
1320341102201872384
1320341002595586048
1320336446914514944
1320336250952351488
1320335134193799168
1320334706165096448
1320296880396505088
1320285322564063232
1320284774297161728
1320284605329641472
1320283965257908224
1320108524677091328
1320086213072687104
1320085997523185664
1320077948091830272
1320077842651238400
1320077679312371712
1319729423109787648
1319729129235861504
1319729046478085888
1319728983890677760
1319728918203650048
1319726570261651712
1319723709452660736
1319722403434532864
1319717649274777600
1319687339971588096
1319685778247659520
1319684410917199872
1319657622950285312
1319657489118449664
1319656105304334336
1319655543959654400
1319655317442076672
1319654603286347776
1319600148343869440
1319599925961818112
1319506812996124672
1319505239398060032
1319504423199117312
1319503848055181312
1319379486429892608
1319362895390646272
1319351393552052224
1319349339949568000
1319348536287350784
1319348296939393024
1319337988288020480
1319335544703287296
1319265537562730496
1319200676791070720
1319200606997893120
1319200567013629952
1319199275910373376
1319147828623610112
1319146141234221056
1319145770994569216
1319145087323021312
1319144820661772288
1319144612301328384
1319143992685191168
1319140232835596288
1319138909088075776
1319137290749435904
1319113566696427520
1319113282662338560
1319018827754201088
1319018740772634624
1319018673428926464
1319018532907175936
1319017452836212736
1319016624423424000
1319016191428595712
1319015925358669824
1319015668038180864
1319015614049099776
1319008359111102464
1319004704496635904
1319003312797220864
1318973249703858176
1318972416819867648
1318968833537921024
1318926440952418304
1318924902272012288
1318866169181384704
1318865032067862528
1318862846449586176
1318797279441096704
1318556851735318528
1318556161583579136
1318556004724953088
1318542683028291584
1318542627617280000
1318533063987630080
1318292472842326016
1318292293430947840
1318289736021110784
1318285751457615872
1318285619584487424
1318285424125685760
1318285299009703936
1317935856146153472
1317934707322032128
1317933748638392320
1317933138350383104
1317925750914285568
1317911677799628800
1317878915218788352
1317869248463753216
1317869031882371072
1317852244138725376
1317820652972290048
1317790194641371136
1317602923082338304
1317602724226191360
1317598736181321728
1317596962854752512
1317595393342005248
1317594944643731712
1317593949389967360
1317593795429601280
1317576822947807232
1317576736184426496
1317573487410774016
1317567186341330944
1317561788867710976
1317559226659635200
1317529624654524416
1317529553544351488
1317495926961938432
1317491810625781760
1317220363835756288
1317219283701800960
1317218516844617728
1317218263529566208
1317217795302711296
1317216514882309888
1317215905454108672
1317214699293974528
1316898182354341888
1316896814080135168
1316886814045671424
1316845017147879424
1316844306494349312
1316843434217558016
1316842827477811200
1316841881104515072
1316816131269812224
1316811162705702912
1316801276500377600
1316798521480302592
1316795248157380608
1316780381593636864
1316757502604775424
1316757325072478208
1316626991752392704
1316593566135844864
1316593536020741888
1316452991734624512
1316452902811185152
1316452789418106880
1316452744757211136
1316452636401561600
1316452469262745600
1316451979716157440
1316451438432784384
1316451118910668800
1316447661415952384
1316447229104861184
1316446308543201280
1316150475541164032
1316148655917854720
1316148399251562496
1316147844806520832
1316146235296841728
1316143409959235584
1316143226802311168
1316142736022614016
1316117830534868992
1316098641115983872
1316072414917414912
1316069321676861440
1316068961612640512
1316061874736295936
1316058911062061056
1316057595933798400
1316057488194785280
1315992669437538304
1315985473907625984
1315983792012767232
1315969962050232320
1315871621287116800
1315871207825248512
1315870409489870848
1315870306070925312
1315870112365371392
1315625923719372800
1315607593210048512
1315605786748477440
1315601808144957440
1315600962032152576
1315599431945814016
1315599010263183360
1315592816387649536
1315591643819642880
1315584429243469824
1315583704476061696
1315583451882545152
1315583058242875392
1315582563323437056
1315582004788891648
1315581507327741952
1315581103265271808
1315517529406742528
1315439619887042560
1315439273345265664
1315438724881186816
1315435455765245952
1315435191960252416
1315434228365090816
1315433673861234688
1315433364070043648
1315432371613818880
1315432271265042432
1315432213471793152
1315351001243713536
1315347483887833088
1315341720482181120
1315341682162962432
1315341125809569792
1315341037737566208
1315340181650706432
1315340138285797376
1315340074129723392
1315339275349774336
1315339275341307904
1315339275190317056
1315331714999349248
1315325060572475392
1315322254331449088
1315272397977780224
1315208552244563968
1315208104317943808
1315207445774586112
1315207119667450112
1315146841927962624
1315146387944865792
1315125030775386112
1315062345727651840
1315061192000446464
1315061050203664384
1315055918640517120
1315055415571472384
1315020251503964160
1315019036439252992
1315018956500066304
1315018902364205056
1315018789554196480
1315018745040056320
1315018652614373376
1315018528362319872
1315016538001412096
1315013672360706048
1315013087884382208
1315013066816397312
1315013004405149696
1315011695425859584
1315011600366145536
1315011431377653760
1315011356752580608
1315011313094012928
1315011073058185216
1315010986097680384
1315010793231048704
1315010585432600576
1315010520437714944
1315010428985057280
1315010179453382912
1315009548248403968
1315009406589956096
1315009184623099904
1315008746775609088
1315008448816439296
1315008248563396608
1315008167005298688
1315007886377005056
1315007649327521792
1315007002347741184
1315005190341361664
1315004558783983616
1315003888135794688
1315003773836759040
1315003710020427776
1315003399851651072
1315002701697163264
1315001399961366528
1315000451205672960
1314999594821001216
1314995094458695680
1314995000304979968
1314993857940029440
1314993780085448704
1314993703619002368
1314993624673902592
1314993531849789440
1314993418033074176
1314993347820433408
1314993301662191616
1314993245668155392
1314993165607239680
1314985175529533440
1314963181001936896
1314893107813548032
1314874731154284288
1314872461641551872
1314872256523382784
1314872130530664448
1314728305241751552
1314727124197146624
1314726159322697728
1314724453805424640
1314723639036710912
1314722869528735488
1314721885880561664
1314719534322978816
1314716892943220736
1314716281770332160
1314696454305349632
1314665564892270592
1314665155758878720
1314664674999361536
1314664473026797568
1314664421336252416
1314663619402006528
1314663041003290624
1314654606740393984
1314518009172709376
1314517245314433024
1314513364907970560
1314410597212139520
1314394322008244224
1314392338970574848
1314391825441001472
1314337827031785472
1314337690419113984
1314291523702358016
1314289358254546944
1314283291390943232
1314281799447609088
1314280364211400704
1314277350998188032
1314277213047607296
1314277172274659328
1314277028577845248
1314276937561505792
1314276833110745088
1314276790718861312
1314276726193745920
1314276560854228992
1314276245690089472
1314275924041490432
1314261671293202432
1314258500441210880
1314257004282744832
1314256139354353664
1314215235000119296
1314187283185139712
1314186645223149568
1314185239095390208
1314181232369041408
1314179173901111296
1314176910663077888
1314176811631345664
1314175963262001152
1314175925043564288
1314167352720846848
1314163610353106944
1314162519561441280
1314162075376267264
1313988687202578432
1313988352727813888
1313986005293301760
1313984985825714176
1313984072612540416
1313982607944822784
1313980426223050752
1313979302577410048
1313979148126298112
1313979089137659904
1313978665542320128
1313978601004576768
1313978486265204736
1313952501545271296
1313934591611338752
1313688237089714176
1313685160555151360
1313626591143104512
1313625560883572736
1313624037084590080
1313623900958469888
1313610587377721088
1313610533040525312
1313610074066227200
1313605007539933184
1313604891718418432
1313604356986548224
1313602936472207360
1313601156929720320
1313599380482654208
1313555899156516864
1313555893901037568
1313555858211639296
1313555643874320384
1313555617047552000
1313435624863604736
1313430706136264704
1313430651207647232
1313430624028577792
1313430606437515264
1313430351528812288
1313430307102695424
1313430274609479680
1313430230409846784
1313430187212709888
1313430149262704640
1313430080299900928
1313430035236360192
1313430006106914816
1313429980718804992
1313429646558597120
1313428995468296192
1313419796160151552
1313419714887069696
1313412756595527680
1313411154262323200
1313351937287429888
1313351696236634112
1313347362916532224
1313347205131046912
1313345458027331584
1313344806953811968
1313343956370026496
1313343094968979712
1313341637049942016
1313336451761872896
1313333457150509056
1313260830763487232
1313260402055278592
1313256990349684736
1313254966216228864
1313254887342460928
1313254822502633472
1313254787249471488
1313252882079195136
1313241610512146432
1313211164021739520
1313211140982427648
1313211120983904512
1313209602180349952
1313209269060341760
1313208772748337152
1313206173957591040
1313206002183999488
1313205568727904512
1313184717441822720
1313184539905327104
1313126852526059520
1313126580944855040
1313126113862967296
1313126008543997952
1313125713046900736
1313125602736705536
1313125393851994112
1313125102435921920
1313124274190811136
1313123217196883968
1312819734082138112
1312818475828736000
1312805655816929280
1312800459967602688
1312800366849912832
1312800363674824704
1312800196850601984
1312697355259596800
1312696267814965248
1312676971978125312
1312672035647168512
1312671627537264640
1312670218662051840
1312667506981695488
1312607816595668992
1312584572551540736
1312583143099174912
1312573330092851200
1312572878664105984
1312537264115773440
1312535960060452864
1312534902076633088
1312530192057868288
1312524824275636224
1312519545320468480
1312516703583047680
1312516684779905024
1312516566638972928
1312516559911350272
1312516438343606272
1312516427623010304
1312516323671306240
1312516314271895552
1312516158319337472
1312516150576648192
1312515967050608640
1312515871651196928
1312515821176942592
1312515728663166976
1312515616981479424
1312515568788889600
1312515433803595776
1312514219116392448
1312490224597917696
1312489908301262848
1312489721348595712
1312489468696293376
1312489430364508160
1312473021467115520
1312472968778313728
1312472909584031488
1312472857624997888
1312472724376182784
1312472664670314496
1312472631069700096
1312472605908033536
1312471448368242688
1312408007452618752
1312386834471833600
1312383535710375936
1312383440281645056
1312356631909478400
1312356138600542208
1312222679378857984
1312221969463549952
1312129860588851200
1312129608074973184
1312129510821687296
1312124012760195072
1312123208808579072
1312119232209903616
1312118677525864448
1312118381160529920
1312118323723657216
1312116968284024832
1312110508212842496
1312110031324602368
1312073493010411520
1312038691691532288
1312037634999570432
1312037351259021312
1312037244677611520
1312036972387536896
1312036762177470464
1312036625359278080
1312036384929198080
1312034539905200128
1312028756475891712
1311987063017832448
1311986565774815232
1311986308882083840
1311985945592369152
1311985889946611712
1311978972230701056
1311978340253925376
1311963571094532096
1311963271533154304
1311963248888086528
1311963164649586688
1311963148577054720
1311887931989258240
1311887457294704640
1311887333747314688
1311887204097110016
1311886999696084992
1311884897036967936
1311884604937326592
1311884496954941440
1311884418257227776
1311884322505277440
1311884213688373248
1311767860059017216
1311767749291577088
1311757997664804864
1311756317929988096
1311755449767800832
1311755295371210752
1311753903160135680
1311753197153857536
1311749002820562944
1311733769787846912
1311733730541674496
1311657204550897664
1311656619093250048
1311649199210065920
1311649028451512320
1311648924025978880
1311648789967654912
1311648681360338944
1311648534702194688
1311648364874928128
1311648167180541952
1311647881577758720
1311647677898264576
1311647469458141184
1311646919198945280
1311646829898076160
1311646680819937280
1311614850422968320
1311518347989782528
1311514028976545792
1311511852195688448
1311511427006509056
1311511327484137472
1311431852226498560
1311431659904958464
1311418833043943424
1311418761132507136
1311418724755308288
1311418222177026048
1311417852008828928
1311413703913410560
1311413570115174400
1311413541916868608
1311412550932860928
1311409877848395776
1311409849822064640
1311408581279969280
1311408274328215552
1311407377225322496
1311406079255941120
1311376799985737728
1311376736119132160
1311376683052805888
1311376609841160192
1311376540916211712
1311376509001756672
1311362421097992192
1311362361547272192
1311362284254638080
1311362113789661184
1311361181274247168
1311144963707752448
1311137078319734784
1311068053413793792
1311064111644635136
1311061207244320768
1311044641169473536
1311043442550726912
1311043124005949440
1311043046809759488
1311042976794185728
1311042676414963712
1311042580839362560
1311042496433139712
1311042435053649920
1311042369911951360
1311042297258225664
1311042249984270336
1311042205889499136
1311042160905670912
1311042113547702272
1311023630156005376
1311022711314018304
1310937230391861248
1310937099785428992
1310937027433684992
1310936817080901632
1310803273696399360
1310802571871883264
1310802469690146816
1310802029732921088
1310801019148922880
1310800955928186880
1310800894485835776
1310800849904566272
1310800751631962112
1310800600976809984
1310800268519510016
1310799953795723264
1310799849349054464
1310799294744743936
1310798722633281536
1310798441128361984
1310798370240421888
1310798268318789632
1310798036940062720
1310797566183911424
1310797495107227648
1310796430508994560
1310796121112031232
1310796086391574528
1310795765984440320
1310795642520956928
1310795350735806464
1310795301440159488
1310794747410292736
1310794696831176704
1310794576337285120
1310794055471771648
1310793791209713664
1310793313772081152
1310792220199575552
1310792037617283072
1310791898085425152
1310791684771414016
1310791574020858112
1310791280591503360
1310789421571223552
1310788422592757760
1310787641353400320
1310787378014048512
1310786662268653568
1310785384624816128
1310715156104646912
1310711864838565888
1310711237320343552
1310710880707936512
1310557006370156288
1310556948069314560
1310504030771216384
1310503803796455424
1310503387046252288
1310392621282492416
1310391506554040320
1310390790741426176
1310390073402290176
1310388708873469952
1310387944784625664
1310387716664811520
1310385496598679552
1310385242289721088
1310385029986557952
1310299786629779712
1310299760054743040
1310299719978160128
1310295057493307392
1310294985925943296
1310294740504653824
1310293951556063232
1310130451080675328
1310129852876558336
1310068792651907072
1309998384892317696
1309997524598624512
1309997225003683840
1309997106174795776
1309997050537410560
1309996977602658304
1309996955058270208
1309996817480908800
1309996767535038464
1309996144479662080
1309994342556274688
1309993692577619968
1309992954904424448
1309992235312668672
1309991939349966848
1309991055346020352
1309990358412136448
1309990326900269056
1309988751775600640
1309987605036097536
1309987199836880896
1309985657721442304
1309982636648038400
1309981935435952128
1309957313806163968
1309956634194644992
1309954490318163968
1309940968632856576
1309927693618679808
1309927641659645952
1309927292077051904
1309926860046905088
1309788406537428992
1309788394503966720
1309788092497375232
1309787570344255488
1309691669265240064
1309690266794831872
1309688844078415872
1309637832617717760
1309604714565246976
1309604318232948736
1309604095234322432
1309601050337345536
1309600163078471680
1309599871872176128
1309597947773030400
1309597280199204864
1309596803084541952
1309596414322921472
1309595905914556416
1309595773668130816
1309590751219720192
1309590409157455872
1309590225560231936
1309589584733515776
1309589078061572096
1309582893249855488
1309582622918668288
1309571100771315712
1309551600143302912
1309513578282651648
1309244616261107712
1309243614334197760
1309242750064373760
1309242158864629760
1309242089570525184
1309241988529651712
1309241886889172992
1309241772246261760
1309241324722368512
1309234544470560768
1309200377921839104
1309198726536323072
1309196525092790272
1308973096502730752
1308971938711318528
1308971193450606592
1308971052098351104
1308970562782408704
1308969851801796608
1308969290981347328
1308968334088691712
1308967263874289664
1308967059079016448
1308967018306166784
1308966757705670912
1308966482253099008
1308966266103832576
1308965652175220736
1308965455453982720
1308953636798595072
1308953056806162432
1308952411436912640
1308951617820151808
1308951301359837184
1308951066663424000
1308950990184382464
1308950937185275904
1308950881065414912
1308950731161055232
1308950684839153664
1308950594506366976
1308950543713402880
1308950493922824192
1308950209955852288
1308950167723347968
1308950120118059008
1308949210906140672
1308948270895558912
1308947434576343040
1308946520067256320
1308946229670404096
1308891606464987136
1308891498260377600
1308891417478078464
1308891324280696832
1308889633795845888
1308888914149564416
1308888273973121024
1308887428581785600
1308887253419261952
1308887189187637248
1308886706570100736
1308885113657348096
1308880446223273984
1308879673355653120
1308879619060379648
1308879213479460864
1308878464318156800
1308877686677397504
1308877529969762304
1308876626252509184
1308868901695115264
1308868860947423232
1308696912627994624
1308619301067390976
1308616554146394112
1308577571811086336
1308577308190617600
1308577087687712768
1308577024517246976
1308576774880735232
1308576571188543488
1308516431944921088
1308515671257616384
1308493259656892416
1308492973710155776
1308457612774641664
1308306936362827776
1308306282508627968
1308306103667773440
1308224315587006464
1308136741887451136
1308136070488428288
1308004482186391552
1308004358152388608
1308004247720669184
1307995996492890112
1307892649467293696
1307892611500441600
1307891497057038336
1307888018037133312
1307884997026680832
1307884740477882368
1307884048057020416
1307882240450473984
1307882104647286784
1307881990742593536
1307784233218379776
1307781755781480448
1307779411215777792
1307777380136759296
1307775738188365824
1307775636455534592
1307775523377090560
1307775400051798016
1307775291146862592
1307775180836667392
1307774990247505920
1307774283742142464
1307733772872355840
1307733718782619648
1307733677284175872
1307733619016978432
1307733568215486464
1307733534669500416
1307733389106126848
1307733218028924928
1307732536047685632
1307522594980220928
1307472237734264832
1307409538543480832
1307116240570331136
1307104627448570112
1307103584497041408
1307103490326630400
1307103401684107264
1307101287792685056
1307099895329890304
1307095366999904512
1307093828567003136
1307092482396692480
1307091803066306560
1307091626754535424
1307090582083375104
1307089006388285440
1307088244899807232
1307088215388696576
1307088183499386880
1307088125525741568
1307088093170806784
1307088062556639232
1307088035264237568
1307087885124894720
1307087859556507648
1307087829009395712
1307087716191006720
1307087664424910848
1307087609156505600
1307086948880863232
1307086321249329152
1307085327262154752
1307085255774478336
1307079588095430912
1307079160003801088
1307073762974720000
1307073673082400768
1307073624671752192
1307073596821581824
1307073553062297600
1307073336770527232
1307072590792527872
1306963191424049152
1306963056547844096
1306962977300647936
1306962889530585088
1306962741031247872
1306962296552521728
1306962100414222336
1306961916577943552
1306942232390496512
1306941712393216000
1306932399612329984
1306932339675725824
1306932226047738112
1306932138462175232
1306932007063220224
1306931699541061632
1306931638761336832
1306931206869651712
1306931149097365504
1306931116188860416
1306930956595593216
1306929412680683520
1306891669791543296
1306784561972609024
1306568260901634048
1306536508254572288
1306535319374901248
1306534635187429376
1306534110853300224
1306533866560253952
1306533588960247808
1306532934158028800
1306528482969694208
1306528383371751424
1306458474658836480
1306458004162834432
1306457125418393600
1306455223892877312
1306454966115209216
1306453157325737984
1306452302178418688
1306451899168813056
1306451106256629760
1306446270182109184
1306445382164021248
1306445175166849024
1306445043822219264
1306444708235878400
1306444541235539968
1306443795177836288
1306436540059578368
1306363140049981440
1306361865505853440
1306360805529714688
1306359565655724032
1306359216026923008
1306351307297615872
1306351268798046208
1306351174505967616
1306351125608771584
1306351089277640704
1306351029546557440
1306350986894639104
1306350923183161088
1306350866685980672
1306350743318822912
1306350686083452928
1306350637639237632
1306350548233355264
1306350529078013952
1306350360508932096
1306350239058726912
1306350183459028992
1306350004165136384
1306349151706386432
1306348677993291776
1306347397237420032
1306346920445698048
1306345469493350400
1306345380984963072
1306345299296899072
1306345237066002432
1306345141779730432
1306345050276876288
1306344966990508032
1306344901777522688
1306344818902282240
1306344721502134272
1306344665277517824
1306344624718479360
1306344582150598912
1306343958956605440
1306343669075763200
1306342959969906688
1306342872120205312
1306342719309180928
1306341755466506240
1306341559697395712
1306340446415839232
1306338370306691072
1306338281496489984
1306338227318673408
1306338202610008064
1306338129637507072
1306338056849567488
1306337869724868608
1306337816541106176
1306337766897262592
1306337710383280128
1306337679395651584
1306337351795380224
1306335633921765376
1306334570112000000
1306334049204609024
1306282330244485120
1306280364885848064
1306277425953767424
1306276515357880320
1306276408180736000
1306276334050652160
1306276261292109824
1306276216048160768
1306172959703412736
1306125047036342272
1306122303965667328
1306121452429676288
1306117000570302464
1306116892269182976
1306116618251051008
1306116256337141760
1306116004242653184
1306114659859205888
1306113865747443712
1306113713670365184
1306113015587237888
1306112717854515200
1306112619410063360
1306112191876214784
1306112018387267584
1306109932375244800
1306109658436907008
1306108431540121600
1306107338923929600
1306106843727568896
1306106655613030400
1306010113094844416
1306010017116626944
1306009918915457024
1306009870961979392
1306009599552696320
1306009350293651712
1306009200124928000
1306008324689874944
1305984520563326976
1305983603105562624
1305981355877117952
1305980319653396480
1305980071757443072
1305979480486313984
1305970872541483008
1305970577870643200
1305970211896602624
1305969762061684736
1305969746500816896
1305969586668478464
1305969501297672192
1305969175991586816
1305968360681877504
1305965299146031104
1305963421469470720
1305962973316427776
1305961834210627584
1305959995226443776
1305870825455783936
1305622727311663104
1305621741113430016
1305620992128094208
1305620467731050496
1305620101790605312
1305617110664650752
1305616706493186048
1305614392105590784
1305612290369163264
1305606808455839488
1305592686150397952
1305592542336036864
1305592457850216448
1305592329319911424
1305592229596221440
1305573964316639232
1305398452327776512
1305397995857473536
1305397734413938688
1305350487638761472
1305350239843504128
1305349825274294272
1305249804029698048
1305249532054327296
1304864719262580736
1304788207712772096
1304786823181471488
1304785481922740224
1304785025129381888
1304784873845121024
1304755280929009664
1304754595479146496
1304753678830665728
1304752770013188096
1304752699775299584
1304752641814167552
1304752592648638464
1304752539322253312
1304752434389102592
1304752392861347840
1304752344911970304
1304751962999713792
1304751943399674112
1304750911475064832
1304750861575389184
1304750789613715712
1304750553277308928
1304749896923308032
1304538394639454208
1304537437537005568
1304497796972720128
1304438921196077056
1304368971056111616
1304368760602714112
1304355624814358528
1304341242613051392
1304337825387753472
1304329806822158336
1304179079206367232
1304103162580815872
1304070222505181184
1304017853671186432
1303905611235700736
1303905611206270976
1303905148830388224
1303904446863245312
1303903958944092160
1303800415893573632
1303800347014639616
1303800104210628608
1303800067304947712
1303799572410621952
1303799537044271104
1303798567874760704
1303798157826981888
1303798087551459328
1303797877840449536
1303797774979301376
1303787961373405184
1303787763272224768
1303785506787004416
1303785009791340288
1303783760840794112
1303622417391267840
1303618586683092992
1303604583290286080
1303070657081757696
1303070612886257664
1303070411857506304
1303070343419047936
1303045564225990912
1303045511931473920
1303044872627204096
1303044842021441536
1303044810849300480
1303044767736045568
1303044728196403200
1303044693832368128
1303044665030176768
1303044634269159424
1303020224829157376
1303016086032572416
1303015022608687104
1302995412970885120
1302995016491687936
1302993657948246016
1302993417425891328
1302887323839991808
1302886875380822016
1302865165046763520
1302864440182943488
1302864415797252096
1302864399472963584
1302744569960894464
1302744453485146112
1302693866726883328
1302693743280222208
1302693144430096384
1302692972539117568
1302692928394059776
1302692844260524032
1302692740858286080
1302692648478797824
1302692609526292480
1302692456819982336
1302692378483064832
1302692326951837696
1302692213944709120
1302692065671815168
1302692009942175488
1302681182493192192
1302635944479162368
1302631415629131776
1302631349908582400
1302631311539163136
1302631160342867968
1302630976519012352
1302541384579272704
1302541322662940672
1302541298969325568
1302460517626372096
1302459579343810560
1302458713131937792
1302450928570830848
1302450647531487232
1302450618662035712
1302448401448136704
1302445888917381120
1302445811104612352
1302444872457244672
1302443566023815168
1302443536021946368
1302443535652786176
1302443529000693760
1302443524596654080
1302391871960944640
1302381748626624512
1302381689038139392
1302381638299586560
1302367999156981760
1302367878142922752
1302367766528372736
1302367539528372224
1302364612508221440
1302364549774020608
1302364516848631808
1302361821035323392
1302361594098257920
1302360640464523264
1302360374361153536
1302360251119923200
1302360207226531840
1302360159709208576
1302360075999248384
1302360001223290880
1302359955480162304
1302359482308190208
1302359420437921792
1302354090576556032
1302351877779140608
1302347669407399936
1302347303655800832
1302338127789527040
1302338061905391616
1302335178795347968
1302300967908585472
1302261467530620928
1302258334695936000
1302258280287416320
1302258222435307520
1302258172669952000
1302258129460252672
1302258085390622720
1302258022102818816
1302257964569497600
1302257923868053504
1302257714236739584
1302257662835519488
1302257621949444096
1302257566219673600
1302257440906457088
1302257388838252288
1302257301118767104
1302257247070965760
1302257198115020800
1302257144448921600
1302257102027714560
1302257049879838720
1302256988802383872
1302256932422586368
1302256888038465536
1302256843511693312
1302256783520604160
1302256733390241792
1302256668936466432
1302256628692144128
1302256558613712896
1302256511830446080
1302256467949617152
1302256378401239040
1302256318439395328
1302256252869898240
1302256185316438016
1302256131117666304
1302256068802772992
1302256022380257280
1302255951244865536
1302255874552090624
1302255805794840576
1302255717844496384
1302255618372374528
1302255566534868992
1302255517524537088
1302255450898006016
1302255347927834624
1302255276553314304
1302255184278679552
1302255128951615488
1302255086366871552
1302255025159393280
1302254930070298624
1302254874944565248
1302254801976258560
1302254724775903232
1302253847675572224
1302212459898507264
1302211783822901248
1302211748083232768
1302210027659427840
1302209512435265536
1302209464293093376
1302209383548555264
1302209294142705664
1302209253915136000
1302209206083346432
1302209163238559488
1302209117419954176
1302209067679649792
1302208940642631680
1302208860397150208
1302208161185705984
1302208113416769536
1302208065375268864
1302208017925132288
1302207982084796416
1302207890187522048
1302207776953950208
1302207742095101952
1302207697715068928
1302207653863661568
1302207606828740608
1302207537916280832
1302207476234936320
1302207433717305088
1302207391883300864
1302207330721959936
1302207279777939712
1302207214741061632
1302207157497143296
1302205275949203712
1302198605432926208
1302183113825681408
1302182842542288896
1302181356051615488
1302161673390821376
1302089390953558016
1302053893073965056
1302053286762217472
1302052479002193920
1302052203478347776
1302051822039859200
1302051436826628096
1302051391494553600
1302051305209421824
1302051247999143936
1302051187068407808
1302051099109724160
1302051071167266816
1302050939319324672
1302049912729861888
1302047132178952192
1302046538324234240
1302046304835698688
1302020571912450048
1302017922051854336
1301996286506397696
1301993001456197632
1301990996276924416
1301990863724326912
1301988537663926272
1301986887209496576
1301982296778645504
1301982243439677440
1301982114456440832
1301977388436336640
1301974188811587584
1301831582773391360
1301831496156811264
1301831438640218112
1301831253344366592
1301831207680987136
1301830486575194112
1301639038533865472
1301369315946639360
1301363972386557952
1301363852857270272
1301363151183675392
1301363053070610432
1301362967921995776
1301362747486154752
1301362663931498496
1301282198629294080
1301282050729742336
1301281978004762624
1301281886736658432
1301281828066734080
1301281764795711488
1301281718394068992
1301280656018804736
1301280607012519936
1301279824397430784
1301276824329228288
1301266685559791616
1301240700768575488
1301239666490904576
1300912686486691840
1300911664083152896
1300906815908188160
1300906111852253184
1300905697949876224
1300904221026455552
1300903832239714304
1300901410242953216
1300899880106373120
1300876800453677056
1300543737509171200
1300532028241252352
1300531015945981952
1300530409965584384
1300530308811550720
1300529893210456064
1300529677992431616
1300527108696027136
1300527058007797760
1300526909848203264
1300525825440309248
1300454953044058112
1300454260367339520
1300453543497867264
1300444798264971264
1300441457149571072
1300441430448508928
1300441409527439360
1300439122813874176
1300260140575264768
1300260089736044288
1300201543313092608
1300201088763785216
1300182441278177280
1300182113115873280
1300181903115538432
1300181297881546752
1300181266675970048
1300169955300827136
1300165172942774272
1300164724814942208
1300161048536920064
1300148157045788672
1300148088561172480
1300147891416322048
1300147767600443392
1300147655960653824
1300147534480969728
1300147415782240512
1300084819364372480
1300084775215149056
1300081796227497984
1299842080391532288
1299841812136439808
1299841794520354816
1299841543340163072
1299841258827939840
1299839805115830272
1299839683422228480
1299838949851095040
1299831418126729216
1299820446473486336
1299816388719243264
1299814400770150400
1299814338656718848
1299810239919915008
1299809886201679872
1299759786884567040
1299571343890042880
1299463229782085632
1299461783284002816
1299461346573000704
1299361880708915200
1299361841152491520
1299339237817487360
1299337208848056320
1299336167419195392
1299328389770346496
1299324969730662400
1299324558277832704
1299324162843062272
1299322991499673600
1299322479010353152
1299322418394206208
1299322360693170176
1299322279776661504
1299322121903013888
1299322056056733696
1299322014482731008
1299321824430436352
1299321657044148224
1299171604254150912
1299109327433797632
1299106694690152448
1299106636422934528
1299106505837473792
1299106441769426944
1299106393526611968
1299106093898104832
1299104446136430592
1299082315927359488
1299082002264719360
1299081930735001600
1299081842444898304
1299081644192661504
1299081541310652416
1299081149562720512
1299080489765081088
1298999740097597440
1298997913087930368
1298971975172395008
1298970290274398208
1298820365918011392
1298819178749734912
1298816462707187712
1298815919079256064
1298781556522258432
1298776639074185216
1298774481062760448
1298759766672576512
1298759434596950016
1298759409083068416
1298758900234190848
1298758875991154688
1298745643821944832
1298578210167414784
1298577975986868224
1298577808617340928
1298577028577468416
1298380350138331136
1298379290904592384
1298378437057445888
1298376634463068160
1298376523444092928
1298376428715638784
1298376351708315648
1298376306753667072
1298376255436357632
1298376211236888576
1298376184640811008
1298375449760935936
1298375383251918848
1298375084000911360
1298374344222048512
1298372938744442880
1298372795458617088
1298372221111590912
1298371927342546944
1298371449514872832
1298368671727919104
1298367585797451776
1298367010389340160
1298366020797767680
1298305619196293120
1298305603585167360
1298303800961306624
1298303561286258688
1298290128612405248
1298196744879190016
1298176180672253952
1298172618953109504
1298019201785921536
1298011395024465920
1298010177581592576
1297995982727249920
1297995121150107648
1297994451319758848
1297993073113419776
1297988779140145152
1297984969931919360
1297984895772393472
1297984804487606272
1297984504955625472
1297970230128451584
1297970083554263040
1297970038729777152
1297969878696103936
1297969825172672512
1297969775595970560
1297673657272197120
1297672144801980416
1297670867170754560
1297670791933329408
1297670659846352896
1297668328325079040
1297667194038431488
1297667174799114240
1297667134558998528
1297666202513346560
1297665630523609088
1297665501682978816
1297663280413061120
1297647028730761216
1297645848831111168
1297645725891862528
1297645129122144512
1297636640475811840
1297536764350009088
1297536464541175808
1297461713214865408
1297461273387556864
1297362351029653504
1297340651122688000
1297285739810565888
1297173830201479168
1297166272967462912
1297162138352529408
1297161851185303552
1297161057392381952
1297159910816460800
1297159832462667776
1297159737465868288
1297158800273821696
1297150955012657152
1297150885974466560
1297150498982764288
1297149052665114624
1297139156502618112
1297137521982353408
1297137384459558912
1297132707609300992
1297132671567618048
1297131917628903424
1297121271562547200
1297120613006479360
1297089831261044736
1296998561654202368
1296996342406012928
1296920342959661056
1296919893393264640
1296919822647922688
1296914562143453184
1296909431251378176
1296909182088642560
1296908802214764288
1296695961436266496
1296599026448707584
1296591875974090752
1296566636502298624
1296537461389172736
1296537094018523136
1296537004004511488
1296536933385019392
1296536855396134912
1296536576747601920
1296536359914680320
1296536102149513216
1296536057576591360
1296398221066080512
1295654620606468096
1295653897420275712
1295653816189300736
1295653783045902336
1295653050703519488
1295653000514609152
1295652950182895616
1295652922160746496
1295652899150864384
1295652854846423040
1295652766950526976
1295652623404720128
1295652603062345728
1295652565040988160
1295652543268360192
1295652523680858112
1295652468416708608
1295652420945694720
1295632876634071040
1295618179843207168
1295617112388636672
1295617032940126208
1295616992012107776
1295616888370847488
1295616828421677056
1295616778131902464
1295616721387216896
1295616540147056640
1295546626757390336
1295418189938122752
1295394797180661760
1295394551239184384
1295390938739736576
1295380503110057984
1295341692946722816
1295182610155675648
1295181704093720576
1295180940789133312
1295178670789754880
1295126261438840832
1295125589507137536
1295118605080723712
1295114418242682880
1295112146964172800
1295112032547672064
1295110184579276800
1295107006345469952
1295106959843221504
1295105997858574336
1295105940023386112
1295105853645901824
1295105799338037248
1295105659168534528
1295104456581951488
1295104334166925312
1295102648337739776
1295068288918196224
1295067563567849472
1294898760598925312
1294891456994390016
1294890327329910784
1294890007736528896
1294683770067591168
1294611849955213312
1294611767876882432
1294595581172764672
1294383478411350016
1294383056795643904
1294383004098408448
1294382780034547712
1294382108929130496
1294380028214546432
1294378928648453888
1294378488695332864
1294378230334488576
1294376529024159488
1294366465781628928
1294353938515480576
1294353905367813888
1294353880713658368
1294348398720671488
1294319939080409088
1294319297955864576
1294319265093496832
1294319232310804480
1294319184210526208
1294319159803883520
1294319128082362368
1294319100446093312
1294319050374500352
1294319031231684608
1294318999044608000
1294318950965284864
1294318931436605440
1294318907143200768
1294318883894157312
1294317426583248896
1294317187478556672
1294317140196175872
1294227764241989632
1294227628883423232
1294227600882245632
1294227550672166912
1294227481831051264
1294227453196603392
1294227414038568960
1294227389166354432
1294226931949477888
1294225072412999680
1294211637570932736
1294207835006537728
1294207100957188096
1294197341432557568
1294195520207032320
1294195418528653312
1294195371128823808
1294195323959685120
1294080482687226112
1294079173376520192
1294077121732780032
1294077030330441728
1294033227125067776
1294032881254387712
1294031877096067072
1294030733686775808
1294028481014247424
1294027901038399488
1294027619785216000
1294027571546533888
1294025941677748224
1294023652724400128
1294023288881119232
1294023235437317888
1294023079740530688
1294021683490304000
1294021642860015616
1294021587356848128
1294021519283232768
1294021473259196416
1294021437624328192
1294021394188177408
1294021356368080896
1294021321605685248
1294020101805678592
1294019370675589120
1294017856666042368
1294015836949229568
1294008572020494336
1294008524326998016
1294008484544028672
1293978622185934848
1293978587671011328
1293978553781039104
1293978295298662400
1293977881933156352
1293977841491685376
1293855253457244160
1293853212139806720
1293852630993833984
1293852492279750912
1293852071746244608
1293851030581653504
1293850536425467904
1293850499771498496
1293850472730722304
1293849918294102016
1293827313080119296
1293826301443399680
1293717558542180352
1293717490078490624
1293717368418504704
1293716315530768384
1293716162480660480
1293715810607869952
1293715307933192192
1293715112851845120
1293714861592121088
1293714609510260736
1293714297626021888
1293713211573837824
1293712758765170688
1293711518236848128
1293682421481836288
1293682386786541568
1293682344247865088
1293682326988349440
1293682141239349248
1293681961635057664
1293681734647721984
1293681650354839552
1293681612899614720
1293681186980724736
1293681108333330432
1293678722890059776
1293678698785382400
1293678656901054464
1293669711134302208
1293669175962021888
1293668690446168064
1293667109629759488
1293666203601383424
1293666147947229184
1293664956064423936
1293664928021336064
1293664906345099264
1293664891560169472
1293664874938208512
1293664674697949184
1293664652312936448
1293664632100532224
1293664614668959488
1293664599678623488
1293664322896502784
1293664304399552512
1293664282358566912
1293664265476415488
1293664114183680000
1293664091970637824
1293664072303607808
1293664049981468672
1293664032436756480
1293663998123089920
1293663836323667968
1293663816023248896
1293663790630866944
1293663774822539264
1293663757315510272
1293663573005217792
1293663503291744512
1293663480256638976
1293663457007538176
1293663439014035712
1293663420106113024
1293663366846861312
1293663296479014912
1293663263427899392
1293663244406665216
1293663044921446400
1293663021513019392
1293662999710961664
1293662980136214528
1293662963216326912
1293662946472660992
1293662884149506048
1293662862255284224
1293662842424565760
1293662825722904576
1293662810317238272
1293662743514484736
1293662722702311424
1293662704209666048
1293662687117934592
1293662670978195712
1293662582084075520
1293662556616364032
1293662531949600768
1293662510000877568
1293662492267347968
1293662471937548288
1293662381076361216
1293662328811134976
1293662304354144512
1293662275589545984
1293662257872764928
1293662238092464128
1293662175324704768
1293662143313846272
1293662123692830720
1293662092579475712
1293662070412648448
1293662023499341824
1293661983720579072
1293661961515872512
1293661939499966464
1293661922861223936
1293661904641175552
1293661867517325312
1293661844725477376
1293661823632379904
1293661804904709888
1293661758578622464
1293661727289221120
1293661708674830336
1293661667390365696
1293661643067535360
1293661613283782912
1293661391098912768
1293661234911416320
1293661213323333632
1293661178342899712
1293661154028523520
1293661087691407360
1293661020670631936
1293660978614280192
1293660960566185984
1293660935119413248
1293660914760257536
1293660890085183488
1293660830865797120
1293660787542831104
1293660767213047808
1293660744047788032
1293660606042693632
1293660237325643776
1293660124280762368
1293660097760112640
1293659677058895872
1293659388864061440
1293659109485694976
1293659020918759424
1293648501260324864
1293647764132368384
1343635910164934912
1336541861826146304
1335258479448256512
1334217108817842176
1328773363389624320
1328703769962557440
1328594352646606848
1328593196658659328
1327131014280453888
1326470919624200192
1322648176055209984
1322494728198365184
1321529805897146368
1321187190232260608
1321187129842696192
1321178686851325952
1317922244472016896
1317760504262234112
1317627894726860800
1317233546977792000
1316833433583333376
1316833419364642816
1316826987307163648
1316243421649146112
1316242272825028608
1316109807225581568
1315385486911901696
1315050522668396288
1315049721942204416
1314435923719925760
1314434067270639616
1314429997386534912
1314429898254155776
1314150489995587584
1312608327868784640
1310345795800109056
1310345525649190912
1310344838823448576
1310342655012933632
1310333648441311232
1310333488399351808
1310231031665000448
1310230938803146752
1309745609541406720
1309745056530735104
1309365826336808960
1309365558677299200
1308852536204549888
1308335656519766016
1308273362687463424
1308092634599223296
1307905464768708608
1306458686446096384
1304503648664334336
1304431362280058880
1304430538690899968
1304428944490463232
1304070934677127168
1304053019743604736
1304047612350300160
1304046871682453504
1304044743320653824
1303708876781629440
1303708346416091136
1303615056559648768
1303597372623261696
1303347529199890432
1303016503558778880
1302347520186740736
1302347182402670592
1302344099211759616
1302343968798236672
1302340695366291712
1302340574780022784
1301524197286588416
1301450308774699008
1301449855722762240
1300722049971826688
1300676068706263040
1300089755770720512
1299979900800110592
1299657490230116352
1299573599637041152
1299357815564382208
1299345821352308736
1299280607520919552
1299259177408303104
1299231934388854784
1299227837782728704
1299074977115840512
1299026051692138496
1298628866374864896
1298628823613874176
1298628688104304640
1298565324636336128
1298564718723031040
1298495745860030464
1298491669252313088
1298269441004724224
1298226762904731648
1297911301235191808
1297911229244215296
1297910734358286336
1297812690975502336
1297056960152571904
1297041482969423872
1297041448857149440
1297040915987660800
1296808877946736640
1296788004372086784
1296786155770466304
1296746980945821696
1296741527352475648
1296723331442520064
1296723282138406912
1296704974739714048
1296672458024656896
1296462170394435584
1296410316235051008
1296399696332808192
1296398916175503360
1296378594323816448
1296378293193773056
1296350643041566720
1296350013614948352
1296322342763859968
1296322311176499200
1296321847483674624
1296184525391888384
1296133466162176000
1296090656360869888
1296025091164307712
1296024941960273920
1296010862180872192
1295986182669701120
1295966036890652672
1295799856028688384
1295799297963950080
1295366041858650112
1295357474309124096
1295342069003804672
1295339994299666432
1295339189005844480
1295338154220761088
1295313216994717696
1295312500167258112
1295301500680507392
1295261767413772288
1295228267289628672
1295226311217156096
1295226180245872640
1295222518945656832
1295222329027506176
1295040664808366080
1295029057902587904
1294515218966556672
1294358042356658176
1294342402740805632
1294265682566225920
1294226766404485120
1294170899403419648
1293885549997105152
1293848632794451968
1293817363226341376
1293816096844283904
1293794884835512320
1293486111864639488
1293473858650091520
1293424988226236416
1293421716371316736
1293416967488102400
1293415762783240192
1293058125629661184
1292913967644499968
1292827287256211712
1292712167444295680
1291613461584187392
1291612004252299264
1291466136467513088
1291273535973928960
1291113678046146560
1291102167248535552
1290746220462387200
1290744057921187840
1290613097976209408
1290382290162515968
1290381897298845696
1290356477945946112
1290221392894373888
1290051519706992640
1290050944558743552
1290025983341400064
1289579164773695488
1288589262485692416
1288339087053787136
1288338610660442112
1288086565403664384
1288085680074219520
1288053082618822912
1288052184521871360
1287743118167674880
1287742692127125504
1287742045843578880
1287741725914652672
1287459052797210624
1287447709713157888
1286939292942597888
1286939123949998080
1286770840164602112
1286770653799108608
1286769659392466944
1286769063046385664
1286768957790326784
1286672275178229760
1286671837963919360
1286652449864986624
1286652173653364736
1286627825009729536
1286542241054568448
1286388345602441216
1286297363175399424
1286250529702772736
1286229228258758912
1286218423194746880
1286175427443265536
1286029355991339008
1286025016535134208
1285930870097018880
1285900945969360896
1285886182858067968
1285814094231212032
1285804699812331520
1285801494894317568
1285538320542568448
1285530967571128320
1285517527221547008
1285516220490448896
1285493835649474560
1285438689884217088
1285212643138113536
1285168803312214016
1285160523022192640
1285118808752103424
1285116694537605120
1285112271597903872
1285081731205390336
1285079512812794112
1284980556070113280
1284978885617233920
1284974191893253888
1284973386406531072
1284930522465140736
1284913924442337280
1284909991191813888
1284909529575165952
1284901635202981888
1284595890649530368
1284583958915829760
1284583376461221888
1284581721896292352
1284581272044605440
1284580539928907776
1284578527959027712
1284576518363131904
1284575992904900608
1284547722918453248
1284547067453546496
1284546883948613632
1284402281501401088
1284399040373886976
1284395794792099840
1284395143425130496
1284377955851010048
1284238309896728576
1284237512446300160
1284237017094803712
1284236567670927360
1284236429229522944
1284201595157319680
1284200620006703104
1284198761833660416
1284198259863543808
1284197958347522048
1284197310453424128
1284105117264949248
1284059015891300352
1284057247811854336
1283764362885435392
1283690111465644032
1283656027255312384
1283639272269123584
1283639175804334080
1283627012079443968
1283471499962331136
1283390436967669760
1283388065235574784
1283356951376809984
1283356642143358976
1283317723297193984
1283267760458473472
1283264105839812608
1283154277893120000
1283152464649293824
1283152177427554304
1283151189601857536
1283091389249658880
1283090900646797312
1283009480280637440
1283002744811528192
1282995290807705600
1282957356763054080
1282952375024705536
1282942946476687360
1282942179338522624
1282939975982612480
1282939801499570176
1282939671681609728
1282781016776728576
1282758080854450176
1282736095499870208
1282666148912340992
1282567810590347264
1282551378393681920
1282549288237760512
1282545670822539264
1282541987380568064
1282541464573087488
1282420416636686336
1282414501539778560
1282413122775658496
1282403409639944192
1282391062825390080
1282360471933333504
1282360300457660416
1282102515186769920
1282095005935509504
1282094346691633152
1282024027939373056
1282022990889332736
1282014987981066240
1282013881993502720
1282012922122838016
1281945626364829696
1281855555116695552
1281842746924335104
1281839965819801600
1281838358688391168
1281835938432405504
1281834116674195712
1281833720614445056
1281813163818856448
1281709261991674112
1281708620992974848
1281708511756529664
1281708113528332288
1281707993269186560
1281706187399090176
1281705307618586624
1281704557102473216
1281703674062999552
1281694812169789440
1281693551756288000
1281686662548946944
1281685255758516224
1281684879386779648
1281683822376091648
1281677650096984064
1281675870122520576
1281672746104238080
1281672415286890496
1281671733003661312
1281671637860057088
1281666611645161472
1281664457773649920
1281660210801762304
1281656421868805888
1281628758080978944
1281628041735737088
1281615780933705728
1281603583817981952
1281603349608124416
1281602065970737152
1281600917612175360
1281600267469893632
1281599361286365184
1281568624805912576
1281518236412960768
1281458665489408000
1281452633291542528
1281311034465230848
1281307221041831936
1281294671768158208
1281232621494771712
1281232162193367040
1281231489380777984
1281228806292987904
1281192494215114752
1281166768149614592
1281158275069890560
1281151446851911680
1281137195600969728
1281134296099586048
1281130117666832384
1281129214171844608
1281117336632778752
1281098074148962304
1281097076730970112
1281093197842853888
1281091653281947648
1280961697902211072
1280961284670980096
1280960801973645312
1280960506837286912
1280953941581234176
1280953010823352320
1280931090673402112
1280930690855571712
1280928750507524096
1280925749902553088
1280903683539185664
1280903377958952960
1280861596248608768
1280844003785744384
1280843505674391552
1280839964188688384
1280827480375525376
1280826403110490112
1280766173068615680
1280736547067879424
1280735817535807488
1280733501705392128
1280730846849380352
1280504412155400192
1280472973703614464
1280471788141580288
1280470764777603072
1280364543785517056
1280364317112745984
1280202206248140800
1280084500156952576
1280061481967587328
1280007152170655488
1279429533632995328
1279015852378148864
1279015473590546432
1279008799597232128
1278390754734485504
1278387886413549568
1278341443552260096
1278323578379939840
1278194492990984192
1277827967448735488
1277827341637558272
1277466347060986112
1276846194015289088
1276764974199775232
1344586049532649472
1343488500058959872
1343220735813292032
1340745955159781376
1340745880236912640
1340745694349504512
1340745541903388672
1338131292999872512
1338097257636368384
1338097158659117056
1338097032402247680
1338096934817587200
1338096888613105664
1338096652532510720
1338096532898377728
1338096514820960512
1338096492440072192
1338096473167290368
1338096442397880320
1338096423351488512
1338096403260846080
1338096369584713728
1338096336827260928
1335870904547545088
1335855289678127104
1335855241712066560
1335855220597854208
1335855191288058112
1335855067220635648
1335854978896961536
1335853667984039936
1335852727859998720
1334972147685580800
1333980584696135680
1333980375979335680
1333980070847844352
1333979763854209024
1333979727703511040
1333979628646567936
1333979512288272384
1333979456025882624
1333815005821677568
1333795537259089920
1333795513078931712
1333795467994353664
1333794789716684800
1333794756057415680
1333794708657561600
1333794671428997120
1333794643255779328
1333794598628454400
1333794580064452608
1333794554999312384
1333794537198665728
1333794507016453888
1333794482093846528
1332714884488949760
1332714847163781120
1332714823428296704
1332714794097500160
1332714771033034752
1332714746194374912
1332714722089717760
1332714677336494080
1332714657510006784
1332714637985538048
1332714620272996352
1332714585611247616
1332714526723239936
1332714487409991680
1332714465188585472
1329858061826191360
1329857586603102208
1329857539496960000
1329857476913737728
1329857190098825216
1329856730981871616
1329856194765344768
1329751211050995712
1328921302476918784
1328447249316241408
1328065012808765440
1328064726195195904
1326571129922859008
1326462422266368000
1326274624276094976
1325916822194020352
1325916801981616128
1325916735933911040
1325916670121156608
1325912101974650880
1325912031665545216
1325912010303942912
1325911965915623424
1325911676915507200
1325911424967827712
1325911352947437568
1325562489258598400
1325404472357642240
1325404301569691648
1324339759418904576
1324339724509761536
1324339653185593088
1324339619895349248
1324339156345040896
1324339094739177472
1323665378799738880
1322608067737985024
1322607313698565888
1322605812343361536
1322605500622606336
1322605138322853888
1322604925558415360
1322604690215997440
1320640190436806912
1320107955631554560
1320107920881819648
1320107874773848064
1320107834181361664
1320107807291674624
1320107780271898624
1320107684700606464
1317884905838268416
1317224571423068160
1315563498836054016
1315551805091254272
1315551734031319040
1315162584971186176
1315162564779679488
1315162527706362112
1314555665940127488
1314045287242104832
1314045167058419712
1314044980831363072
1314044771304964096
1313967397309681664
1313033577123250176
1313032784311713792
1313032543193706496
1313032425463840768
1313032284363272192
1311403590980964352
1309177783587934208
1309177229973303296
1308606838628323328
1307664713753538560
1307664491950243840
1307301330101440512
1307283717044482048
1306615035058413568
1305033510109970432
1305030522893201408
1305030412826271488
1305030180503724032
1305029760532328448
1305029596543430912
1305029284185112576
1305029250559479808
1305027838328926208
1305027708464910336
1305026517836197888
1305025993137061888
1305025903307743232
1305024994183962624
1303633681706295296
1303629462349795328
1303629104831442944
1302721891027820288
1302721258535215104
1302719004616908800
1302718710596145152
1302442474569453568
1302077533920342016
1301957747995533312
1301647759108444160
1301647515415187712
1301646340729036800
1301613961352302592
1301613187490631680
1301048663721021440
1301048561979793408
1300998942663073792
1300998550860500992
1300997182464634880
1300997114281984000
1300996015617703936
1300995771706339328
1300995723715129088
1300995591074443264
1300857514016243712
1300857482999455488
1300857435448631296
1300857417543094272
1300857399729958912
1300857388266852352
1300322507430522880
1300153202738966528
1300153179817025536
1300153002867781632
1300150583152836608
1299999915293237248
1298291626989805568
1298291612615954432
1298291595910012928
1298291559981514752
1298011519813406720
1298011485625614336
1298011357095370752
1298009504240599040
1297640181919612928
1296777053220602112
1296765344133140480
1296720335761539072
1296720297849233408
1296720246661885952
1296720134212657152
1296524013091655680
1296467148873793536
1296457097887047680
1295832856028160000
1295787356419764224
1295787268997885952
1295403645895348224
1294627169008787712
1294344911379222528
1294252523642117888
1294252193420378112
1294199626720043008
1293996828095123712
1293820307040612352
1293805172486021120
1293805123353948160
1293607417721376768
1293582960432689152
1293582901012049920
1293559784088764416
1293534484814594048
1293171146700070912
1293138711983644672
1292903317803347968
1292831121475014912
1292716470640746496
1292714645770428416
1292714626828898304
1291575285687758848
1291572733114015488
1291571477880471552
1291105019668967424
1291055549778464768
1290961612531277824
1290961253448310784
1290961235685629952
1290943786621820928
1290904044215697408
1290739561132363776
1290699809683382272
1290698259434962944
1290682581046845440
1290682173935226880
1290681687123398912
1290679408366419968
1290678657233625088
1290607274323521536
1290606857929859072
1290476589822615552
1290397326641684480
1290396568126881792
1290395016813256704
1290037939850956800
1289275400523091968
1289159582095249408
1289110115065487360
1288957809602723840
1288675497162022912
1288675341117030400
1288675167770685440
1288674989479165952
1288674790795096064
1288674605624963072
1288465688013701120
1288378005463674880
1288306953513574400
1288271150519377920
1288229663588982784
1288135057396445184
1288135004820774912
1288134873539055616
1288134719922733056
1288132867374174208
1288030157366874112
1288011911318122496
1287812442031038464
1287797268171628288
1287797251239288832
1287796330354679808
1287779288838742016
1287779215438499840
1287779139798392832
1287774904272801792
1287774828376797184
1287774730871767040
1287747142371745792
1287744822921449472
1287744808480636928
1287735998265294848
1287735987020365824
1287728060679303168
1287728014441185280
1287727936498524160
1287726261226414080
1287726246403674112
1287688998073368576
1287687356825382912
1287582498227130368
1287490971765223424
1287490950823055360
1287489675662372864
1287447718533660672
1287447696077447168
1287429847908843520
1287429735904092160
1287415510393643008
1287415497546506240
1287414729397370880
1287413567612952576
1287413043052392448
1287360685165379584
1287359298742386688
1287358658658082816
1287149030607396864
1286973711283707904
1286918947137368064
1286918652982448128
1286918412913070080
1286918195996176384
1286917204483747840
1286916503653228288
1286915526518804480
1286915122041106432
1286915043439923200
1286914449283186688
1286914004695293952
1286709799367905280
1286709488309997568
1286709229433364480
1286707029122387968
1286706742282334208
1286706676461113088
1286706221236596736
1286599253217939712
1286505749250793472
1286505732813324288
1286048700905730048
1286047351883337728
1286047334606999552
1286044608158469888
1285994376171343872
1285928765755924480
1285928619341160448
1285928200816787712
1285928133452013568
1285927950181965824
1285927889905627136
1285926593806905088
1285709123389186048
1285687466729648128
1285685000772493312
1285641119439761408
1285641076213264384
1285633833006706688
1285632031083450368
1285584713931948032
1285584627260960768
1285534614661074944
1285534598433320960
1285474254255947776
1285331673773740032
1285330127606423552
1285329647710941184
1285205578986532864
1285204427641675776
1285204410726002688
1285202029753884672
1285188371325878272
1285175850267299840
1284949827407806464
1284925333456728064
1284916488827265024
1284910929130528768
1284910679254867968
1284861636050919424
1284851493103968512
1284802247046684672
1284802200796049408
1284799712453890048
1284770214870212608
1284770197677789184
1284767365348175872
1284718790136258560
1284714092645810176
1284536669371342848
1284511415995371520
1284496620533559296
1284494509401944064
1284387245152243712
1284387220514910208
1284385248655155200
1284228462065209088
1284227893208506368
1284199416010878976
1284125066939203584
1284124337474330624
1284119951243186176
1284119463747608576
1284111350088769536
1284111106479448064
1284111039743885312
1284111006780854272
1284101810232451072
1284028414656118784
1284022293761593088
1283886466360377088
1283860124600279040
1283846928221048832
1283750068756111360
1283748271912103936
1283742117018456064
1283513158397820928
1283512987228266496
1283486769351143424
1283483382966607872
1283483011191836672
1283478330826686464
1283453425028669440
1283452745664663552
1283427574320857088
1283400162593968128
1283397769865179136
1283396129984598016
1283395898781970432
1283395607294619648
1283395421658927104
1283366977726283776
1283366604680691712
1283332994212790272
1283299080114974720
1283106078214037504
1283105374892064768
1283090432994549760
1283090177997537280
1283090133760212992
1283045811182546944
1283043020464631808
1283042989024186368
1283033586568965888
1283026546480095232
1283026455249801216
1283005372102586368
1282984626647162880
1282981788491579392
1282955646921519104
1282954896627597312
1282952639618129920
1282925806675787776
1282775643671986176
1282526551284822016
1282526170706259968
1282526098044203008
1282525722771423232
1282525650436357888
1282345129957904384
1282344641220706304
1282320848385454080
1282320791997210624
1282320644621971712
1282317430765887488
1282296877367595008
1282290722046181376
1282290551140880384
1282290338284134400
1282289385770287104
1282289370163281920
1282288544975912960
1282285824961388288
1282275960453320704
1282274231355617280
1282273901540708352
1282251962248048640
1282250958286868480
1282249657066946560
1282223923086667776
1282146528153473024
1282146243129548800
1282146117698945024
1282145980205486080
1282145940061724672
1282145908373827584
1282055247310065664
1282055110210793472
1282052041133772800
1282048014819917824
1282047760410214400
1282035226089271296
1282026803876503552
1282024908487262208
1282021489030713088
1282021144971939840
1281990767767101440
1281989757439016960
1281984264460959488
1281984130549522432
1281920414650859520
1281920355502874624
1281906906228039680
1281894147302072320
1281893616059916288
1281893230301388800
1281892834233253888
1281892749319589888
1281882561678016512
1281882492635684864
1281882423345676288
1281882110761021440
1281881963197014016
1281856622143451136
1281856590459678720
1281849328986988288
1281828755925852160
1281727129592508416
1281727016891551488
1281725755408482304
1281725646205530112
1281725545814863872
1281718149046468608
1281716630368780288
1281714002779942912
1281712649718439936
1281712629946318848
1281712236126515200
1281712072838053888
1281700300752117760
1281697226964832512
1281697184388395008
1281693010519105536
1281692978659155968
1281692864913780736
1281688534106157056
1281688451834949632
1281687969401839616
1281687713067028480
1281673381658660864
1281671499343171584
1281671025583960064
1281667149350789120
1281667041150279680
1281666040209051648
1281659991989116928
1281656827621580800
1281656626966073088
1281656339601723392
1281656189361758208
1281653859551555584
1281652141984149504
1281645847353028608
1281643609557614592
1281640990827253760
1281619037596852224
1281619012967899136
1281617819851988992
1281616725071536128
1281608848495783936
1281607888289574912
1281607482931064832
1281607394922057728
1281607285106761728
1281607009629085696
1281606778401312768
1281602508234936320
1281599668032606208
1281599261159968768
1281593478611456000
1281593307790028800
1281592841983135488
1281592255086723072
1281591452213051392
1281557331659173888
1281557141606760448
1281549882206101504
1281549635551625216
1281544267207512064
1281543861676974080
1281512873659899904
1281512697385934848
1281511087167492096
1281502451854716928
1281502432858701824
1281502269318537216
1281492220328247296
1281488092583649280
1281485715545751552
1281484685642694912
1281484453349646336
1281427553417416704
1281426990722166784
1281426305536450560
1281426271554154496
1281421080960413696
1281419124720259072
1281331895855468288
1281260697775636480
1281136720487071488
1281136109913804800
1281134653110472704
1281134242458750976
1281134121771839488
1281133177982115840
1281131449433939968
1281131042225692672
1280980193218301952
1280968212356698112
1280966510819905536
1280954304673845248
1280950185435291648
1280946843778777088
1280946699171762176
1280946651897778176
1280926844078997504
1280619609742344192
1280550239729078272
1280489929315844096
1280429451445239808
1344771723565137920
1344676368831930368
1344676340885295104
1344676113147187200
1344426769051480064
1344301278499893248
1322873715886071808
1322871094500564992
1316763274218746112
1316025845606051840
1316024592368951296
1316022664016797696
1312066379869233152
1311695470645981184
1310604819715981312
1310590634592546816
1310590456665960448
1310585292965974016
1310584164316569600
1309545103598456832
1309539891697668096
1301230872864133120
1300070540837879808
1298878673836298240
1298653748278038528
1298653692896436224
1297541474196828160
1297251087511158784
1297174616931213312
1297172633822298112
1297170952581779712
1294402830799904768
1293879732036161536
1293471761934069760
1292814647452721152
1292813227395559424
1292129107124408320
1291323947795939328
1291323780963459072
1291320258050088960
1291319750346276864
1290427568739487488
1290425816636170240
1290425453090611200
1290314528165683200
1290312676472586240
1290311010721685504
1290309614215495680
1290308592290201600
1290307667999809536
1290307521849286912
1290306984474849280
1290306666882359296
1290306222592151552
1290305567240593408
1288916511650918400
1288542817971773440
1288542440241209088
1288535346930737152
1288223762580725760
1288196577216036864
1288196264392372224
1287705293267316736
1287703241296404480
1287698988611834112
1287538379559755776
1287535602603364352
1287535244581703680
1287533600007692288
1287501374582923264
1287469168019804160
1287467883346436096
1287467126379417600
1287466377633320960
1287465932449820672
1287460454013509632
1287460174668627968
1287442343218610176
1287441967551569920
1287441725406023680
1287441587027533824
1287082846784565248
1287080523580547072
1287080396157485056
1287078925194199040
1287078683828789248
1287070956154949632
1287067204253605888
1287065616919166976
1287065319719264512
1287059921083736064
1287057917783441408
1287052395038605312
1287052113789558784
1287051015540346880
1287050708311846912
1287050241716387840
1287049925482762240
1287027977352548352
1287027412665016320
1287026777827815424
1287026168676470784
1287024231067328512
1287024008681205760
1287023724806512640
1287022888504229888
1287021572310667264
1287019981851557888
1286992629981470720
1286971295364780032
1286748061545435136
1286747995132788736
1286741475905208320
1286741105955016704
1286740137460879360
1286721448879456512
1286719485815197696
1286714273989877760
1286712405599367168
1286711594261544960
1286710832781562112
1286710556926398464
1286707594011303936
1286707119467761664
1286704003234103296
1286703108626829312
1286456596864917504
1286446917300490240
1286067297266929664
1286067276232392704
1286067248210354176
1286067213896646912
1286064503004831488
1286063844163563520
1285959093719531520
1285958793956937728
1285956821254111232
1285956407871909888
1285956105915584512
1285955837324939264
1285954241954283520
1285952318224171008
1285951835925291008
1285917536849219584
1285908125531418624
1285900653995462912
1285757543927750912
1285757408594272512
1285737576691892224
1285719001948131328
1285718141214097408
1285718026621419520
1285713968477212672
1285706512963428352
1285686663310651392
1285682771621548032
1285680397041442816
1285679068373975040
1285672391813799936
1285672245428453376
1285671882122035200
1285670885639299072
1285667468334321664
1285667158199066624
1285663833294503936
1285663325922168832
1285663086360363008
1285662788061474816
1285661558601846784
1285660462416265216
1285659855961956352
1285657514533695488
1285645466579931136
1285645328071495680
1285644645406519296
1285643943019974912
1285643571283070976
1285642210084519936
1285634786694963200
1285634494876262400
1285632326219837440
1285630296872947712
1285629457156448512
1285628698457243648
1285628134667300864
1285625876810477568
1285625335720087552
1285624228868431872
1285622716960301056
1285622689881903104
1285622160275406848
1285620601969836032
1285619889508687872
1285448617302663168
1285254244619124736
1285001268885364736
1284947580951113728
1284947239027302400
1284946170180182016
1284944377073344512
1284943136612130816
1284937181765697536
1284902067744706560
1284899339438108672
1284896964656738304
1284879358457532416
1284878482586193920
1284876908786790400
1284876446515826688
1284873940259811328
1284870848592183296
1284867412064710912
1284867272721432576
1284866506875195392
1284866344526262272
1284840647120297984
1284830331477073920
1284830283875913728
1284830255946006528
1284663253377916928
1284626280772755712
1284508880744087552
1284508106597203968
1284299187400712192
1284214860411281408
1284213415783923712
1284178997480509440
1284166885114863616
1284165980067954688
1283969732270592000
1283860327227183104
1283859882094010368
1283855164844187648
1283854935122157568
1283854567579549696
1283854013243494400
1283852082513088512
1283847359814868992
1283836029720559616
1283831780118867968
1283831764432179200
1283831054500061184
1283830444472049664
1283830358325235712
1283829799178375168
1283816900401811712
1283815466029457408
1283814902273015808
1283814198691221504
1283813683039293440
1283813263743090688
1283804794021384192
1283803971551989760
1283802639638110208
1283797547212037888
1283797167199653888
1283796621629829120
1283796323733516288
1283795493278154752
1283794847304908800
1283791280364040192
1283783659615588352
1283782041562157056
1283781658286723072
1283781372067352576
1283780158189703168
1283779727124246528
1283779399440113664
1283769932807843840
1283769806408298496
1283369003579322368
1283362449849233408
1283351780793954304
1283228586418348032
1283085495338250240
1283083560296034304
1283015014954283008
1283004719263297536
1283004088905605120
1282984765084368896
1282888702440738816
1282888348277841920
1282888231974051840
1282887850950787072
1282885913631240192
1282885874854887424
1282874188185861888
1282842156072411136
1282842004821610496
1282840935496396800
1282835620977680384
1282834122503790592
1282830450222927872
1282822397180227584
1282821941020286976
1282821847365623808
1282721985798299648
1282713470581051392
1282696280511217664
1282666178259881984
1282664331138793472
1282656453392764928
1282656000084934912
1282627506215018496
1282623677402677248
1282623584842780672
1282621925081198592
1282562654310215680
1282481224427110400
1282475961976606720
1282475620857978880
1282475396840251392
1282474605119242240
1282471755098071040
1282463855323602944
1282462600656232448
1282461034310230016
1282459942302162944
1282459802476728320
1282459576059781120
1282454907405193216
1282442307707572224
1282372376274010112
1282368677447376896
1282368450703306752
1282364302314352640
1282364171338895360
1282362977325395968
1282348686186618880
1282329449799745536
1282324293880340480
1282323569217871872
1282323264572993536
1282323226501287936
1282323001103519488
1282152655180255232
1282127199961788416
1282122010869604352
1282014972315340800
1282012623631011840
1282005786223312896
1282004288638681088
1282000666639163392
1281999187102621696
1281796902493868032
1281782748647129088
1342912725823983616
1338124888196997120
1323629487033061376
1323279663473504512
1323224535563423488
1322880522180304896
1322223604684251136
1317550334408069120
1314279766661398528
1313545197779902464
1313536882383482880
1313184146538323968
1309888336291680512
1308486677644685312
1305973465363681280
1304406199568396288
1304174428683751424
1302383982831702016
1301216407364030464
1300883611701440512
1300098620277116928
1299409937068630016
1298725289594249216
1298641170575302912
1296802298769874944
1296139015327035392
1295007905905770496
1294690474754801664
1293606166950375424
1293096934178197504
1292891979144138752
1291789332479717376
1291493480766869504
1291493016482590720
1291441186650062848
1291107951143538688
1291097682098958336
1291090414498467840
1290805528256483328
1288898998401748992
1286593677981356032
1286364003502043136
1286013578886164480
1285649366468919296
1284898835823833088
1284898823144460288
1284507901483274240
1283348847608107008
1283142988756062208
1283141883691258112
1283102177121239040
1283101954961539072
1283100971015512064
1282680159238316032
1281718084315774976
1281710175397838848
1281707180689956864
1281685954500136960
1281678710853206016
1281676533665497088
1281671489129979904
1281627427375058944
1281605558005620736
1281604722227654912
1281582081487798272
1281577751745630208
1281444598548762624
1281443868047704064
1281271678572642304
1281266797770137600
1281011493354553088
1281010200900702208
1281010087855902720
1281009505111859200
1280971716571914240
1280841803848208384
1280599936728522752
1280591697286705152
1337383869667045376
1335128080931807232
1334869858757070848
1334484295214313472
1334120945200599040
1333396376433123328
1333396364215119872
1331210777324380160
1329493143155314688
1328925261363032064
1328032318951477248
1327292965862187008
1327113618094252032
1326936228651028480
1326816379924869120
1326816286047936512
1326463200687235072
1326463115723235328
1326462988711292928
1326420432451493888
1326078102976466944
1324691214130622464
1321752273001861120
1319645078290223104
1319644876393373696
1319643219181903872
1317406370325499904
1316963110943588352
1316963085295538176
1316637285195091968
1315877959417376768
1314448684965388288
1314089074051997696
1314088711773184000
1314088582043373568
1313342494520815616
1311188824853282816
1310839301630984192
1310839258345857024
1310476196841480192
1308680388307492864
1306236374077579264
1304860188781023232
1304859305317986304
1304846865117061120
1304026560412946432
1304002070391992320
1303581755488841728
1302605676292825088
1302605575302385664
1301417626967646208
1301416777499500288
1301243053953486848
1301106238797864960
1301104478846939136
1301104409770942464
1301084419810299904
1301084306169909248
1301084121985359872
1301083926392451072
1301083714261221376
1301054336978554880
1301018785009274880
1301018497418490112
1301018220296626176
1301018046052655104
1300753798458232832
1300753704719708160
1300753479519084288
1300753168037482496
1300745468306128896
1300743327051022336
1300741869668884480
1300426158664802304
1300400576732319488
1300400561288863488
1299333357260677120
1299206677397483520
1298931298040504320
1298931284790710272
1298931269728980992
1298931254574940160
1298619810461491200
1298291925984980992
1298145133255368704
1297095584827035648
1296892182968893440
1296796151740473088
1296796044962009088
1296795870709649408
1296767465876324352
1296648753689108480
1296648114296758272
1296483071894736896
1296482856391323648
1296482713764073472
1296034509096460288
1296032327278223360
1295721938694832128
1295391855174201088
1295222065382002688
1295220736957788160
1294134685476352000
1294134650294562816
1293554165868908288
1293554094766985216
1293553846661386240
1293553760216780800
1293410218467041280
1293408454061719552
1293194826591227904
1293186896818892800
1293186861494439936
1293186778472411136
1293186759602270208
1292721049369481216
1292416083908075520
1292159638956376064
1292050092631957504
1292049884179243008
1292040499734417408
1291695699218890752
1291695587931369472
1291695033234731008
1291694947867848704
1291370844795604992
1291366301441687552
1291342007747645440
1291341922968182784
1290978553492910080
1290752924235304960
1290745712490229760
1290736434673000448
1290558020234158080
1290379669490077696
1290366425610227712
1290196081444302848
1290171116783190016
1290170906132672512
1289985360655597568
1289985258469826560
1289886147007655936
1289835179452792832
1289827749989724160
1289827053580165120
1289826698687582208
1289822806407098368
1289561238553362432
1289561079211626496
1289480769493073920
1289454625137946624
1289453303693099008
1289157255967862784
1288933566659932160
1288913237191393280
1288735480494927872
1288735447913582592
1288735353197731840
1288734936552349696
1288516800561504512
1288398568617914368
1288398320071843840
1288363049754202112
1288362632655908864
1288362531980037888
1288334325063258112
1288203887644737536
1288203864458616832
1288203846964125696
1288194593398423552
1288143439234818048
1288008840164802560
1287976141744209920
1287973825020395520
1287973720926105600
1287802625702985728
1287659192459956224
1287639841929404416
1287610998774476800
1287610915056242688
1287610740212412416
1287386551056564224
1287339256718020608
1287328495631241216
1287312942057377792
1287051956595367936
1287022315352608768
1286963446484013056
1286963351856320512
1286915146812710912
1286884410399297536
1286713365683986432
1286712715843645440
1286577776728866816
1286527560495575040
1286525864180678912
1286525701353545728
1286242873827106816
1286242846337622016
1286197977749622784
1286197933457776640
1285952458817183488
1285925781613535232
1285792764496678912
1285635596598358016
1285635307363274752
1285635112793714688
1285634872850165760
1285629958270918912
1285579719929364480
1285563737747918848
1285462208777003008
1285462068821467136
1285435323242237952
1285199743308705792
1285162536044724224
1285137140180025088
1285135773243760640
1285135727114752000
1285120653864120320
1284786573087842304
1284527996540461056
1284527894367215616
1284386690312871936
1284038842337697792
1283990052759011328
1283990036376096768
1283987347152015360
1283987041907351552
1283825996207132672
1283817125577134080
1283692488088150016
1283644486808211712
1283644264988246016
1283625372882546688
1283321273561616384
1283284796073029632
1283284520159121408
1283079793446211584
1283076236730867712
1283041009820143616
1282985614187671552
1282927184710184960
1282698255227392000
1282698147622510592
1282561141751906304
1282540081912389632
1282540065202331648
1282535726337359872
1282327822657359872
1282315120232800512
1281485129144311808
1281477711458897920
1281477461570662400
1281477343916298240
1281454785858805760
1281418191651119104
1281417874414940160
1281260646907207680
1281260504976064512
1281174929900212224
1281123995681730560
1281123843436941312
1281088536419106816
1281088012575793152
1280869727628333056
1280835257059758080
1280834619907231488
1280762157412613888
1280728302790086912
1280728028549713920
1280727368529829888
1280490126179741696
1280443212717572096
1280419949094277120
1280419873542287360
1280409830604316672
1280399190892445696
1280364231372800000
1280363161108074496
1280363074499874816
1280348473850765312
1280144300421124096
1280087353177014272
1279999660996820992
1279998642770886912
1279834703151927296
1279834278688428032
1279833406956883968
1279752801799868416
1279752618768826368
1279703680506306560
1279684112954122240
1279682229124423680
1279681733869416448
1279630120093966336
1279462433988448512
1279447846698221568
1279312181687914496
1279312099425029888
1279307090725613568
1279306846428372992
1279306345934618624
1279298059923607552
1279137014349250560
1279040860840251392
1278985457846583296
1278950577305772032
1278786156797321216
1278786018586562560
1278774571093630976
1278774377392287488
1278773762775756800
1278756026054049792
1278755379430723584
1278553178355752960
1278553114140913664
1278553052564402176
1278385219159101440
1278381282884554752
1278302962058760192
1278276078692425728
1278275881518215168
1278275743148105728
1278196415479546112
1277997482023292928
1277997134000934912
1277966965668077568
1277954452889038848
1277915509812604928
1277914674177216512
1277913800042328064
1277913710699393024
1277912913949478912
1277912459014221824
1277907331200823296
1277830137086644224
1277830086876696576
1277829544112803840
1277829002737127424
1277828536582246400
1277828169865793536
1277827756206800896
1277827227292491776
1277824855866572800
1277590712792596480
1277574700487659520
1277574374543982592
1277552494852349952
1277543827998466048
1277543770058358784
1277517208785162240
1277516710396870912
1277512326623748096
1277472363265888512
1277309330002448384
1277309239615205376
1277309219281174528
1277309104579624960
1277309086309191680
1277308988066070528
1277308961855803392
1277308833174618112
1277308754179088384
1277307383367303168
1277304972506521600
1277304871956484096
1277279650230796288
1277265755298554112
1277265735384018944
1277261172597837824
1277260968423297024
1277257971211386880
1277257807235035136
1277257662078615552
1277176735096877056
1277132868326690816
1277132296500514816
1277132167043256320
1277131940005626112
1277131865149841408
1277131785671974912
1277131716646354944
1277131295630536704
1276926219636932608
1276702130221563904
1276520311438151680
1276520258589863936
1276520209717878784
1276519822319407104
1276392484747214848
1276366923702337536
1276122677820997632
1276122666794180608
1276105596182421504
1276047177622618112
1276018070948118528
1275791323476434944
1275767466346545152
1275716899830185984
1275716658112454912
1275706598804119552
1275706135408979968
1275448573304295424
1275432451083558912
1275401183339909120
1275400158134632448
1275359905692749824
1275359880136790016
1275320033510653952
1275318085755559936
1275145741477052416
1275144048790167552
1275073643635019776
1275073024539017216
1274956590471413760
1274926312696791040
1274737050563031040
1274683505738481664
1274683379833802752
1274683243036585984
1274683055597391872
1274682918653300736
1274677558194421760
1274620900646825984
1274617009909706752
1274616257002733568
1274452065444560896
1274394992820342784
1274394898360340480
1274361455400439808
1274300120981528576
1274241593755779072
1342336672961339392
1312975643185942528
1312864303138181120
1312864293025705984
1309830415574880512
1302046619467157504
1301051550480191488
1298229485469401088
1298229440225345536
1298229374416822272
1273597174123843584
1345684131733233664
1345658340135858176
1345657672142643200
1345657174740135936
1345657143689682944
1345657085409845248
1345657058436276224
1345657040144916480
1345657027159330816
1345657013829775360
1345656995718828032
1345656596702048512
1345656570760335360
1345656441961639936
1345656419194953728
1345656402254176512
1345656372839514112
1345656350920028160
1345656333736038400
1345656312294735872
1345656292946415616
1345656273367400448
1345656215372750848
1345656186474024960
1345656164172910592
1345656154513412096
1345655954638041088
1345655854742298624
1345655791886487552
1345655768448716800
1345586076367380480
1345471675152932864
1345471661571715072
1345471560585531392
1345471538376691712
1345471524334088192
1345471191897796608
1345471184822018048
1345471137745166336
1345471127947243520
1345471091284840448
1345454250193793024
1345451740934664192
1345448997532610560
1345448946819346432
1345448856507572224
1345448525862203392
1345448509860945920
1345448484581867520
1345448103516790784
1345448037821407232
1345447861035655168
1345447845747433472
1345447785882071040
1345447624636329984
1345447496336732160
1345447470206251008
1345447450862104576
1345447433988419584
1345447399054053376
1345447386404052992
1345447363490537472
1345447349292773376
1345427562546278400
1345427037163544576
1345421530981916672
1345418950297976832
1345417558384652288
1345416551692906496
1345408747464757248
1345388471372939264
1345386975679934464
1345386687350923264
1345386564055146496
1345386353429786624
1345386334144360448
1345386317207711488
1345386296789897216
1345386272865591296
1345386256314855424
1345386209938386944
1345386010629300224
1345385984553340928
1345385889351020288
1345385435527344128
1345385378539302912
1345385362890383360
1345385186989645824
1345362249842642944
1345349210342891520
1345339923298136064
1345338803708432384
1345336932923006976
1345335179188056064
1345335129917583360
1345334339412877312
1345334325433274368
1345334208651259904
1345334085326147584
1345334040950415360
1345333964031086592
1345333697499832320
1345333356934946816
1345333284721614848
1345333211753291776
1345333196066582528
1345333163183251712
1345333127208718336
1345333038528557056
1345332792033480704
1345332758571266048
1345332745485090816
1345332716485701632
1345332649917865984
1345332632754778112
1345321315935383552
1345301007333552128
1345293423641841664
1345292372473765888
1345223056634109952
1345139048273358848
1345136574233792512
1345136525810561024
1345136342699814912
1345136101892247552
1345135928155762688
1345135861244063488
1345135839030947840
1345135820420886528
1345135770441572352
1345135712748892160
1345135693857759232
1345135487678357504
1345135048689938432
1345134906305867776
1345134886240313088
1345134851670814720
1345134839687741440
1345134827373264896
1345134815448866816
1345134802316484608
1345134785354756096
1345134771425464320
1345134757139664896
1345134688319524864
1345134616764702720
1345134588952244224
1345134488523837440
1345134457418883072
1345134440863965184
1345134397390008320
1345134378242990080
1345134357707681792
1345134124709896192
1345132509466656768
1345132152669810688
1345132125096435712
1345132119207669760
1345132080167063552
1345130360938627072
1345130314079858688
1345130281657884672
1345130248141234176
1345130214305763328
1345130181783121920
1345126620370268160
1345126546298851328
1345124150021656576
1345122878308700160
1345122835426136064
1345122706291904512
1345122586137669632
1345122529795579904
1345122490700464128
1345122405975470080
1345122357971714048
1345122275205509120
1345122232998244352
1345122199380713472
1345122140958371840
1345122036327223296
1345121634504634368
1345110871480139776
1345109576429912064
1345109008064110592
1345105580382445568
1345105517321084928
1345105139732983808
1345105121341018112
1345104959411519488
1345104935768174592
1345104923487330304
1345104911231545088
1345104899332333568
1345104871696031488
1345104850107981824
1345104829304156160
1345104646906535936
1345104569311899648
1345104552324956160
1345104519554859008
1345104480610746368
1345104366534086912
1345104352080494592
1345104319784300288
1345104286859063296
1345104255053606912
1345104238280667136
1345104184476106752
1345104081229148160
1345104021959401472
1345103945656643584
1345103894171549696
1345103792686174208
1345081249409474560
1345072621063467008
1345070467393191936
1345068889546387712
1345065599299448832
1345064999299985408
1345060794212483072
1345060494244274176
1345059808471347200
1345057077526470912
1345056010877210624
1345055727631675392
1345055716978139136
1345055698657406976
1345053725015076864
1345053451005423616
1345053393547644928
1345053275679322112
1345053185988243712
1345053047223947264
1345053024583086080
1345052901807423488
1345052881985142784
1345052819968155648
1345052785763627008
1345052739890532352
1345052701508448512
1345052526941495296
1345020356470452224
1345019012133122048
1345013387294437376
1345012591647744000
1345006460833509376
1345004576320139264
1345003571662774272
1345003558744297472
1345003546329145088
1345003260135043072
1345003227851464704
1345003152903434240
1345003018148864000
1345002828914426112
1345002794563022848
1345002765379129088
1345002513381134336
1345002475460452352
1345002419743305728
1345002321428803584
1345002176083615488
1345002057573531648
1344980876455776512
1344980741143339008
1344971134274596864
1344968581168197632
1344964348121235712
1344962634400071680
1344962618528821248
1344962553047363584
1344962318539632640
1344962298146910208
1344962161878192128
1344962031347245056
1344961715440648192
1344961563992723712
1344961509957447680
1344961452193558528
1344961437349908480
1344961403099242496
1344961384853991424
1344961363408539648
1344961017583968512
1344960986357374976
1344960911946231808
1344960804764975104
1344960790542102528
1344960763186851840
1344960710065975296
1344960658933239808
1344960640113385472
1344960620286898176
1344960606940651520
1344960590444449792
1344960577324638208
1344960562011254784
1344960500996714496
1344960152051585024
1344959866012643328
1344859856637980672
1344756367010246912
1344756323137667072
1344756311947415552
1344756167004860416
1344756154845552640
1344756132309557248
1344756088843984896
1344756078752522240
1344756064647061504
1344756054803042304
1344756002898509824
1344755900725272576
1344755813664092160
1344755802935066624
1344755698530451712
1344755452429668352
1344755259638489088
1344754862291111936
1344754595831148288
1344754584040992768
1344754401639084032
1344754365068955648
1344754334450520064
1344754319682396160
1344754124072644608
1344754104111923200
1344754054665302016
1344754042229166080
1344754029868576768
1344753920418131968
1344753857855950848
1344751876714192896
1344739313746145280
1344734235534491648
1344729822753394688
1344722848020127488
1344722097998880768
1344714918193463296
1344713557737431040
1344713529451040768
1344713122435751936
1344713054622273536
1344711186403745792
1344711080686268416
1344711026672066560
1344710927103483904
1344710836519133184
1344710705816215552
1344710574937145088
1344710538786459648
1344710450081112064
1344710395173494784
1344710352471281664
1344710178432835584
1344709920910934016
1344709904670535680
1344709606875004928
1344709594346610688
1344709513841147904
1344709498133426176
1344709488658567168
1344706385171288064
1344702543784456192
1344690133682053120
1344676017697390592
1344671480228012032
1344671452914720768
1344668269123313664
1344667827647749888
1344646524345737216
1344643571559886848
1344640694795776000
1344621302766842112
1344621009056489472
1344620938046943232
1344620849899462912
1344620746698534912
1344620677379350528
1344620642424020992
1344620396386144512
1344613047176994816
1344610181221593088
1344607708226449408
1344604962580529152
1344604111635963904
1344602566286597888
1344602074185609216
1344601967721644032
1344601735466254336
1344601659486429184
1344601645926281216
1344601628658315264
1344601611486826496
1344601518796898304
1344601503756070912
1344601450224250880
1344601420801175552
1344601292296040448
1344600839885783040
1344600800643993600
1344497615413587968
1344389155514679296
1344388645223084032
1344388632224931840
1344388601367437312
1344388588113457152
1344388578357481472
1344388468575793152
1344388419523375104
1344388410220437504
1344388378188505088
1344388306965041152
1344388186030698496
1344387289565319168
1344385865984913408
1344385769931210752
1344385363045986304
1344385203373019136
1344384405037580288
1344384042305781760
1344370682419957760
1344370619333423104
1344370606071034112
1344370407483314176
1344370202079858688
1344370163555168512
1344370146996072448
1344370130235617280
1344370092256198912
1344370063651057664
1344370028431495168
1344369916502286336
1344369798407479296
1344329518073442304
1344328499499331584
1344328145504239616
1344328087920660480
1344327954655010816
1344327930294497280
1344327914570084352
1344309430024884224
1344309076642189312
1344308961269456896
1344308887520997376
1344308663826206720
1344308308602138624
1344308255057707008
1344308198422040576
1344308144449662976
1344308026673659904
1344308004125028352
1344307949653684224
1344305549215756288
1344287332724330496
1344265990033563648
1344250841964957696
1344223442825060352
1344219322227552512
1344219309204271104
1344219109203046400
1344218926109122560
1344218893250949120
1344218382883815424
1344218321529528320
1344218287924781056
1344218075906928640
1344218050170658816
1344218006801547264
1344207661861105664
1344191692728135680
1344185856815472640
1344183717540090112
1344183550996836352
1344178002255613952
1344177970173390848
1344177944755896320
1344177876191612928
1344177862392373248
1344177348166430720
1344177058474303488
1344176924562771968
1344176882397417472
1344176811132002304
1344176725773660160
1344176662028705792
1344176588297019392
1344176465491992576
1344176437734100992
1344176423645421568
1344157316023779328
1344137144554696704
1344136751837806592
1344036203109220352
1344035400734699520
1344035237177810944
1344035228080349184
1344034925998206976
1344034916691009536
1344034904644968448
1344034862093774848
1344034842112102400
1344034789414891520
1344034775129088000
1344034756011372288
1344034695781240832
1344034289642598400
1344034014856949760
1344033963770335232
1344033949769748480
1344033901812076288
1344027145602011136
1344025640761176064
1344025336191864832
1344025297721692160
1344025193723867136
1344025155731922944
1344025066485506048
1344025045371379712
1344024905495564288
1344024882946985984
1344024861979639808
1344024837241630720
1344011009728589824
1344009459895431168
1343994790392852480
1343994325999497216
1343994282869403648
1343994256999014400
1343994201118289920
1343994032658280448
1343993924621369088
1343993887392735232
1343993587802005504
1343993477571489792
1343993430796599296
1343981654902239232
1343978542300880896
1343949611560558592
1343946159434457088
1343944764664766464
1343944165697183488
1343943454355824640
1343941761769549824
1343940625452953600
1343940406346657792
1343940345026011136
1343940206077075712
1343940131242323968
1343939493938802688
1343939471071465472
1343939361835012096
1343939321338933248
1343939307388731392
1343938930190725120
1343919457450799104
1343910718614228992
1343885837507952640
1343884700641845248
1343884507615621120
1343884440234291200
1343884423318687488
1343884264153239552
1343865661974577152
1343849979560009728
1343841427516764160
1343836146707689472
1343833898250350592
1343833869544525824
1343833727818997760
1343833393260351488
1343833377829490688
1343833347492085760
1343833298481639424
1343833274846748672
1343832964090765312
1343832707957186560
1343832685618331648
1343832666710433792
1343832626151489536
1343832605519704064
1343773080703946752
1343670342875828224
1343670318569828352
1343670242313166848
1343670181617422336
1343669912607334400
1343669813483343872
1343669788279767040
1343669769627701248
1343669728020226048
1343669613784141824
1343669597266989056
1343669584507916288
1343669257025036288
1343669173222858752
1343669061511770112
1343668915327668224
1343665267126263808
1343664256500322304
1343663921811615488
1343663116375175168
1343662544108609536
1343659995305570304
1343659477665517568
1343657144084803584
1343656683604746240
1343656605129318400
1343656156774993920
1343656063002959872
1343655793229520896
1343655689634373632
1343655594654371840
1343655579835920384
1343655551683719168
1343655520268382208
1343655246795591680
1343655207402659840
1343655190805815296
1343655167439351808
1343655151228366848
1343655118756081664
1343655002942926848
1343654957413785600
1343654950409302016
1343644217638268928
1343633330902859776
1343629508608405504
1343625090341199872
1343621379959255040
1343613946692042752
1343609430173229056
1343608729464352768
1343608518222503936
1343608183173079040
1343608161513730048
1343607332803108864
1343607049809252352
1343606193382633472
1343605691639066624
1343605659535896576
1343605526958137088
1343605077559406592
1343605010949693440
1343604918926647296
1343585201381892096
1343578325088956416
1343577487419338752
1343577304354721792
1343576931544027136
1343576919518932992
1343576901667971072
1343576876795768832
1343576756989657088
1343576719769415680
1343562916419796992
1343561242603094016
1343561088026161152
1343557199709302784
1343550074954145792
1343533992746881024
1343528549400125440
1343528532333486080
1343528295929958400
1343527968497430528
1343527205658365952
1343497398300106752
1343494823102316288
1343494398898802688
1343493505059057664
1343490249993973760
1343490216863133696
1343482937740845056
1343478227973648384
1343475712922152960
1343473500259016704
1343473018601934848
1343472991838105600
1343472966944874496
1343472174858989568
1343470539000705024
1343469666816163840
1343468659461804032
1343468059277877248
1343467746999328768
1343467593735270400
1343467314969243648
1343466544043581440
1343466535726288896
1343465297165115392
1343464979245232128
1343464905689718784
1343464583412015104
1343464476025249792
1343464462867717888
1343464413257486336
1343464399533694976
1343464383998029824
1343464367036231680
1343464341882986496
1343464321364480000
1343464282130960384
1343464105739514112
1343464004396658688
1343460128473931776
1343454803771486208
1343451474513309696
1343449869265072128
1343447683567136768
1343445106741940224
1343410123016986624
1343307789091934208
1343305432840994816
1343305289848778752
1343303096705949696
1343300890212642816
1343300241848737792
1343300191647113216
1343300180590911488
1343300171422179328
1343300159816531968
1343300153567039488
1343299912931414016
1343299899480305664
1343299882954719232
1343299489138938112
1343299479718539264
1343299472365912064
1343299460416339968
1343299450903658496
1343299444595437568
1343299435292471296
1343299428887785472
1343299411615604736
1343299393814994944
1343299330032226304
1343299179507048448
1343299167058329600
1343299150935453696
1343299107939643392
1343299061689024512
1343298705223520512
1343298488512241664
1343298475098779648
1343297355601358848
1343296543001030912
1343294283030425600
1343294188998316032
1343293799070642176
1343291632137940992
1343288886278189056
1343288386501701632
1343287616893026304
1343286729365745664
1343286466047258624
1343286326045638912
1343286104557031424
1343286089545560064
1343285990362927104
1343285975628328960
1343285936185028608
1343285877460639488
1343285765481132032
1343285536543420416
1343285445665443840
1343285315553751040
1343285184024768512
1343284853773660160
1343284795363774464
1343284757300453376
1343284660957306880
1343284564538634240
1343283655305793536
1343266535809429504
1343259875737038848
1343259254883545088
1343258318643585024
1343256801123434496
1343254348470620160
1343254227339108352
1343254177938612224
1343254139556532224
1343252694874599424
1343251987975073792
1343245803457048576
1343244327829590016
1343243689024479232
1343238677913362432
1343237762582007808
1343237737105813504
1343237726674563072
1343236991194968064
1343236833262645248
1343236557638168576
1343236531071430912
1343236369162903552
1343236126937636864
1343235886369157120
1343235876852293632
1343235838826704896
1343235801614790912
1343235774255390720
1343235750377250816
1343235734191407104
1343235704688680960
1343235686254710784
1343235628704673792
1343235599617191936
1343188289679986688
1343182695388618752
1343173144589332480
1343169527681609728
1343168810501763072
1343166999808135168
1343166284842889216
1343165030498496512
1343164967449743360
1343164888714240000
1343164802823286784
1343164650666545152
1343163701344546816
1343163615990439936
1343163457768714240
1343163310296981504
1343163298234073088
1343163259201974272
1343163235487375360
1343163194060238848
1343163168361733888
1343163127588913152
1343162650071609088
1343162621860655104
1343162479904485376
1343162414607572992
1343162391740227584
1343162309812879360
1343162298303717376
1343162253584035840
1343162203210477568
1343162188320616448
1343162091008630784
1343162060935471104
1343162045974409216
1343161995974107136
1343161984200663040
1343161953242533888
1343161909701455872
1343161875358494720
1343161822082428928
1343161806634819584
1343161791703089152
1343161774661640192
1343049012933521408
1342923791723323392
1342921379834978304
1342918675565838336
1342915139889229824
1342914301900763136
1342913499664678912
1342912931256815616
1342912384797696000
1342858961524023296
1342840470016319488
1342838362315649024
1342837644405956608
1342837572557533184
1342837520367640576
1342836781935452160
1342836652117532672
1342836636174983168
1342836195190075392
1342836183395655680
1342836164919779328
1342835868478877696
1342816636357767168
1342812614427082752
1342811084256923648
1342807423430635520
1342807390094290944
1342807023554072576
1342806680933978112
1342806573991780352
1342806559366254592
1342806199020957696
1342806144377442304
1342806128326037504
1342806111985020928
1342806036474957824
1342806013431443712
1342792594703659008
1342789030170259712
1342781899178192896
1342780715902107648
1342780623409328128
1342777018929307648
1342775013695479808
1342774620450156288
1342773720457342976
1342773001222295552
1342772970129911808
1342772873723863040
1342772826374336512
1342772805025341440
1342772786104823808
1342772757163995136
1342772693561716736
1342772679498207232
1342772650087755776
1342772628566778112
1342772590348218368
1342772566704984064
1342772534941540352
1342772481409609728
1342745751106019328
1342581741366747136
1342580762307145728
1342580702026625024
1342580657193689088
1342580638512263168
1342580565413920768
1342580552386404352
1342580472690470912
1342580461390934016
1342580430596427776
1342580005478526976
1342579971169153024
1342579809352876032
1342579635759030272
1342579093661999104
1342578950464303104
1342578846298755072
1342578718863187968
1342578688106360832
1342578641000161280
1342578572624592896
1342578535110684672
1342578406534377472
1342578352071315712
1342566027926921216
1342565991470018560
1342565893268774912
1342565698745348096
1342563725971255296
1342561142963642368
1342561109631500288
1342561082456633088
1342560851325308928
1342560765778272512
1342560557153591296
1342560447397031936
1342560321869914112
1342560147156172800
1342560084950454272
1342560015203373056
1342559983771275264
1342559928272248832
1342554911960129536
1342540421822558208
1342539291285741568
1342535477937778688
1342535037913358336
1342530366448545792
1342526144273375232
1342525563156762624
1342523399210414080
1342522951426568192
1342518900634906624
1342518633306722304
1342518190325301248
1342518034334937088
1342517963455397888
1342517911546687488
1342517888222179328
1342517848904708096
1342517830609207296
1342517736564551680
1342517616116719616
1342517579462664192
1342517513075232768
1342517111835537408
1342517047037718528
1342517024765976576
1342516992499134464
1342516871015194624
1342516413471330304
1342516380298600448
1342472412454129664
1342470340128219136
1342427437947355136
1342414064811732992
1342397263851778048
1342397188022874112
1342397118078725888
1342396984389459968
1342396889946337280
1342396851153219584
1342396374604787712
1342396344820969472
1342396313623797760
1342396115711361024
1342396094114902016
1342396083192942592
1342396049160286208
1342396026087481088
1342395979023179776
1342395950694883328
1342395930801299712
1342395884324188160
1342395870499778560
1342395857338048512
1342395837960376320
1342395820692430848
1342395807744589824
1342395790006878208
1342366427806920704
1342365959139561472
1342222540245245952
1342220648047915008
1342220637193052160
1342220624127778816
1342220570390310912
1342220558189080576
1342220496285409280
1342220483761205248
1342220470578503680
1342220459794984960
1342220449007230976
1342220435547705088
1342220070584524800
1342220044789559296
1342220020017987584
1342219988334211072
1342219349122281472
1342219040027246592
1342218767242244096
1342218599306579968
1342218574476279808
1342218318376263680
1342218277641195520
1342218164323676160
1342218149001891840
1342218093536407552
1342218036774891520
1342217817299578880
1342217759485288448
1342217694297411584
1342217637246459904
1342217573828603904
1342171135203536896
1342167438641803264
1342165276809441280
1342164083504779264
1342163817397153792
1342163709720977408
1342163618549428224
1342163544989642752
1342163525150650368
1342163508318887936
1342163441436532736
1342163249308053504
1342163158283251712
1342163024115855360
1342163011801407488
1342162894532784128
1342162789801013248
1342162703171911680
1342162687648788480
1342162664110379008
1342162523768938496
1342162416864534528
1342162337025974272
1342126305224122368
1342102992108007424
1342100555112583168
1342100536930283520
1342100378045833216
1342100326934044672
1342100317018664960
1342100093311328512
1342099744663998464
1342099726838149120
1342099697796837376
1342098595877629952
1342098514378166272
1342098502369816576
1342098474142208000
1342098456601624576
1342098437387525888
1342098362548563968
1342098342189395968
1342098256097112064
1342098242297864192
1342075494720790528
1342074633189814272
1342072719416971264
1342071948315123712
1342059655946784768
1342054431848857600
1342038800709677056
1342036128724037632
1342035649344524288
1342035237992329216
1342034444480356352
1342034246156824576
1342031439773241088
1342030564984033280
1342029876321267712
1342029259020390400
1342028779313618944
1342028644416425984
1342028610090245888
1342028593673728000
1342028561604087808
1342028543069478912
1342028524790624512
1342017070138089472
1341857540204883968
1341856681987366912
1341856625896861696
1341856616329732096
1341856601775419392
1341856530895953920
1341856495743459328
1341856485605830912
1341856473618522112
1341856460632977408
1341856448960196608
1341856439023898624
1341856362297475072
1341856302226673664
1341855052382683136
1341853586326732800
1341852342363299840
1341852299635920896
1341852241804877824
1341851442806714368
1341851373156114432
1341850898197336064
1341850688377270272
1341850591467847680
1341850435074879488
1341849540576620288
1341849526395678720
1341849339744948224
1341849229376020480
1341849166784454912
1341849037306249216
1341849023641169920
1341848940677836800
1341820484611092480
1341782289752203264
1341779065418735616
1341777114614419712
1341776163421745152
1341776002247176192
1341775684276989952
1341775547848941568
1341775230482706432
1341775212296200192
1341775136001822720
1341774871194382336
1341774817738027008
1341774785689374720
1341774761966362624
1341774735005409280
1341774713597603840
1341774684405293056
1341774675072999424
1341774629216677888
1341774599659380736
1341774525298601984
1341774496525668352
1341774463491305472
1341774451428503552
1341774408483004416
1341774295664619520
1341774276337283072
1341730564408291328
1341729009089064960
1341728679450324992
1341712111303581696
1341704885335670784
1341704437442732032
1341704198354833408
1341703980557234176
1341703679557156864
1341703652474580992
1341693650540048384
1341689602436960512
1341685117006299136
1341673880579141632
1341667098179866624
1341665155176951808
1341663125175676928
1341659619756826624
1341657999610396672
1341657694458048512
1341657503654928384
1341656690475843584
1341656666228584448
1341656591372828672
1341656440650526720
1341655918237396992
1341655797646958592
1341655779116535808
1341655764616798208
1341655749345370112
1341655660719714304
1341655603962400768
1341655591400386560
1341655551181250560
1341655507325599488
1341655387867648000
1341655338009972736
1341655300382863360
1341655283454631936
1341655254874681088
1341655139908792320
1341655111244902400
1341655095356874752
1341655068127444992
1341655045641801728
1341497873943425024
1341493626703130624
1341491788742324224
1341490245653688320
1341490228557701120
1341490207418445824
1341490189189918720
1341490133674110976
1341490125390405632
1341490054011740160
1341490002748948480
1341489983228694528
1341489962408173568
1341489928266461184
1341489908171608064
1341489773899370496
1341488514828034048
1341488469105922048
1341488454039982080
1341488440362356736
1341488197419884288
1341488080314875904
1341488012472029184
1341487983132864512
1341487681516285952
1341487618241007616
1341487380444930048
1341487144699883520
1341487120142245888
1341487081172987904
1341487064655798272
1341486874666405888
1341486846115786752
1341486820220145664
1341486783419301888
1341486705342353408
1341486690318356480
1341486663458025472
1341486644654993408
1341486623595384832
1341486611268325376
1341486582759604224
1341486564464058368
1341486462362148864
1341486372499181568
1341486354597818368
1341486329373331712
1341486313829122048
1341486239309021184
1341486199458963712
1341485928720822272
1341459700060176384
1341458836297805824
1341457774165815296
1341438058512740352
1341432561952800768
1341432439726587904
1341432261783265280
1341432178710896640
1341432033982213888
1341431762199736320
1341431434431574016
1341431387270868992
1341431347752124416
1341431281746399232
1341431199995195392
1341431141480472576
1341417151912153088
1341402801793093632
1341402750756773888
1341402666715504640
1341402523761070080
1341401627274653696
1341400960363589632
1341400948116254720
1341400859511574528
1341400793283518464
1341400762711216128
1341400658826698752
1341400519911346176
1341400476840046592
1341400429469511680
1341400224963674112
1341400184669003776
1341400103987384320
1341400003793793024
1341399933824475136
1341399892745466112
1341398830428922112
1341398388995219712
1341368891101110272
1341368429039775488
1341368258721660928
1341368233132257280
1341367974536634368
1341367889304104960
1341367688497688576
1341367600954175488
1341367132995641088
1341367108274434048
1341366874475540480
1341366833266520064
1341366783983427584
1341366772474241024
1341366749363580928
1341366561005850624
1341366507499098112
1341366486951182336
1341364687880024064
1341364217128038400
1341351564724883712
1341349459683389440
1341348651499720704
1341346756731285504
1341343405360746496
1341323142501953536
1341321276766515200
1341321258806505472
1341321091562823680
1341320938198056960
1341320823399976960
1341317264960843776
1341314999575334912
1341314083933589504
1341311348408537088
1341309885150015488
1341307873515741184
1341306704915476480
1341306684707393536
1341306618374459392
1341306494101434368
1341306428552724480
1341306334671724288
1341301241167679488
1341289344527724288
1341287996482576384
1341287664226603008
1341287619259490304
1341287607376994304
1341287561445199872
1341287454314291200
1341287324685127680
1341287269051867136
1341287124256104448
1341286862942593024
1341286834391953408
1341286819275665408
1341286800644567040
1341286786874618112
1341286760173756416
1341286744608665600
1341286727760162816
1341277245260881920
1341124864535646208
1341123222939586560
1341123208016261120
1341123130400645120
1341123122548895488
1341122954642542592
1341122944433606912
1341122910275166208
1341122900489875712
1341122883939164160
1341122874183172096
1341122780599885824
1341122673829658624
1341121688159854592
1341121486216683520
1341121000801509376
1341120903531421696
1341120817996947712
1341120755128528896
1341120547992854528
1341120532624924672
1341120514224484352
1341120444301266944
1341120305612394496
1341120230555348992
1341120206995935232
1341104766773055488
1341103885214228480
1341101375426600960
1341099725811032064
1341099433371570176
1341098817341546496
1341098725339521024
1341094170254045184
1341088097874944000
1341085504104751104
1341085473436016640
1341085328459911168
1341084385249021952
1341083886093283328
1341083613853593600
1341083514301796352
1341083427303530496
1341083374455296000
1341083296147648512
1341083274924441600
1341083167252484096
1341083072817729536
1341083022490296320
1341082941393350912
1341082872552239104
1341082586651746304
1341082426399994112
1341082402853187584
1341082374365454336
1341082300847697920
1341082246644715520
1341082204970074112
1341082105636335616
1341082071180201984
1341082010870308864
1341081936052301824
1341081917983232000
1341081587987980288
1341069295636365312
1341068928664162304
1341068870715666432
1341067999076298752
1341064417363030016
1341064054807420928
1341061045134258176
1341042837069160448
1341041423735517184
1341041269791928320
1341041244953325568
1341040986961539072
1341030902953029632
1341022608041652224
1341022451023687680
1341022396921360384
1341022342760312832
1341022105010384896
1341021936298672128
1341021761006161920
1341021620232712192
1341021342133530624
1341012498724630528
1340972888409726976
1340967897091485696
1340966990069059584
1340966877162561536
1340966622031470592
1340966573738213376
1340966089912627200
1340965978918760448
1340965957922131968
1340965909490491392
1340965829287043072
1340965518040309760
1340965484854976512
1340964381228752896
1340940813111599104
1340940083604692992
1340938603996823552
1340938565790953472
1340937322867638272
1340937119095795712
1340937081959428096
1340936930872221696
1340936849502707712
1340936630329352192
1340936596963667968
1340936567167348736
1340936524033110016
1340913120445943808
1340911055896260608
1340762541006446592
1340762380956028928
1340761888775397376
1340760368390541312
1340760178808016896
1340760156087459840
1340760088697577472
1340760021190250496
1340760007458042112
1340759924893224960
1340759903443570688
1340759893666631680
1340759881884848128
1340759816537575424
1340759805850513408
1340759715685539840
1340759516145725440
1340759484755546112
1340759330640019712
1340759304274653184
1340759254475665408
1340759234791784448
1340759165581615104
1340759097097003008
1340758944638263296
1340758910488244224
1340758826673385472
1340758786844274688
1340747700288036864
1340741776387268608
1340740028734066688
1340737107921350912
1340736591044685824
1340736257626914816
1340735448260501504
1340732264418856960
1340732072399425536
1340732034650693632
1340732007396028416
1340731970070994944
1340731915297501184
1340731824260206592
1340731439743168512
1340730582087643136
1340730045795618816
1340701455943086080
1340700441257144320
1340699353418256384
1340699097834131712
1340699085154738176
1340699053915553792
1340699014644310016
1340699001453236224
1340698988283105280
1340698850940628992
1340698679376752640
1340698355652018176
1340698215088332800
1340681316396883968
1340672049396801536
1340666946266738688
1340665530617884672
1340664153866944512
1340662744287223808
1340662655116341248
1340662513638236160
1340660237506924288
1340659763898626048
1340659199496376320
1340659022022795264
1340633208094912512
1340632438612111360
1340632424183689216
1340632271041277952
1340631821508374528
1340631537663045632
1340631436378955776
1340631239292809216
1340631146644840448
1340631110691241984
1340630783871074304
1340615388992839680
1340613351462854912
1340611931095379968
1340609518351355904
1340608580907577088
1340607121453363200
1340607012300877824
1340606031056031488
1340605764478652416
1340605707247337472
1340605682328997888
1340605666969448448
1340605635319181312
1340605604809814016
1340605589710364672
1340605451889741824
1340605233228111872
1340605162600186112
1340605002834915328
1340604969284759552
1340604855874891776
1340604768658583552
1340604747456376832
1340604180550070272
1340587925780779008
1340411352217743360
1340408929059287040
1340408809446133760
1340408790768898048
1340408737366982912
1340408724163350528
1340408716424785920
1340408687312195584
1340408671528992768
1340408507800150016
1340408500938305536
1340408480340074496
1340408217646592000
1340408188387135488
1340408044459593728
1340407640569077760
1340407466580979712
1340407328059895808
1340407207544958976
1340407102846742528
1340407086694473728
1340407058319990784
1340406979580350464
1340406619478364160
1340406573617852416
1340406554147872768
1340406499932332032
1340406412866940928
1340406381359362048
1340406176975077376
1340405986100703232
1340405952206540800
1340405748988317696
1340395716850507776
1340389905701191680
1340382902450794496
1340382227851603968
1340381070106214400
1340380970869022720
1340380908755570688
1340380777784217600
1340380758985289728
1340380688256798720
1340380630362763264
1340380551396659200
1340380528906743808
1340380481783787520
1340380428163834112
1340380412602933248
1340380335020883968
1340356459306094592
1340356396299251712
1340355939656986624
1340355433190584320
1340355036023546112
1340354809866686464
1340351368255721472
1340351187791605760
1340351046800068608
1340350934124293888
1340350755925012480
1340350623984852992
1340350052796121088
1340350037449187328
1340330456315736064
1340322142198624512
1340319614799142912
1340317905624416512
1340291439700430848
1340291180320460800
1340290696612372480
1340290650827350016
1340290456228425728
1340290367791443968
1340290266272509952
1340290139881353216
1340290084277465088
1340290051738091520
1340290000861184000
1340289972679700480
1340289930086510592
1340289913988722688
1340289902018224128
1340289831868481536
1340289820963336192
1340277626162843648
1340276521546727424
1340264555289726976
1340222693543731200
1340220826923249664
1340220800067133440
1340220677597655040
1340220545028268032
1340218903054741504
1340218854677606400
1340218833823551488
1340218786872504320
1340218649819443200
1340218538393518080
1340218523428241408
1340218512002981888
1340218480923201536
1340218468369658112
1340218453119148032
1340218420911104000
1340218392805031936
1340150081492758528
1340041856449716224
1340036231934210048
1340036218642427904
1340036207678468096
1340036189177442304
1340036165974585088
1340036091588587520
1340035805268631552
1340035730098282496
1340035712863887360
1340035704081043712
1340035293588676608
1340035082682322944
1340035025887256576
1340034893779247104
1340034641156337664
1340034623649292288
1340025362940653568
1340025311283523584
1340025099186040832
1340024956021854208
1340023508760453120
1340022797943377920
1340022007275151360
1340021192334467072
1340020690582462464
1340020668247793664
1340020658575724288
1340020623536472064
1340020481924231168
1340020432997637888
1340019962040205312
1340019945359486976
1340019863167840512
1340019585525964800
1340019489094709248
1340019292738338816
1340019164510121984
1340019093987077888
1340018691937853440
1340018453814624512
1340018350198562816
1340018151975731200
1340018039757139968
1340018009512046592
1340017990339801088
1340017970697957376
1340017955841732608
1340017922299879424
1340017826309025792
1340017817131823104
1340017690677751808
1340017577263808512
1340017485823811584
1340017413383987200
1340006476371402752
1340003448889159680
1340002255802646528
1339998094470111232
1339987028495245312
1339983815415087104
1339981285226393600
1339981092292603904
1339981068980662272
1339981057022693376
1339980718500409088
1339980595640807424
1339980456045862912
1339980300974219264
1339980113530802176
1339980097789550592
1339979901529694208
1339979859590848512
1339979803731095552
1339979598449274880
1339979584079618048
1339979568418045952
1339979550982348800
1339979524092682240
1339979386091663360
1339979362586796032
1339979344261857280
1339979247935479808
1339979234333380608
1339979214888558592
1339979194843934720
1339979181455781888
1339979169078382592
1339979152183750912
1339979124505456640
1339979111020851200
1339979096600834048
1339979056675172352
1339979001994076160
1339978926806982912
1339978824767967232
1339978805591597056
1339978766563610624
1339978734108065792
1339978713509875712
1339978700612399104
1339978675144552448
1339978602805424128
1339978589287100416
1339978564112924672
1339978547386068992
1339978507120746496
1339978491127865088
1339978467685900288
1339978454696116224
1339978438552264704
1339978387587264512
1339796972077772800
1339787170492592128
1339648952594018304
1339648084947722240
1339647660865826816
1339647485350989824
1339647311652253696
1339647293352456192
1339647284250898432
1339647217368481792
1339647122279460864
1339647021611962368
1339646784067555328
1339646754006953984
1339646723724066816
1339646644200075264
1339632308790439936
1339627958823096320
1339619065325883392
1339611064594522112
1339608756334768128
1339607087043796992
1339607035235741696
1339606830809542912
1339606716523171840
1339606680749953024
1339606598025678848
1339606584121577472
1339606566958485504
1339606554501406720
1339606477330374912
1339606407663017984
1339606384766316288
1339606367951331328
1339606346723971072
1339606327816052736
1339606309478551552
1339606280361676800
1339604726430752768
1339604702229622784
1339604679899099136
1339604666410262528
1339604650853580800
1339604625482244096
1339436155549454336
1339425016732069888
1339316298304598016
1339315329638555648
1339315205722021888
1339315183169253376
1339315152290783232
1339315117213835264
1339314916549865472
1339314697372315648
1339314586760196096
1339314474583543808
1339297804959830016
1339295737767661568
1339295712694194176
1339283027801874432
1339282566684217088
1339282549969981440
1339282532836237312
1339282510438674432
1339282480973684736
1339281881909616640
1339256079738351616
1339253032874336512
1339252669052055552
1339252632444154112
1339252571798724608
1339252424050139136
1339252134085349376
1339251946084065280
1339251419233267712
1339246930111700992
1339245439049232384
1339244740726972416
1339239703124594688
1339238101835714560
1339237568194473984
1339237421389672448
1339237354704400384
1339237316158746624
1339237278401617920
1339237251247648768
1339235852816412672
1339235431171436288
1339235384744685568
1339235080208846848
1339234993290309632
1339234887526703104
1339234733671256064
1339234718106181632
1339234698061602816
1339234665358454784
1339234621226151936
1339234611637989376
1339234596580417536
1339234579694182400
1339234561235017728
1339234518406983680
1339234494918914048
1339234420683923712
1339234392414298112
1339234367697285120
1339234305797709824
1339234264462876672
1339234184720773120
1339234167998001152
1339234148943327232
1339234120703074304
1339234038813483008
1339233976796508160
1339233964763074560
1339233927387623424
1339233918252408832
1339233746776694784
1339233735175237632
1339233657530314752
1339076102988443648
1339062004112351232
1338953906932621312
1338952561362153472
1338952547877462016
1338952536376668160
1338952515048632320
1338952464305958912
1338952455372103680
1338952165033992192
1338952147287875584
1338951477734334464
1338951415356649472
1338951341130076160
1338950860055973888
1338950765822554112
1338950742363824128
1338950418844495872
1338950278620573696
1338949972801302528
1338949934402375680
1338949916970905600
1338949893919023104
1338949866194604032
1338949848456957952
1338949822057996288
1338949793704505088
1338949453626159104
1338949329671827712
1338949269869502464
1338949154060595200
1338949128022323200
1338949075752902912
1338948976117243904
1338948958694084608
1338933958185263104
1338922983633674240
1338896885537452032
1338895814068986112
1338893353908400128
1338893217291493376
1338892320880603136
1338891423429627904
1338888223360217088
1338887751614263296
1338886733006589952
1338886383465881600
1338886360111996928
1338886173884878848
1338886082046386176
1338886064061227008
1338886038991872000
1338886007471616000
1338885985770278912
1338885973770440704
1338885929361149952
1338885804987478016
1338885724406501376
1338885641912918016
1338885629812367360
1338750813511032832
1338743348522323968
1338742425733435392
1338742394695675904
1338742258288496640
1338741835208921088
1338741811595124736
1338741782016892928
1338741730145873920
1338741699963736064
1338741562046558208
1338741415065563136
1338741350141997056
1338741301391610112
1338741283842646016
1338741245867331584
1338741118486388736
1338700216510390272
1338585794068566016
1338583372235411712
1338583076457340928
1338582829085696000
1338581934797185024
1338581893776887808
1338581885845377024
1338581864861364224
1338581807978205184
1338581751107637248
1338580583535042560
1338580284124618752
1338580242282258432
1338580180512763904
1338579875549110272
1338579833316667392
1338579731118166016
1338579264342532096
1338579016517890048
1338578902613184512
1338578806337101824
1338578769741832192
1338578503030218752
1338578449636712448
1338578366203633664
1338578343474688000
1338578319353262080
1338578289758236672
1338578201740795904
1338578048099160064
1338577995150266368
1338577976275980288
1338577938384564224
1338577923905892352
1338559013852770304
1338558882696859648
1338558425878421504
1338557544827121664
1338543008346726400
1338538920020234240
1338538206539747328
1338537887952932864
1338537856042737664
1338537681983246336
1338537661150228480
1338537637246889984
1338537623346958336
1338537594049732608
1338537513066041088
1338537442455015424
1338537384145809408
1338537302600142848
1338537288842801152
1338537163592491008
1338537076153856000
1338536916459921408
1338479461944143872
1338478567848603648
1338443352577085440
1338442930504294400
1338442837571096576
1338442198560493568
1338441935632166912
1338441631377338368
1338441508555530240
1338441487252680704
1338441454407077888
1338441405681840128
1338441244989661184
1338441168527486976
1338441107366096896
1338440962956267520
1338440945042419712
1338414714477535232
1338413093366411264
1338411087948083200
1338410707889557504
1338333689881784320
1338222654562717696
1338221617080659968
1338219675889643520
1338219621820854272
1338219612270374912
1338219597057699840
1338219588811706368
1338219506011942912
1338219484318998528
1338219471425695488
1338219461862678528
1338219257788829696
1338219242311847936
1338219233419857920
1338218647727329280
1338218604181991424
1338217160909463552
1338217149601632512
1338217112305807360
1338217100595355648
1338217083142889472
1338216450541162496
1338216373454074112
1338208022162759680
1338207747406434304
1338207171293683712
1338206723283316736
1338206550540873728
1338206522229354496
1338206267651842048
1338206107739824128
1338205870195400704
1338205709327020032
1338205510538027008
1338205501520289792
1338205464723664896
1338205336990339072
1338205321064542208
1338205307500171264
1338205288344809472
1338205252202401792
1338205231138689024
1338205208334249984
1338205186934902784
1338205168240824320
1338205155712512000
1338205107536728064
1338205017485037568
1338189748633038848
1338178526583926784
1338172958867681280
1338148222196461568
1338142080636510208
1338131753433755648
1338131639210307584
1338131160484950016
1338131148111753216
1338131097348136960
1338131077781725184
1338131063164506112
1338131045468803072
1338131019225051136
1338131003072765952
1338130981329448960
1338130948802666496
1338130882360696832
1338130675472490496
1338130589887705088
1338130108167712768
1338130058410668032
1338130027301507072
1338129871122423808
1338129832467701760
1338129803208237056
1338129711357169664
1338129656789295104
1338129542821646336
1338129528422604800
1338128894340308992
1338118008926052352
1338116673937813504
1338114944269737984
1338095420011114496
1338082253289754624
1338082020707229696
1338078553108262912
1338077960151109632
1338065926017716224
1338063737610248192
1338060574215827712
1338056839964073984
1338056020854247424
1338055564975365888
1338055503037992960
1338055374604292096
1338055360486264832
1338055295579381760
1338055226914443264
1338054897346998272
1338054875805081600
1338054734788354048
1338054649358786560
1338054634334810112
1338054614743199488
1338054602831384576
1338054534594228224
1338054492084953088
1338054467686699008
1338054452738203648
1338054430017662976
1338054391253905408
1338054360199262208
1337967017190707200
1337880399779934208
1337880389029859328
1337880373041172480
1337880274428891136
1337880262819123200
1337880178215804928
1337880036435693568
1337880022888173568
1337880007809642496
1337879999198736384
1337879973697363968
1337879952507740160
1337879838963757056
1337879828343746560
1337879673385181184
1337879660806418432
1337879610202132480
1337879590061158400
1337878941009399808
1337878722452533248
1337878672091602944
1337878563169705984
1337878514603847680
1337878471087955968
1337878414242557952
1337878382298734592
1337872275249524736
1337869205337681920
1337868019616374784
1337865896455528448
1337864548741738496
1337863977217495040
1337863135307456512
1337863119310376960
1337863049655496704
1337863022262575104
1337862562998784000
1337861016068251648
1337860839940960512
1337860025927266304
1337859240665419776
1337859207257759488
1337850872034897920
1337845704329486336
1337844684593491968
1337837269655441408
1337836984358854912
1337835368368975872
1337833595554115584
1337832720618106880
1337832705489317888
1337832698119917568
1337832643774308352
1337832293654794240
1337832278274269184
1337832178143662080
1337831944328015872
1337831931011084288
1337831788127924224
1337831603884740608
1337831514403385088
1337831248438435840
1337831228851032064
1337831184831754240
1337831169803644928
1337831155220045824
1337831099674791936
1337831012664020992
1337825284339412992
1337824887210127360
1337824808244027392
1337814365639225088
1337811873232789504
1337811310105550848
1337811182481272832
1337811131637915648
1337811098200911872
1337811065418227712
1337810771913355264
1337810474235269120
1337810427380703232
1337810357377699840
1337809878799314944
1337804808204538112
1337804190396116992
1337788015251480576
1337786611694710784
1337786592153509888
1337786546880131072
1337786487249756160
1337786150078074880
1337786056998055936
1337786027927277568
1337785750482522112
1337785665417846784
1337785573969448960
1337785486786629632
1337785474052710400
1337785152488038400
1337785064034332672
1337785014436687872
1337784907297403136
1337758271344685056
1337750706388946944
1337748351886962688
1337747328774582272
1337747232360173568
1337747019482472448
1337746999005900800
1337746801550643200
1337746711800913920
1337746637469454336
1337746381092626432
1337746232375128064
1337745835577266176
1337745769797984512
1337745304490307584
1337744994157916160
1337744931679563776
1337744862532280320
1337744495174103040
1337744463008051200
1337744429902422016
1337744374294327296
1337744199886761984
1337744098514636800
1337743970022141952
1337743879194505216
1337743852480901120
1337743756116824064
1337743737640939520
1337743717151682560
1337743704770142208
1337743678006308864
1337743668506136576
1337743626487681024
1337743540143722496
1337743524293468160
1337702295644073984
1337699018424668160
1337696965828734976
1337695872885415936
1337672536641974272
1337491285041696768
1337490845742862336
1337489910710808576
1337489865307545600
1337489037121216512
1337488970180128768
1337488919051563008
1337488516050280448
1337487817711251712
1337487806797582336
1337487790859317248
1337487781577289728
1337487770663661568
1337487655349735424
1337487644465491968
1337487629214953472
1337487618993479680
1337487609547935488
1337487553847566336
1337487539192664064
1337486825380868096
1337484082796765184
1337484049024233472
1337483966891352064
1337483289377042432
1337483203033116672
1337483125543366912
1337483069532540928
1337482826304765952
1337482682322853888
1337482644565749760
1337482518006796288
1337482468862140416
1337482347625779200
1337482259817967616
1337482201609466112
1337481977751080960
1337481911728562176
1337481592223244288
1337481565534887936
1337481539073036288
1337481523948384512
1337481503165607936
1337481482529550336
1337481452989128704
1337481260659318784
1337481232402309120
1337481190698311680
1337481162072203264
1337481132632314112
1337463028342722560
1337447167578017792
1337439257347166208
1337438045361090560
1337366548168597504
1337365829587910912
1337365778086031360
1337365619373559808
1337365555955712000
1337365524246716416
1337364252546408448
1337363910945427712
1337363539627917312
1337363005751717888
1337362959937376512
1337362908431306752
1337362553937149952
1337362531459842048
1337362314534637568
1337362272809701376
1337362252450545664
1337362229960699904
1337362202953613312
1337362165653618688
1337362153934737408
1337362069746634752
1337362054466818048
1337362039077945088
1337361988574310400
1337361974783426560
1337361954818539520
1337361925160665088
1337361855971409920
1337361833531850752
1337361560923037696
1337361279028056064
1337361202192662528
1337361152536244224
1337361136769896448
1337361100526895104
1337255400379441152
1337250181499265024
1337113409746333696
1337108979646914560
1337100350541754368
1337099700135206912
1337089870343380992
1337086060019511296
1337085956894167040
1337083918504374272
1337083368819843072
1337083287693647872
1337083157779247104
1337082810377662464
1337082719151529984
1337082617196388352
1337082513005694976
1337082498375966720
1337082471414984704
1337082446957973504
1337082244620541952
1337028590312038400
1337016844457283584
1337012828398620672
1337012749977718784
1337012725751353088
1337011793244336128
1337011686188986368
1337011641544740864
1337011626109792512
1337011602252509184
1337011551451176960
1337011429984104448
1337011261041758208
1337010873118978048
1337010841980383232
1337010772464070912
1337010750511063040
1337010702414995712
1337010671158964224
1337010590586445824
1337010565609304064
1337010529387343872
1337010509971943424
1337010509418262528
1336899571696472064
1336887487701114880
1336781782180618240
1336781670087876608
1336779962586714112
1336778609999155200
1336778603363708928
1336778587668697088
1336778572497907712
1336778158444568576
1336777994350813184
1336777798216716288
1336777349480783872
1336777306304614400
1336776851763716096
1336776827151523840
1336776791973916672
1336776230377566208
1336776219790995712
1336776183241957376
1336776167559471104
1336775708396367872
1336747065448206336
1336718788117614592
1336710387518025728
1336699734417960960
1336698140053942272
1336694890575650816
1336694762221547520
1336694614481399808
1336694566884347904
1336693107363106816
1336693078212685824
1336692998114070528
1336692942635999232
1336692894904750080
1336692864647110912
1336692851116224512
1336692828483842048
1336692787912142848
1336692727229128704
1336692705112563712
1336692691107803136
1336692636451803136
1336692596186484736
1336692551420612608
1336692449218080768
1336692436609998848
1336692415466524672
1336692366309285888
1336534139567271936
1336524947561263104
1336419333447290880
1336419042530381824
1336417622439685888
1336417612327215104
1336417603166883840
1336417587836628992
1336417502155460608
1336417481498517504
1336417430424449024
1336417376741584896
1336417203680407552
1336417139977293824
1336416989980598272
1336416658362142720
1336416488295685888
1336416431454433280
1336416394091630592
1336416345190244352
1336416298272698368
1336416078579294208
1336415953660350464
1336415922295336960
1336415907350974464
1336415692208353280
1336385853774589952
1336382428114464768
1336359905142460416
1336352445052710912
1336326352895557632
1336325390025908224
1336324973221146624
1336324928027541504
1336324516771840000
1336324482034585600
1336324464716365824
1336324433577824512
1336323864742129664
1336323797822054400
1336323766452768768
1336323720579694592
1336323578799640576
1336323567399530496
1336323487921672192
1336323470980878336
1336323445647237120
1336323422180143104
1336323409160986624
1336323394912980992
1336323380836933632
1336323365729005568
1336323342287028224
1336323328353599488
1336323311949598720
1336162322142859264
1336048658610065408
1336048105888866304
1336048072338583552
1336048033226747904
1336048005846355968
1336047993741602816
1336047972321259520
1336047962779168768
1336047946970902528
1336045673117048832
1336044676290318336
1336044607898087424
1336044562641465088
1336044137355878400
1336044087447851008
1336043957214736384
1336043937459548160
1336043923920314368
1336043897395490816
1336043844790575104
1336043635276738560
1336043603630682112
1336043567136071680
1336043522747740160
1336043245277745152
1336002439460384768
1335999157883068416
1335994962572349440
1335991809537961984
1335991763861958912
1335991739233001472
1335991701194752000
1335991306477334528
1335990787457359872
1335990710923890688
1335990688542953472
1335990646411321088
1335989045827145728
1335987998970798080
1335970428741935104
1335969775302938624
1335965007893422080
1335963325448982528
1335955189950459904
1335952158873759488
1335948067296718848
1335947811158941696
1335947620947202048
1335947509936627712
1335923082427510784
1335894553614839808
1335886585787768832
1335874825781383168
1335873921279791104
1335869101978357760
1335868571491192832
1335867818026397696
1335866780754059264
1335864262867218432
1335861860948725760
1335861846574853888
1335861516801814528
1335861482509258752
1335861331472375808
1335861297263636480
1335861243773661184
1335861166749454336
1335861064865550336
1335861051364167680
1335861031252463616
1335861006375989248
1335860926772367360
1335860868060418048
1335860833713348608
1335860784367284224
1335798543261593600
1335793887026229248
1335693650974662912
1335693040497922048
1335692911518822400
1335692900018040832
1335692868711800832
1335692857773068288
1335692778160988160
1335692764848254976
1335692747869724672
1335692658120019968
1335692517275299840
1335692332251930624
1335691813739524096
1335690875893141504
1335690734008197120
1335690565854392320
1335690534011215872
1335689567131889664
1335689542662283264
1335689403843403776
1335689377943613440
1335689321509244928
1335689247488151552
1335689157558095872
1335689135974195200
1335689120836882432
1335689091422294016
1335689067200192512
1335688578635096064
1335688210052231168
1335688192155131904
1335688179966500864
1335688168654467072
1335688148257550336
1335688135079038976
1335688085774999552
1335688007060496384
1335684668713218048
1335671125540483072
1335668494235561984
1335668153767120896
1335667775981936640
1335661527303598080
1335656761785769984
1335656448479649792
1335655190410780672
1335636475539566592
1335635848549847040
1335635480067645440
1335629805878980608
1335628200995672064
1335627997706072064
1335627547934150912
1335626883879346176
1335619049376653312
1335618011139608576
1335617856642441216
1335617338272583680
1335617208836304896
1335617187336380416
1335616217856561152
1335614794775339008
1335613642994282496
1335613472097374208
1335612617822515200
1335612589762600960
1335612557520932864
1335612455561650176
1335612420614721536
1335612343955431424
1335611437205557248
1335611422999449600
1335611393844932608
1335610697108115712
1335610631072964608
1335610614824243200
1335610391985065984
1335592092186406912
1335577558621057024
1335566992787595264
1335566454889074688
1335551886276112384
1335546154449301504
1335545923577974784
1335545874005549056
1335545816551976960
1335545781869289472
1335545747148824576
1335544944468090880
1335540891730272512
1335539054578987008
1335538608053379072
1335538564692643840
1335538427639566336
1335538373272997888
1335537911878529024
1335535131130519552
1335534907108548608
1335534865576497152
1335534649469267968
1335534602409144320
1335534290046738432
1335534275303788288
1335534264776077312
1335534214507323392
1335533431296565248
1335532762686746624
1335532737063751680
1335532682361626624
1335530346088173568
1335530202944987136
1335530186272632832
1335518924239147008
1335517006007767040
1335507100886323200
1335500793877827584
1335500781966004224
1335499773403652096
1335437905582493696
1335333547880624128
1335332896077438976
1335331242410201088
1335330069284331520
1335330058471419904
1335329984114814976
1335329937889357824
1335329685304205312
1335329675103645696
1335329639233941504
1335329434921000960
1335326174193520640
1335325434783862784
1335317811292491776
1335315881371586560
1335314066928242688
1335313704783663104
1335313167312936960
1335313037021106176
1335308557235998720
1335306779438276608
1335303801633386496
1335303354537435136
1335303025850785792
1335302440976080896
1335302197131825152
1335299910720221184
1335291164250017792
1335290559062216704
1335289513858494464
1335288291881611264
1335286773107318784
1335276586518634496
1335274106070167552
1335273849051623424
1335271957835681792
1335271942849503232
1335271882162139136
1335271836976893952
1335271813589372928
1335271794333409280
1335271710803767296
1335270964993601536
1335270657274368000
1335269041661992960
1335268745577705472
1335268136443121664
1335268036832595968
1335267823355125760
1335267801750179840
1335248857190510592
1335247893045911552
1335244482636357632
1335230748937293824
1335222879223472128
1335219386467102720
1335217834562039808
1335217751338659840
1335217550230245376
1335217454637834240
1335216686799220736
1335213881136918528
1335207767074811904
1335206533458693888
1335205676163936512
1335205405446860800
1335205118799716352
1335204791652392960
1335201679025827840
1335201334170185728
1335200736783822848
1335196160244461568
1335194346895908864
1335193953012953088
1335192944442302464
1335192717459152896
1335192476974452736
1335191932977418240
1335191782838165504
1335191771526127616
1335191698931134464
1335191565787127808
1335176194451443712
1335162707553693696
1335160041880608768
1335159989225353216
1335158060369711104
1335154673611923712
1335154504409473024
1335153328729313280
1335152911807107072
1335152808572706816
1335152553315721216
1335152421530705920
1334975751842631680
1334974948763459584
1334972738264584192
1334972719281172480
1334972705079259136
1334972661923975168
1334972643443929088
1334972568974074112
1334972543376248832
1334972527957958912
1334972499105341440
1334972483976523776
1334972472186318848
1334972458634534912
1334972427420491776
1334971296048885760
1334971176788119552
1334970657952702464
1334970613811863552
1334970402452480000
1334970370277904384
1334970298169487360
1334970189847392512
1334970114534412288
1334970064085409792
1334970004341665792
1334969961186529280
1334969685302013952
1334969479391043584
1334969047281242112
1334968908013572096
1334961084734840832
1334959584348426240
1334959542225022976
1334959516610404352
1334957939715690496
1334957292924653568
1334956256646324224
1334955690528485376
1334950530939056128
1334942965907775488
1334936897085378560
1334936675441651712
1334934573608800512
1334933160874954752
1334930468781903872
1334929112427880448
1334928528488402944
1334927945505398784
1334924060313198592
1334921729282596864
1334919961144418304
1334919574035304448
1334918038441824512
1334918016983851008
1334914424180764672
1334914407147704320
1334911708712853504
1334911632040980480
1334911321528291328
1334910107268866048
1334910085101969408
1334910073307541504
1334910061530009600
1334910026910228480
1334910006001627136
1334908632715190272
1334908619494711296
1334908601794777088
1334908584388419584
1334906942012207104
1334906885745545216
1334906858151301120
1334906839314653184
1334885297176371200
1334883891975516160
1334883026346586112
1334882985867423488
1334880894050562048
1334877770845982720
1334877003879772160
1334876877337587712
1334876774933680128
1334876520356122624
1334876505306968064
1334876490983469056
1334876457877860352
1334876344430321664
1334876269188685824
1334876105812156416
1334875897996972032
1334875617318330368
1334871802439462912
1334855224322904064
1334847206428471296
1334845846605721600
1334845190100705280
1334801341345116160
1334792958529429504
1334792927902658560
1334792701355692032
1334792552311115776
1334792017537363968
1334791923803058176
1334791903427047424
1334791674237755392
1334721538801676288
1334720520747700224
1334612516182224896
1334612477678501888
1334609943123685376
1334607837734055936
1334607824920453120
1334607762475651072
1334607684813926400
1334607671018872832
1334607616325136384
1334607549065273088
1334607532577394688
1334607509466853376
1334607446824923136
1334605688358776832
1334602418806550528
1334601793007972352
1334599083802103808
1334598788955115520
1334595891592892416
1334591512580075520
1334589105674522624
1334582714519916288
1334582113463652352
1334580262911565824
1334579720969736192
1334578100743655424
1334578036067414016
1334577355705167872
1334577159848030208
1334576895632044032
1334576845707206912
1334576706254942208
1334576409319272448
1334576389928996864
1334576346685648896
1334576246865399808
1334576228616065024
1334576207216730112
1334576048894341120
1334568191432011776
1334564837305757696
1334560678972170240
1334558528074371072
1334558202906759168
1334557761884008448
1334557149054300160
1334556477793636352
1334553807108321280
1334548574802161664
1334548550454276096
1334548530137100288
1334548083049459712
1334547957480370176
1334545296806850560
1334545240984793088
1334545050529918976
1334517937437372416
1334507057450520576
1334506789266710528
1334498690912948224
1334475889820774400
1334470599738056704
1334470539373580288
1334469201923289088
1334465581857300480
1334465468523012096
1334465162947022848
1334464905924243712
1334464886655606784
1334464864824270848
1334464830653292288
1334464626365444096
1334464346844434432
1334464294654767104
1334464253592473600
1334464230075068416
1334458989682286592
1334456740516159488
1334447605502390272
1334429968865091584
1334424239034789888
1334421624335032320
1334421484157202432
1334420217901043712
1334420133218029568
1334420036027633664
1334419630241222912
1334419590076657664
1334419417468456960
1334419378444578816
1334419366365032448
1334419351580106752
1334419340758818816
1334419327114752000
1334419310522077184
1334419264653172736
1334419218931081216
1334248082280771584
1334246527435481088
1334246481281347584
1334246471403786240
1334246372623708160
1334246363262038016
1334246296538984448
1334246235620986880
1334246182718213888
1334246161411174400
1334246152275972096
1334246124362797056
1334240429907308288
1334240412400312320
1334240402661109760
1334239783107895296
1334239142050488320
1334238808573964288
1334238759248830464
1334238684921651200
1334238515224334336
1334238480885567488
1334238431074000896
1334238268980940800
1334238162940522496
1334238138647142400
1334225800862834688
1334225777479602176
1334225591172784128
1334225572659146752
1334225520029028352
1334211700854231040
1334208510729531392
1334192693002506240
1334192605173850112
1334192531836448768
1334192104701128704
1334191742711721984
1334191728534949888
1334191711845806080
1334191695097966592
1334191081169285120
1334191038672629760
1334190950579642368
1334190929016725504
1334190674900619264
1334190263921729536
1334190231403290624
1334190137274675200
1334190110527643648
1334190091867205632
1334190049857073152
1334189743010099200
1334189693110464512
1334189635195596800
1334188830811951104
1345677076687429632
1345673079226327040
1345505662718136320
1345503776363450368
1345495249431494912
1345493845602168832
1345463695997100032
1345455945955102720
1345443182549626880
1345439122450747392
1345392986365054976
1345381277059457024
1345367820582973440
1345309668684558336
1345284930083954688
1345284083656646912
1345277542027190272
1344956210689285888
1344954901240098816
1344758548388044800
1344718951037751296
1344713644463038464
1344700414659322112
1344694489529659392
1344692309422710784
1344690700332507136
1344322793001934848
1344166685356523520
1344027445004013568
1343981899782516736
1343912435477078016
1343910876542337024
1343803367924113408
1343663854950215680
1343661712952668160
1343647457209688064
1343647413077225472
1343610618092384512
1343608652138209280
1343608571272032512
1343607959167905792
1343607869703385088
1343607817698209792
1343607771049111552
1343607084982661120
1343606103087706112
1343606015183433728
1343605450248478720
1343605401355481088
1343605354328940288
1343605312004247552
1343604631830749184
1343603666293575680
1343579243649921024
1343567139320508416
1343273474769498112
1343269361201668096
1343144669065129984
1343138814437548032
1343137686220058624
1342854321038360576
1342774974101282816
1342589445896286208
1342588882228027392
1342561283644792832
1342529715471577088
1342524841988153088
1342505068696899584
1342161717007159296
1342160911155474432
1342155874505285632
1341991615536238592
1341991484002852864
1341983161388052480
1341982446838026240
1341762465349177088
1341762362953654272
1341694296878174208
1341456514297552896
1341446936075886592
1341442334412705792
1341392964078211072
1341267816532619264
1341107146235260928
1341075500094124032
1341069763049611264
1340700767100006400
1340700717229744128
1340698901905612800
1340695261031624704
1340580143551688704
1340560588259401728
1340411354021289984
1340408321443041280
1340406496786571264
1340402946463461376
1340390991401005056
1340374575733989376
1340325487906832384
1340318953328046080
1340313440167051264
1340308054898782208
1340302572800905216
1340291304090177536
1340268302875176960
1340247417518772224
1340197210852642816
1340189902663798784
1340019966612008960
1340011680064040960
1340006421585408000
1340000913533128704
1339995761552048128
1339965825403465728
1339928943672045568
1339922717286559488
1339922037247229952
1339687704141979648
1339677788907986944
1339677713645379584
1339677103684464640
1339673832093855488
1339673777370755072
1339653745878167552
1339609818814930944
1339229033473650688
1339228643411832832
1339227097194180608
1339219851001417728
1339139400480018432
1339127523138015232
1338958227153809408
1338957713666142208
1338877113139605504
1338599701428449280
1338542239161737216
1338541859887517696
1338498083815108608
1338489164434731008
1338226273789890560
1338201902186696704
1338189493053091840
1337908498617790464
1337886763545731072
1337882948557819904
1337846531194580992
1337771211238019072
1337752298580226048
1337751480095432704
1337749173022695424
1337724088798892032
1337719052949721088
1337717780070723584
1337502234867879936
1337456001541402624
1337449590853955584
1337447987698671616
1337330092482195712
1337327899213443072
1337151362967228416
1336708216600879104
1336708060732121088
1336702616617807872
1336680302543052800
1336673965218131968
1336399484780220416
1336357467492667392
1336327004984025088
1335644922146385920
1335567334883385088
1335528221845180416
1335339363668996096
1335140257122181120
1335139354440847360
1334954048647270400
1334902472922558464
1334737314342383616
1334596521015308288
1334583304205586432
1334522438193979392
1334520412844290048
1334518359271071488
1334462865168805888
1334452909526880512
1334087321457725440
1334003964610797568
1333861075331264512
1333848076759539712
1333490185879883776
1333489890244390912
1333449024423211008
1333077392626233088
1333014918619131904
1332989733547487232
1332989680124649472
1332953782951546880
1332744418483433472
1332740418438656000
1332733051500179712
1332712225363144704
1332703455069302784
1332681495304089600
1332580888572547072
1332554675959308288
1332393323881967616
1332385577044467712
1332280655539998720
1332227502484369408
1332200937029562368
1332188680795148288
1332013047393775616
1331923645283889152
1331871778591936512
1331604825331683328
1331556767143178240
1331309485437178112
1331306598829060096
1331306068887162880
1331268768983642112
1331253926184837120
1330977489838108672
1330596958264848384
1330512146871021568
1330449145254055936
1330384895521251328
1330255523644657664
1330251888445579264
1330246152210485248
1330227619686715392
1329878287607271424
1329872582561173504
1329858977417596928
1329856347857416192
1329850616005472512
1329846437786628096
1329788978829078528
1329651670855397376
1329514799999356928
1329335555620999168
1329335334107308032
1329294948961837056
1329174777819488512
1329139485414748160
1329121221158514688
1329103928978518016
1328727161012965376
1328726420219162624
1328707507766910976
1328693455615381504
1328566539373699072
1328399411618193408
1328069367184191488
1328030040748158976
1328029874251051008
1328025550552768512
1327979747347935232
1327950594791907328
1327917032772399104
1327916837804400640
1327911494676344832
1327902446895702016
1327869478412169216
1327859930334981888
1327854875737288704
1327853944941457408
1327853605580320768
1327718024967835648
1327704825912561664
1327699220011347968
1327489366403522560
1327489076803629056
1327354107531767808
1327275647102840832
1327266667345432576
1327079446164238336
1327072971266121728
1326957905426456576
1326773566579372032
1326615531533852672
1326570377124999168
1326568334930792448
1326565308514115584
1326552389176885248
1326537272565538816
1326535168316731392
1326533245173784576
1326532211609382912
1326530998083997696
1326523975502008320
1326513967796260864
1326403291664756736
1326399957230874624
1326398482995965952
1326243396864925696
1326167616231272448
1326164554208915712
1326098293517127680
1326050737068126208
1325941548647936000
1325916341405184000
1325890335747223552
1325885100903591936
1325881124615319552
1325880324539211776
1325871681261498368
1325864623761989632
1325864428361936896
1325838062191079424
1325532885265371136
1325460372858527488
1325459448266182912
1325409411997773824
1325399761734819840
1325398949340078080
1325383696124432384
1325338140798758912
1325167178992267264
1325142350151077888
1325136032799485952
1325133214193758208
1325126395568197632
1325125265610170368
1324819208484651008
1324818635077148672
1324802097653710848
1324776755232706560
1324761851536773120
1324761146583322624
1324702418840551424
1324650864779403264
1324598057237991424
1324590264372125696
1324585539119566848
1324434330651938816
1324433473717882880
1324427987526275072
1324427848468307968
1324426808419356672
1324416854610350080
1324415666812837888
1324414998995677184
1324411604549644288
1324397304862953472
1324389752200667136
1324385858535985152
1324314850806403072
1323855748284223488
1323852835163901952
1323749522833637376
1323668045538217984
1323664612294885376
1323609467234197504
1323339170094469120
1323220237471371264
1322993144468774912
1322934092409819136
1322934000021835776
1322908811200499712
1322908771623018496
1322908738605453312
1322908706875559936
1322908677783932928
1322634362022555648
1322600858916392960
1322247183870103552
1322108024949977088
1322060713083478016
1321909282531692288
1321909150087958528
1321892613184773888
1321888905998835712
1321871530574446592
1321848695965601792
1321830091274493952
1321777836097708032
1321715146436288512
1321688226092982272
1321528177198596096
1321428310811955200
1321402149927034880
1321355752976588800
1321328980373491712
1321189941813121024
1321161986412077056
1321161189259358208
1321047381568348160
1320819921916469248
1320788634409328640
1320775606385201152
1320763752850071552
1320763640610492416
1320762374836703232
1320753581423820800
1320734252770693120
1320667997841854464
1320646903504216064
1320457461803995136
1320370432953012224
1320352078775070720
1320351869642936320
1320342858499489792
1320339625970487296
1320339534392020992
1320339388912586752
1320329686652755968
1320319036182462464
1320308361133436928
1320086520318074880
1320073467635601408
1320067391737548800
1319960539418734592
1319929559438032896
1319727609979219968
1319719947430395904
1319718458033115136
1319698527895883776
1319688706018729984
1319688652214161408
1319688608534700032
1319688555241889792
1319688420701147136
1319676825258393600
1319675699725295616
1319554867254431488
1318854047135391488
1318621126139019264
1318619951041740800
1318619511571009536
1318616953666342912
1318616918895566848
1318616886440038400
1318615235901722624
1318615144709193728
1318614555648577536
1318614280833478912
1318614186012954624
1318614072351465472
1318614036578258944
1318613683770097664
1318613670767845376
1318613610155966464
1318613427493928960
1318613316852420608
1318613276842930176
1318613234925113088
1318613180940230912
1318613149453590528
1318613105820209152
1318612023236825088
1318550265214238720
1318271866130280448
1317909693097009152
1317894926869405696
1317894416267415552
1317876998321176576
1317861265239347200
1317808718277451776
1317808672895094784
1317808585661947904
1317807821300355072
1317807784180748288
1317807707685085184
1317807680841539584
1317807654748721152
1317807627741659136
1317807096746967040
1317549465306304512
1317535249698533376
1317529761179144192
1317524622166949888
1317518113588584448
1317481469556723712
1317459861479837696
1317455307388473088
1317450455224619008
1317442778503184384
1317437144688939008
1317216487241928704
1317211506501713920
1317166802212954112
1317164416291491840
1317163269010919424
1317121984183107584
1317111334144773888
1316852134302932992
1316840014815416320
1316809244252033024
1316801941029216512
1316736118084243712
1316666144615542784
1316334665943461888
1316269259530665984
1316083124347064320
1316081720693788672
1316073945339179008
1316073901592641536
1316073846240313088
1316065493795696640
1316035634117705728
1316035576261419008
1316035534431629312
1315920644966682624
1315734875455082496
1315729046307827712
1315704140505509888
1315703812989087488
1315702757689524224
1315691121989873664
1315682386882048000
1315680977021214720
1315668588167131136
1315385936964980736
1315351718729846784
1315339296019275776
1315324679226380288
1315272174241042432
1315240494583050240
1315222782494469888
1315221492100222976
1315190339809018112
1315183505475862528
1314996488011997184
1314903002365546496
1314902405604151296
1314657499400867840
1314637958310514688
1314637150688808960
1314636109452849152
1314636078855458816
1314636032038653952
1314636007447367680
1314635939742986240
1314635912354164736
1314635885049192448
1314635862177648640
1314635828933648384
1314635805319667712
1314635778857857024
1314635752240799488
1314635725833371648
1314635698654318592
1314635662667264000
1314635637010640896
1314635610825592832
1314635583545913088
1314635557583106048
1314635532283117568
1314635503317258240
1314634947135787008
1314630774717546496
1314628395544842240
1314614636826816512
1314613213644890112
1314610168236314624
1314610049696829440
1314609976594313216
1314603823353270272
1314600698747719680
1314599033063776512
1314581956626132992
1314574755874340864
1314482658995507200
1314311174910074880
1314297540926414848
1314254251657515008
1314226002994884608
1314223454598696960
1314222669898842112
1314198560448151552
1314197419157008384
1314170752212643840
1314149361249644288
1314133385674096640
1314089677893390336
1313905317110001664
1313905228249473024
1313900542175870976
1313899223985815552
1313899183171133440
1313899129832189952
1313899088119836672
1313899040514486272
1313898994578395136
1313898943076589568
1313898858238402560
1313898816257642496
1313898728219172864
1313898650033180672
1313877026974113792
1313876858342199296
1313757336553615360
1313749839365185536
1313561835963141888
1313555908887281664
1313555834589384704
1313550148757225472
1313547809321357312
1313547626990706688
1313547595902521088
1313547506391883776
1313547444697919488
1313547406286491648
1313547374174834688
1313547309037350912
1313547275289980928
1313547233586040832
1313547110369853440
1313547084944080896
1313547056968011776
1313546951506497536
1313546904752607232
1313546863015067648
1313546815745261568
1313543775344619520
1313538541134241792
1313444407618793472
1313424336720715776
1313407341270896640
1313205660352479232
1313197902379003904
1313193058767376384
1313191423605387264
1313191325311922176
1313168718676062208
1313156516405444608
1312806397675962368
1312762408390275072
1312761002992295936
1312723171355898112
1312722963842637824
1312667507694735360
1312667318384721920
1312573215261233152
1312560021876748288
1312509768389390336
1312464230243684352
1312402397222899712
1312120077987135488
1312119635358089216
1312118744852819968
1312115682167799808
1312108648559120384
1312090127393599488
1312089889824018432
1311756674097610752
1311756582515101696
1311756559916109824
1311755409175306240
1311755144665628672
1311755122628853760
1311755096196251648
1311736062750986240
1311733534189670400
1311398481572098048
1311376874891890688
1311375705637347328
1311364513715941376
1311005393590644736
1311004276810973184
1311004197802967040
1311004157432803328
1311003089965641728
1311002337515909120
1310993523660001280
1310988827683704832
1310921936818573312
1310921749060554752
1310882377418366976
1310879319561056512
1310797009956360192
1310796753957007360
1310793291064115200
1310638727828566016
1310636257760903168
1310625442253201408
1310621438320222208
1310619823647461376
1310605306486050816
1310603955353850112
1310601425907527680
1310563193941622784
1310555798242840576
1310492179211718912
1310474331831644160
1310304403728072704
1310292112165003264
1310208814873010176
1310182261657083904
1310103459937619968
1309893423902711808
1309888803683864576
1309887897953333248
1309887204005683200
1309876362942046208
1309876016794537984
1309875525335171072
1309875328005873664
1309873622434144512
1309870579684724736
1309868355453677568
1309861512782077952
1309753185997914112
1309753128741412864
1309578240235888640
1309572324203597824
1309564098632396800
1309557266518028288
1309551515867254784
1309549622579388416
1309507396507664384
1309437077554188288
1309405792941019136
1309390153924964352
1309230974996303872
1309230810374057984
1309188008147550208
1309117237903712512
1308803268961800192
1308788133891276800
1308780399632449536
1308764494932385792
1308748410506313728
1308372966875500288
1308284478960275712
1308150111097290752
1308124506876076032
1308068598943043584
1308068570400788480
1308060748044734464
1308032993336975360
1308030591967911936
1307998253254926336
1307741121955627008
1307737017942528000
1307684849956917248
1307609819784904704
1307609445711610112
1307403833316986880
1307397792399228928
1307397059838791680
1307340422801436672
1307316201417314304
1306999783568146432
1306992388452343808
1306992324342411264
1306992275927511040
1306992238606643200
1306992208718028800
1306992157035765760
1306992116367847424
1306992078925238272
1306992047228936192
1306991994527457280
1306991965272264704
1306991932179177472
1306991904207273984
1306991569715826688
1306991507669475328
1306991419064803328
1306991188067614720
1306991164441210880
1306991117628592128
1306991089522540288
1306991031758586112
1306990995402260480
1306990962963554304
1306990942013075712
1306892777691713536
1306881567730667520
1306880834935418880
1306833272744357888
1306833229668921088
1306833175805648896
1306833137918410752
1306833090514477056
1306673958834536448
1306612841659629568
1306270868700569600
1306268198074028032
1306268155887616000
1306214775970554112
1306208833199583232
1306153851767185408
1305856744149708800
1305841666868367360
1305603253820895232
1305602480366071808
1305594310625308672
1305590623978827776
1305586416974524416
1305405442529652736
1305215349726552064
1305156014044577792
1305144865383162112
1305127362405769216
1305125651939299328
1305123073612447488
1305118557961846784
1305117630232252416
1305044066925793280
1304856141558669312
1304786349283840000
1304779551361454080
1304758977931227136
1304757741014089728
1304450263567265792
1304444085282000896
1304438906696368128
1304438682947125248
1304432943084048384
1304427716188479488
1304426903252725760
1304426824638881792
1304426733114986496
1304426671370653696
1304426624511815680
1304426556375392512
1304426508233125888
1304418952383209472
1304415906609745920
1304414630190743552
1304413719745753088
1304411375830266112
1304410400650399488
1304363079011119104
1304323009000415232
1304166194094714880
1304149286658150400
1304134289773260800
1304134264817152000
1304134173305831424
1304134144524455936
1304134113352396800
1304118441264263168
1304114655690883072
1304112047634952192
1304109469232754688
1304089729458204672
1304089643051290624
1304077901281873920
1304045374286561280
1303979296004935680
1303947924431347712
1303947273165058048
1303946686109286400
1303946461235863552
1303943162914897920
1303937469566652416
1303937309419675648
1303929770300899328
1303919831788421120
1303789450145787904
1303771543319842816
1303770584468385792
1303741219680464896
1303732480986546176
1303730158419968000
1303729668437299200
1303724903527600128
1303721395206193152
1303720249540346112
1303715696216596480
1303447117776719872
1303445039666864128
1303437814894338048
1303431835712655360
1303397857140109312
1303348151093530624
1303348110576381952
1303347988895535104
1303345540978147328
1303344949954596864
1303344691333693440
1303344557598420992
1303343539439448064
1303343516337287168
1303343472737386496
1303343451770150912
1303343421428506624
1303343399924359168
1303343375710588928
1303343348577636352
1303343327106994176
1303343303488942080
1303341969213718528
1303340266309517312
1303337481606230016
1303336014132531200
1303333680094605312
1303331195346968576
1303008018846679040
1303007466150600704
1302951411014041600
1302951362112770048
1302951322719784960
1302906667064004608
1302905349951950848
1302891843873640448
1302891759257686016
1302891733542416384
1302664646768439296
1302662399166566400
1302662069670600704
1302656290733330432
1302650605471780864
1302594054144888832
1302588808475693056
1302565322260721664
1302338083665346560
1302333246315941888
1302331792477827072
1302328855529693184
1301971958410743808
1301953570124767232
1301950544362307584
1301945639144652800
1301928188537376768
1301853252133191680
1301846232948670464
1301746882490912768
1301717494017687552
1301549255014875136
1301547856009064448
1301402536394600448
1301388619379339264
1301299046116667392
1301102002102046720
1301101659670675712
1301082179942965248
1300920914566144000
1300892515386753024
1300889280412291072
1300889222287634432
1300878032496930816
1300868576941871104
1300867907862302720
1300856073277132800
1300856011708862464
1300853982554976512
1300830575884939264
1300793989403205632
1300793736834821888
1300793318184542208
1300679671244300288
1300671150620635136
1300667525559181312
1300543915100180480
1300532611677380608
1300512607875600384
1300506451778113536
1300503797312225280
1300500131054333952
1300499746034012160
1300461072307163136
1300460943034535936
1300422068530548736
1300419223051808768
1300418667528826880
1300321276326801408
1300173965013512192
1300144708971196416
1300130180288086016
1300129173873319936
1300126211277025280
1300107522502807552
1300025869575036928
1300024372170829824
1300022711104790528
1299784103747899392
1299784076132483072
1299784004703531008
1299778161492852736
1299778114692820992
1299778084061798400
1299774520073637888
1299773536081522688
1299773477348663296
1299773442284310528
1299773389251530752
1299773363989209088
1299773327590993920
1299773301523447808
1299773263963459584
1299772228339461888
1299768418464419840
1299768366320816128
1299766287615373312
1299734899990163712
1299723818571886592
1299710362057691136
1299619398538407936
1299424656705941504
1299411621689856000
1299407408360554496
1299406164489310208
1299358003754348288
1299303450287788032
1299296846834262016
1299291176177217536
1299245197117845504
1299080122390249472
1299078909733019648
1299078198030893056
1299077365885272064
1299075765988986880
1298746440244756480
1298717920286015488
1298690401558200320
1298379435419238400
1298352880546656512
1298348219773194240
1298347831451951104
1298340455298588672
1298335114804580352
1298332583747608576
1298330126233600000
1298330096030425088
1298330065885892608
1298330027667464192
1298329933358469120
1298329199166599168
1298326855070748672
1298250655417720832
1298245477276803072
1298245185634275328
1298244479204364288
1298223216234831872
1298221377854595072
1298173901130862592
1298172043905699840
1298162743057485824
1298007646193299712
1297995116196573184
1297988621845368832
1297984219243843584
1297982299926126592
1297976897389965312
1297964371512102912
1297911714252546048
1297909354931335168
1297798477481746432
1297547735441330176
1297547580138807296
1297547572635217920
1297546209528360960
1297535887908249600
1297509698665623552
1297265616445939712
1297256103265411072
1297228210539814912
1297138564929654784
1297114593752428288
1296778536070643712
1296777532239417088
1296563414916104192
1296533158536585216
1296532716742160384
1296432737377804288
1296431208453283840
1296389294362447872
1296388289474298112
1296193582492196864
1296190684031066112
1296158341945864192
1296114285618307072
1296114226512179200
1295941217533001728
1295836369319845888
1295796142429667328
1295787874365784064
1295784845495459840
1295737947216654336
1295450359792644096
1295374387634483200
1295347827015639040
1295320836468084736
1295312792698982400
1295284676509278208
1295115418038919168
1295105152056205312
1295104672286605312
1295103697438089216
1295076111181910016
1295045705401344000
1294993656131333888
1294988618700918784
1294986943076466688
1294986126764183552
1294984614524715008
1294981094182354944
1294863846197342208
1294269600834740224
1294268191934418944
1294199780185448448
1294197884875931648
1294190640507609088
1294190504989659136
1294189067261956096
1294188542680325888
1294186795907928064
1294183940689977088
1294181105063661568
1294180242471387136
1294178965817622528
1294026165070573568
1294019423049842688
1294008799787974912
1294006529759354880
1294004986314186752
1294003307824939008
1294001796474712064
1293998144565530624
1293997136439390208
1293996745475739648
1293992734571859968
1293992645988155392
1293990646445989888
1293990185160650752
1293989306198102016
1293987762228559872
1293984090367176704
1293984032271863808
1293983026075127808
1293980485291581440
1293978670495932416
1293977205824004096
1293950227158892288
1293948714034307072
1293948635487571968
1293948442423721984
1293940167594713088
1293940104076103680
1293940040754769920
1293939978150584320
1293939914413875200
1293939738328674304
1293939706523193088
1293939662550175488
1293939630040113152
1293939559982563328
1293939535445929984
1293939356835643392
1293939326707998720
1293939291228381184
1293939246819168512
1293939220826947584
1293938912583389184
1293938863237410816
1293938748607082496
1293938675995365376
1293938570168807424
1293938531824537600
1293934605356212224
1293934522120245248
1293914720282370048
1293914678565863424
1293914593358565376
1293914552380211200
1293914448843796480
1293913501186965504
1293913293074006016
1293913245330231296
1293913198744150016
1293913160777269248
1293913131333242880
1293913100949680128
1293913061074407424
1293912883886080000
1293912737156743168
1293912317466296320
1293912267453378560
1293912230900031488
1293912190034952192
1293912150096752640
1293912108006965248
1293912064033845248
1293912016076148736
1293911963873898496
1293911920735482112
1293816654208684032
1293797127320211712
1293795522038431488
1293622620764528640
1293622305768300288
1293622195034427392
1293619365728968704
1293619270547582976
1293619060119351296
1293618805483216896
1293618755239542784
1293616870990458880
1293615322642165760
1293614720235315200
1293614605671989248
1293613836428292096
1293613785115131904
1293613643825925888
1293613344092565504
1293613283589730304
1293613228724035584
1293613187057815552
1293613136268988416
1293613101426892800
1293612082017992704
1293611650516504576
1293611583134994432
1293611493959905280
1293611453639987200
1293611423189303296
1293611397281177600
1293611067181084672
1293609485878145024
1293608644135792640
1293601567279656960
1293601474228912128
1293601352132812800
1293601290661003264
1293601218024153088
1293598869691994112
1293579149647523840
1293579027953967104
1293578981749542912
1293578354243834112
1293578287550271488
1293578227630440448
1293578181782495232
1293578153030553600
1293576858206908416
1293569732281589760
1293569635644735488
1293569455528783872
1293569362469752832
1293569287614013440
1293559233384939520
1293554867139751936
1293554177751355392
1293553655195541504
1293553619783032832
1293553512639614976
1293553400341311488
1293550290562617088
1293544204149366784
1293497675879452672
1293294664120819712
1293288947351773184
1293284880416112640
1293281847489826816
1293268205117616128
1293266964840841216
1293266497817772032
1293266471808901120
1293266367219720192
1293266339147243520
1293266308721717248
1293266282398339072
1293266257140219904
1293266229319405568
1293266195316170752
1293266169756033024
1293266095382630400
1293266061064916992
1293265991850483712
1293265961240481792
1293265933155303424
1293265895851200512
1293265857649561600
1293265833876127488
1293265807137538048
1293265784417013760
1293265755962826752
1293265729232547840
1293265703609540608
1293265660026523648
1293265627164168192
1293265598848393216
1293265567206580224
1293265535820599296
1293265508406571008
1293265481768501248
1293265456208510976
1293265429847322624
1293265402458443776
1293265367763169280
1293265339258736640
1293263404854120448
1293260033288003584
1293255628652253184
1293239118353375232
1293214765326663680
1293133247292092416
1293130071662829568
1293101309525217280
1293101129816039424
1293090509062385664
1293090427378307072
1293090220594933760
1293046181191352320
1293046102812504064
1293046045635747840
1293045971006480384
1293045921547255808
1293045871580504064
1293045817880837888
1292947929322401792
1292947882606243840
1292947839945973760
1292947803401064448
1292945261199851520
1292942782043168768
1292939923729854464
1292938458500083712
1292928887803052032
1292928782702174208
1292928715324874752
1292928675013365760
1292928542272032768
1292922391937593088
1292920703583432704
1292917628936376320
1292917585781153792
1292916549402136576
1292913492585074688
1292913461526224896
1292913431495008512
1292913391779053568
1292913362477690880
1292913331293106176
1292913299110191104
1292913272849674240
1292913242810056704
1292913197675053056
1292913119791140864
1292913085032923136
1292913056712921088
1292913021505986560
1292912974580068352
1292912943055724288
1292912876718620672
1292912846427369472
1292912747567616000
1292912043910201088
1292909066340245504
1292908506438348800
1292907747978153984
1292907609582981120
1292905229269204992
1292904614103322624
1292904569761136640
1292904526190706688
1292904452161187840
1292904361727860736
1292904204600827904
1292904143623946240
1292904023817949184
1292903898685022208
1292903804946526208
1292903668765908992
1292903438255259648
1292903374707396608
1292903356160192512
1292903295128936448
1292903256713297920
1292903210802450432
1292903151805366272
1292902982284193792
1292900264685588480
1292899214079537152
1292897855422816512
1292897243784253440
1292896041050800128
1292893591124299776
1292893218003181568
1292845334268391424
1292827078644113408
1292811128570032128
1292734318872342528
1292733450298982400
1292733328819466240
1292721397920342016
1292720996231897088
1292556837410279424
1292499826693767168
1292486123642671104
1292485914720194560
1292484947907874816
1292408158359609088
1292408076507676672
1292357841626570752
1292157762965835776
1292125771738341376
1292002539337134080
1291989757501886464
1291964942292328448
1291840005745324032
1291839379611295488
1291839333352255488
1291839236145057792
1291837962804768768
1291837916935794688
1291837877299617792
1291837835251720192
1291837797846974464
1291837353791758336
1291837276327157760
1291837226347835392
1291837073037709312
1291837007505903616
1291836926920732672
1291836880795860992
1291836835010928640
1291836706015064064
1291836593582551040
1291836550079303680
1291836520169722112
1291836487772901376
1291836447868280832
1291836413445578752
1291836387826728960
1291836345489424384
1291836316896899072
1291836258466042112
1291836177641811968
1291836082246627328
1291836038353231872
1291835981310627840
1291835794571833088
1291826349066379264
1291824132187779072
1291819372118454272
1291816654989602816
1291815730984488960
1291813946815582208
1291793034221363200
1291790276047101952
1291790179146117120
1291789763406684160
1291789706733203712
1291748841067352064
1291708035581321216
1291651856410828800
1291450925475868672
1291447892377579520
1291446247396642816
1291094901338382336
1291077543139958784
1291067212715962368
1291065975635402752
1291017003625590784
1291005763587133440
1290988981354746112
1290988940313407488
1290988900006138112
1290988876199350272
1290988513169682432
1290988379614650368
1290988283804123136
1290984325773697024
1290984278935965696
1290940649341157376
1290940555518672896
1290940340929691648
1290940266006929408
1290939966604947712
1290939861596360704
1290939796974637056
1290939635808559104
1290939401141456896
1290939343025078272
1290899102214094848
1290898826337886208
1290898764950114304
1290898707647467520
1290898655428435968
1290898557126479872
1290898442622033920
1290761266357821440
1290756999282556928
1290752107331702784
1290711168680693760
1290684209615515648
1290631528503017472
1290618667521183488
1290618466668613632
1290612995530338304
1290404936287694848
1290401516831088640
1290192116614799360
1290190130666328064
1290181843426226176
1290062041802248192
1290061350526316288
1290038364591120384
1290028654693556224
1290020403545399296
1290011815410245632
1289992312487960576
1289986499912462336
1289927183603920896
1289831289097314304
1289826144259194880
1289635237522153472
1289464116302643200
1289455349477474304
1289293629509365760
1289292665742405632
1289292404776767488
1289292098097647616
1289291534152552448
1289287151721558016
1289283071900958720
1289217697729765376
1289213131772899328
1289199177176502272
1289181274834231296
1289180803998445568
1289178714287177728
1289160673667276800
1289148198506856448
1289129349002792960
1289128112869998592
1289127607288639488
1289113803691622400
1288939865464344576
1288936911025909760
1288936331318616064
1288934912310026240
1288932616612335616
1288930668676894720
1288930468298207232
1288929979028430848
1288926346744397824
1288924931770789888
1288923433561198592
1288919744616243200
1288918740684480512
1288917970803204096
1288912514328272896
1288911808997335040
1288909773103149056
1288909296722485248
1288906836926771200
1288897417916616704
1288896361375703040
1288895621890478080
1288895047413399552
1288895043475050496
1288895037271683072
1288894988793913088
1288894975988703232
1288894959505100800
1288894940559413248
1288894921630535680
1288894833130643712
1288894815237808128
1288894794597531648
1288893291967197184
1288893256814796800
1288893138115985408
1288893073070661632
1288893051880996864
1288893018544709632
1288892957375037440
1288814776844419072
1288773575684521984
1288773533552848896
1288773180803485696
1288773145739112448
1288773110884442112
1288762575350620160
1288762374799990784
1288762310526488576
1288762263017594880
1288762210077093888
1288762154280263680
1288762106578436096
1288762069622427648
1288761960754896896
1288761915267854336
1288761880077643776
1288761533770735616
1288761219575435264
1288743955664982016
1288743836160860160
1288739071439843328
1288734359034503168
1288734305557127168
1288734251194687488
1288734198854017024
1288590550732546048
1288586396018638848
1288586032473165824
1288585987090714624
1288585943893651712
1288585897060052992
1288583848360640512
1288551214259621888
1288550647860809728
1288550026348814336
1288549687600062464
1288548476649967616
1288547520780656640
1288547340664688640
1288546410208669696
1288541810151821312
1288442078867972096
1288413440525119488
1288412229042417664
1288412108561022976
1288411447651971072
1288409593165602816
1288407432230768640
1288406741902860288
1288404822119583488
1288402617161461760
1288399669127712768
1288399618129178624
1288399480543482112
1288399396728639488
1288398370428649472
1288377476914262016
1288377354549682176
1288377191189839872
1288376579220033536
1288361754653753088
1288340214709092352
1288190222203858944
1288187632028131328
1288187312904577024
1288187225423982592
1288187169698451712
1288186706555019264
1288186656940593152
1288185048114528512
1288184414913142784
1288184308734320640
1288183939354497024
1288183926620655616
1288183866059087872
1288183788846174208
1288183745590235136
1288183725986066432
1288183231926411264
1288183114540421120
1288181980455108608
1288181904177606912
1288181859126583296
1288181848967917568
1288181697985556480
1288181451863842816
1288181415700504576
1288181361719816192
1288181344275767296
1288179950181330944
1288179935430025216
1288179537835184128
1288179503370469376
1288179452648751104
1288179383052709888
1288179291411419136
1288179046480859136
1288178812598067200
1288178798354214912
1288178095707557888
1288178081539198976
1288178009757946112
1288177994708680704
1288176757888159488
1288176188012269568
1288175807232380928
1288175795828142080
1288175559953047552
1288173568719716352
1288040809149890560
1287991867431366912
1287861898642423808
1287861316456271872
1287860644646138112
1287859394869420032
1287858853443514368
1287857022713594112
1287855787637907712
1287855214691782912
1287845171451826176
1287844762024849408
1287844589630611712
1287842899841998848
1287842816220110848
1287838492412784640
1287837621025112064
1287837082954670080
1287836612882292736
1287836331922644992
1287835014072356864
1287834692796985088
1287834636366876672
1287834601222807552
1287834533119827968
1287834457592999936
1287834357835669504
1287833912849375232
1287831493436481536
1287831135809134592
1287831021413634048
1287830138764365824
1287827310897438720
1287826210966437888
1287826193954287616
1287824282257707008
1287824135897452288
1287823507678801920
1287822788305321984
1287812838694715392
1287718003438768128
1287710118902210560
1287671938618466304
1287660907959668736
1287660806109356032
1287660587170897920
1287491960614326272
1287491246894780416
1287463938402193408
1287458909712719872
1287450485172195328
1287448788035149824
1287446553939062784
1287440676804858112
1287437686672949248
1287435836158627840
1287435589193793536
1287435420674990080
1287432874027888640
1287429803545591808
1287429160290451712
1287428762334830592
1287428695104401408
1287428651898810368
1287427851587932160
1287427507227185152
1287427234488299520
1287426987540258816
1287426271237087232
1287426043087904768
1287425693354254336
1287424831076605952
1287424620912611328
1287392155900706816
1287386226018996224
1287379036726075392
1287376589739655168
1287268638635053056
1287266674656391168
1287157100901261312
1287154546381291520
1287153556345311232
1287151300757590016
1287122571545260032
1287111203156824064
1287110591363059712
1287109852402196480
1287109692032987136
1287109636982743040
1287109594855157760
1287109290692575232
1287109223864832000
1287107634148134912
1287107336708988928
1287105046124134400
1287102828998283264
1287100678024957952
1287096579288174592
1287096479279206400
1287095133213786112
1287093818265948160
1287093143674982400
1287092624097193984
1287092309352484864
1287091593804120064
1287089034532134912
1287067498182057984
1287063828589613056
1287043717774356480
1287043605610340352
1287043568411049984
1287039926664601600
1287039515228622848
1287039270658744320
1287038004956209152
1287029173517791232
1287008872646029312
1286967143360274432
1286966737762766848
1286966516940976128
1286966454680772608
1286947057362755584
1286946739249917952
1286946399947546624
1286946321438576640
1286945709342830592
1286945628799537152
1286945346355171328
1286945193535643648
1286945125197910016
1286940740682162176
1286940652534726912
1286940586583494912
1286940523249446912
1286940459542224896
1286940396690571264
1286940251076931584
1286914145556795392
1286776762328920064
1286776673866833920
1286770419689820160
1286767169448169472
1286765440644124672
1286762601003864064
1286762384934293504
1286762033522843648
1286761985955319808
1286761751321640960
1286752625011109888
1286752438398136320
1286750136106983424
1286747896021426176
1286745459906748416
1286744767032897536
1286744630927687680
1286743846248996864
1286743779291156480
1286743312972554240
1286743140330885120
1286740799854608384
1286740725338603520
1286740611719208960
1286738579805405184
1286738532262969088
1286738364784312320
1286738132185079808
1286738000093872128
1286737864722731008
1286737852525694976
1286737613097971712
1286736854625157120
1286736759481610240
1286734527063359488
1286734457517506560
1286734248557379584
1286734177275191296
1286734034492698624
1286733807337574400
1286732230618951680
1286731375379456000
1286731238737403904
1286730900617732096
1286730778936856576
1286730688616595712
1286730364698992640
1286730004383047680
1286728822746951680
1286704295946133504
1286700776119836672
1286699048339210240
1286697885065674752
1286697529405579264
1286696645397274624
1286696219230838784
1286693068360552448
1286636287420760064
1286634302915194880
1286633548150181888
1286633463509131264
1286632253573992448
1286630851955040512
1286630048083083264
1286629954583703552
1286629819673968640
1286625358784204800
1286617311005356032
1286611648170557440
1286593795971256320
1286593579109044224
1286586163755651072
1286579231686889472
1286579184597377024
1286575969155915776
1286575860695392512
1286575794018554112
1286575759969128448
1286575698036097024
1286575645565300736
1286575598844944384
1286575550430150912
1286575495124004864
1286575446394535936
1286575407676915712
1286575363045425152
1286574350053892096
1286571146582712320
1286542655288233984
1286440348160581632
1286431500624371712
1286431320885919488
1286431265961410560
1286431222932045824
1286426299360256000
1286425296275636224
1286421064814395392
1286419790027010048
1286415691231502336
1286415224170516480
1286411535385079808
1286410850790711296
1286409960897810432
1286408396221100032
1286404742990532608
1286402672946548736
1286402236621488128
1286402144170631168
1286402110939189248
1286402069432344576
1286400993954062336
1286390497561452288
1286390407685910528
1286389023703957504
1286388867357122560
1286388651275034624
1286382255095664640
1286362750697066496
1286362251558084608
1286359578100277248
1286359344402116608
1286359089522581504
1286359038977019904
1286358992227377152
1286358910035808512
1286343783605575680
1286343467740913664
1286340598354644992
1286335367763951616
1286332795309232128
1286332299559173888
1286330367490785280
1286330264684240896
1286330131288600576
1286329987633684480
1286329799196254208
1286328145294106624
1286328093171384320
1286328049609379840
1286290332364283904
1286287470280179712
1286287190545305600
1286280592745795584
1286280476890738688
1286280399812005888
1286280307075952640
1286280160786944000
1286280086325465088
1286245380934512640
1286245314219761664
1286245262965575680
1286243500397342720
1286243382537457664
1286243309023789056
1286235163240943616
1286235022408798208
1286234925818052608
1286213129597329408
1286212715573370880
1286212430281027584
1286212357027500032
1286212235124264960
1286212139691147264
1286212071760289792
1286211988402692096
1286194121594540032
1286193450623410176
1286141736218234880
1286036661537734912
1286036574355042304
1286030910610178048
1286029392896983040
1286029142136434688
1286028966164299776
1286025631206080512
1286023790019973120
1286023749679099904
1286023496620015616
1286020497793318912
1286018909196386304
1286018643906760704
1286015549584166912
1286012642633625600
1286009309994856448
1286004527561412608
1285954397814562816
1285949818205069312
1285949723992612864
1285944669415800832
1285944632468279296
1285944582874771712
1285944530240507904
1285944475743920128
1285944428088176640
1285944274023063552
1285944211171311616
1285944104753467392
1285943966194642944
1285943913124188160
1285943832262172672
1285921932215451648
1285920657600131072
1285918250153521152
1285918184466460672
1285918144184426496
1285918101545025536
1285918059895685120
1285911590273941504
1285908777343094784
1285900352144003072
1285900273311940608
1285900203195871232
1285900080927604736
1285900015001571328
1285879835743617024
1285879766395084800
1285867107155091712
1285867034891485184
1285866982747898112
1285866947939270912
1285858956154372096
1285855874318311424
1285855696362274816
1285855530699948032
1285671185884356608
1285666743428493312
1285665647775621120
1285662039361421312
1285661329970405376
1285660843431141376
1285660133209538560
1285653719296757760
1285653379587473408
1285652975621419008
1285650990188945408
1285650622277136384
1285649197358895104
1285648576530526208
1285648316479557632
1285647524016128000
1285646470880911360
1285646201950437376
1285645971230199808
1285645884814958592
1285645874970996736
1285645237747159040
1285644884448292864
1285644615199203328
1285643466274476032
1285643126200307712
1285642250404409088
1285638151701245952
1285637609457418240
1285637028764421888
1285636979351314432
1285636671132835840
1285636586735050752
1285636419969572864
1285636328315596800
1285635743000465408
1285635640894382080
1285634445068967936
1285634375917490176
1285634303863459840
1285634240760229888
1285634153254465536
1285634020177584128
1285618244460711936
1285618182255005696
1285607687506493440
1285607646771450112
1285607549014888448
1285606545619918848
1285606478985007104
1285606453416427520
1285605367771099136
1285604531074719488
1285604151221784576
1285603280450727936
1285603024480751616
1285601144602087424
1285594175812120576
1285593612529606912
1285591667408621568
1285591619245412352
1285591438395351040
1285590677796130816
1285588635673338112
1285588446560624640
1285586878792708096
1285585951461462016
1285569322698649600
1285561558010126336
1285560848447090688
1285560596977549312
1285560463221301248
1285559757064019968
1285559585470910464
1285559344969527296
1285559201784356864
1285559044724404224
1285558922619817984
1285558811466637312
1285558700380491776
1285526258886074368
1285525145075973888
1285521613551697920
1285520749814517760
1285520625990356992
1285520479697207296
1285520413938909184
1285520368904609792
1285520326152130560
1285519880561864704
1285519712437362688
1285519637355147264
1285518954493075712
1285518883470733312
1285518872939036672
1285518700184051712
1285518658253586432
1285514981270789888
1285514931920609280
1285514853139054592
1285514790257987584
1285514699820474368
1285514604660097024
1285514464817709056
1285514385327300608
1285514258923630592
1285514123233701888
1285510342588669952
1285492851422441472
1285492802567188480
1285492153863544832
1285331251281485824
1285308371739054080
1285298897636687872
1285297533934346240
1285294941359529984
1285293801431535616
1285290568294313984
1285289718280867840
1285287920694329088
1285286990599065600
1285285828600770560
1285282954806267904
1285282754582712320
1285278192874422272
1285276175460454400
1285275821637275648
1285275752267763712
1285275459337494528
1285275075189637120
1285274903990677504
1285274604928466944
1285274219815800832
1285273814637719552
1285273752352284672
1285273700405858304
1285273446151344128
1285272391648776192
1285271785341059072
1285271626397954048
1285271497184088064
1285270264247443712
1285269910793392128
1285269682610724864
1285269219274301440
1285269160470228992
1285269098490888192
1285269018027360512
1285268932258136064
1285268695024050176
1285266630654799872
1285265983335211008
1285265301760868352
1285265130540994560
1285263368224481280
1285263274423078912
1285263101923921920
1285263030784319488
1285262987184545792
1285262421616140288
1285169295752929280
1285164474652069888
1285148904355508224
1285148635894865920
1285148584774688768
1285148519939158016
1285148458601590784
1285148367945895936
1285140846640336896
1285139153785626624
1285139087779930112
1285137957989560320
1285137634176782336
1285126978606190592
1285126568029946112
1285126488044511232
1285126411867631616
1285114011923755008
1285102367629807616
1285089054401466368
1285088639890980864
1285085253858660352
1284964423501742080
1284956088669003776
1284955561130434560
1284955503785910272
1284955476170625024
1284953062130552832
1284952966898888704
1284952545685839872
1284944941660209152
1284943126172512512
1284941991713873920
1284940327065915392
1284940267758456832
1284939337646460928
1284939228963643392
1284939166304919552
1284939045844529152
1284938976923496448
1284938899257806848
1284938831704325888
1284933811244019712
1284933559355150336
1284933487246684160
1284921565432492032
1284921334385057792
1284920843836035072
1284918994475024384
1284918951026339840
1284918646712696832
1284916030775623680
1284915225561567232
1284915027003269120
1284913685169868800
1284912867729444864
1284911018527924224
1284910967869120512
1284910742404304896
1284910443614441472
1284909478526230528
1284909142239477760
1284906887721504768
1284905419803172864
1284904319377182720
1284900613097226240
1284893299476701184
1284885191757004800
1284883583602167808
1284880637355274240
1284874254580879360
1284874210234576896
1284830282173079552
1284827653208453120
1284797921507135488
1284794334865481728
1284774103703064576
1284773591037480960
1284772620928528384
1284772108233437184
1284771120248434688
1284603410566860800
1284603299703009280
1284602999231455232
1284601088973459712
1284600924669960192
1284600681152864512
1284597343426433024
1284594016126894080
1284592112248422400
1284592055919038464
1284587783017963520
1284586270921052160
1284566950597754880
1284563117536575488
1284560989221003264
1284560272028577792
1284555323844501504
1284555261286457088
1284554293153091584
1284554229559034112
1284554173351112704
1284554073262501888
1284553896300556288
1284544457506009088
1284542140912107520
1284542001787154432
1284541061268860928
1284540378994159616
1284534267213750272
1284532028902440960
1284531835247251712
1284528003498860288
1284511761291501568
1284510588656394240
1284509800357822464
1284509779386347520
1284502638269267968
1284502583693004800
1284502079097245696
1284501224570654720
1284500185033379840
1284498188930613248
1284497996298805248
1284493424494809088
1284485118212661248
1284450630459895808
1284450246429466624
1284428603472719872
1284428304557244416
1284423448455000064
1284410606037143552
1284399753741180928
1284397154476359680
1284395834679992320
1284395439064850432
1284392748158791680
1284362144453136384
1284227973332316160
1284214987171475712
1284212972122976512
1284212650243756032
1284211839140868096
1284211683666341888
1284211016264548352
1284210609597358080
1284208811058909184
1284206264516476928
1284205529796087808
1284204598513799168
1284204339096059904
1284203651335151616
1284199220782731264
1284198627095851008
1284190087870394368
1284188077955719168
1284187636614275072
1284186272488214528
1284185442997370880
1284185442963906560
1284185030336688128
1284184976506925056
1284184924493434880
1284184844591824896
1284176913829974016
1284176283912622080
1284173601512599552
1284171082581397504
1284170836593737728
1284170699771387904
1284156211189997568
1284087909629517824
1284087767685836800
1284077033572704512
1284055775640510464
1284055750093012992
1284051946408730624
1284051890360201216
1284051820038561792
1284051535153057792
1284051417435701248
1284036509230936064
1284036334437507072
1284036287700312064
1284036243890876416
1284035471920832512
1284035422771871488
1284035359370883072
1284028863878762496
1284028632063713280
1284028325833433088
1284028246250655488
1284014583225749504
1284014480175837184
1284012277327376384
1283881934167445504
1283878943536414720
1283865635408183296
1283864050393321472
1283863897515204608
1283863830481772288
1283849681060143104
1283848555476799488
1283846653926138112
1283845670844207104
1283842818478411776
1283842657979109376
1283841455962968064
1283837474024960000
1283837423135404032
1283837364092178432
1283837333461180416
1283835354823429888
1283834879466180608
1283834800491692032
1283834650130030592
1283834562221608960
1283834503069339648
1283834432697315328
1283834353886334976
1283834276656615424
1283834125242241024
1283834034137726976
1283833951245737984
1283833896589832192
1283833821784399872
1283833759192821760
1283833692239142912
1283833575377375232
1283833479382347776
1283821702053605376
1283821666888556288
1283821609879560192
1283821533752971264
1283821500848656384
1283821466493095936
1283821437351067648
1283800381999460352
1283800328475938816
1283799914556919808
1283798112201580288
1283797733980217088
1283797360058028032
1283797258291609600
1283797188779401216
1283797135767601152
1283794114446753792
1283791200215064576
1283790856802230272
1283777444462330112
1283776899324485632
1283775805932343296
1283775540030132224
1283775359465541632
1283774881885310976
1283774596722958336
1283769190533468160
1283768979014721536
1283768842473345024
1283768812781940736
1283768548767170560
1283766323781279488
1283764466685968384
1283763775980687360
1283763644220702720
1283762301410201600
1283743765577039872
1283743412160790528
1283742070260273152
1283741731478003712
1283685404407934976
1283685291832815616
1283685186820100096
1283685112077594624
1283680510687039488
1283680263105589248
1283679504137965568
1283679031947333632
1283667840080531712
1283664866977423360
1283510358032949248
1283505636102340608
1283502147980664832
1283501287221403648
1283501049127546880
1283499292418810112
1283499016966348800
1283496902198210560
1283494338274762752
1283489414640021504
1283481147960426496
1283479088238407680
1283478743734984704
1283478094058225664
1283476211889590272
1283476037087703040
1283475827796172800
1283475800562565120
1283475759613476864
1283475484924432384
1283475435481948160
1283475401008914432
1283473779495186432
1283469785913851904
1283468708669796352
1283462888011726848
1283459212966862848
1283444821718454272
1283444171647459328
1283443526827741184
1283437671306665984
1283423855567134720
1283423743994482688
1283423686381510912
1283423624557461504
1283423573588271104
1283423530349146112
1283423320789180416
1283423001837436928
1283422797168029696
1283422675315183616
1283422534046814208
1283422472738668288
1283363993726390272
1283363699869265920
1283363605468127232
1283363574031814912
1283363421703020288
1283363329516470272
1283353042310569984
1283352986836705280
1283352947754229760
1283352894222282752
1283351390983647232
1283351325586214912
1283345774034771968
1283345410141061120
1283340780019515392
1283339958565117952
1283339742587744512
1283339224935288832
1283339118299283712
1283338582883815424
1283338536670953472
1283338275927871488
1283338202552696832
1283337845361520640
1283337565488263168
1283337539470925824
1283337053279748096
1283336646486876160
1283336575208890368
1283336368131891200
1283332545162158080
1283330042546790400
1283329892923453440
1283329795183566848
1283329711922466816
1283329516560166912
1283328930443784192
1283328892128972800
1283328750659284992
1283328640672030720
1283328501559459840
1283328299708690432
1283328180896628736
1283328022276440064
1283327946627919872
1283327855246610432
1283327790645944320
1283326606514311168
1283326564449554432
1283326226153779200
1283326163935539200
1283326077453172736
1283325891641315328
1283325572505112576
1283325539470790912
1283325493010485248
1283325448492130304
1283325260973199360
1283323957911982080
1283323851393380352
1283323766811107328
1283323435737915392
1283323319673065472
1283322273949196288
1283322210619400192
1283322164679147520
1283322111143170048
1283322057393164288
1283321992280776704
1283321926111449088
1283321849259204608
1283299374467108864
1283299266522492928
1283297546123857920
1283295698306375680
1283293021191188480
1283292812025499648
1283290873359478784
1283287421040435200
1283274843677495296
1283161847135379712
1283157174718550016
1283157072213938176
1283156942383468288
1283156384394158080
1283145258998607872
1283144045506821888
1283140818551922688
1283136015872462848
1283133475567042560
1283132146060845056
1283131314867253248
1283128811228364800
1283128041145880576
1283126378263719936
1283118919558008832
1283118525503111168
1283112015813279488
1283111484084621312
1283111098309378048
1283103240473714688
1283103204469870592
1283103099012382720
1283102854522310912
1283102084062220288
1283101948921688064
1283101855422328832
1283101763948683264
1283101685716520960
1283101396829691904
1283101175043297280
1283099305084059648
1283098610314424320
1283097701647888384
1283097468696223488
1283097361749815296
1283097318846279680
1283096918588108800
1283096669601628160
1283096571911868416
1283096438872903680
1283095993756585984
1283095901888798720
1283095409993359360
1283089727667740672
1283089602853646336
1283089543479132160
1283089378076655616
1283089327615086592
1283053325051731968
1283053231753625600
1283052819394842624
1283021630516744192
1283021566406733824
1283021489558695936
1283021428577583104
1283021401792880640
1283021332435828736
1283020837734551552
1283020821552922624
1283020789416157184
1283020762161516288
1283020725532667904
1283020646944059392
1283020480329519104
1283020432757727232
1283018573561171968
1283017365454815232
1283017121807704064
1283017096314658816
1283015872953671680
1283011551792901888
1283011051618017280
1283010879735377920
1283010847703531520
1283010821442932736
1283010781458595840
1283010746939592704
1283010058339655680
1282964742122897408
1282964669779578880
1282960172843962368
1282958865152319488
1282958792104255488
1282944185444728832
1282944032432431104
1282795141925871616
1282795001680977920
1282794946802720768
1282794906466111488
1282794857933791232
1282794329627648000
1282794287751716864
1282794240133730304
1282794184559255552
1282794136102412288
1282794070260297728
1282794013393854464
1282778851446325248
1282778328576020480
1282778012010905600
1282777917576171520
1282760571583160320
1282760418205851648
1282759974037397504
1282759375011151872
1282758842502307840
1282758713401540608
1282758112127193088
1282753672682897408
1282746764349538304
1282743277482061824
1282741928946270208
1282740756239847424
1282737221309739008
1282733343612772352
1282733282195656704
1282731896460529664
1282731789690327040
1282731694584475648
1282731598794895360
1282731504393695232
1282731430464937984
1282731363842625536
1282731222297464832
1282731147106099200
1282714520033656832
1282714310129733632
1282714136837849088
1282713869404733440
1282710838122602496
1282710735995445248
1282710720430387200
1282710026046640128
1282709821427507200
1282709739424681984
1282709660278161408
1282709583245565952
1282709421123153920
1282709305914011648
1282709160807804928
1282709076774977536
1282707638418014208
1282707534114168832
1282707477063258112
1282707427440418816
1282707359459147776
1282707275937918976
1282707211085586432
1282707119607775232
1282707070681317376
1282707033066700800
1282706976640839680
1282651531301593088
1282651487605272576
1282637629943689216
1282635658117423104
1282634941122187264
1282634648179412992
1282634531229569024
1282628801856503808
1282624123223580672
1282621255456260096
1282621126401720320
1282620780421971968
1282620725329887232
1282620360844890112
1282619276222922752
1282618890544123904
1282603365399171072
1282601908163743488
1282600700925616128
1282599534317711360
1282595017568264192
1282594483599745024
1282594452822007808
1282593749835579392
1282593624836972288
1282593567135936512
1282592295255146496
1282592170713788416
1282590638027034624
1282588642830147584
1282584476653105152
1282579601848500224
1282576092906348288
1282573380345102336
1282553528813264896
1282550727139786752
1282444178602024960
1282420469510152192
1282418685156761600
1282417642213703680
1282413847182290944
1282413774801121280
1282413687580643328
1282413600099962880
1282413523151265792
1282413430100709376
1282413375134334976
1282413287720845312
1282413235614998528
1282413158473367552
1282413072620158976
1282412717610012672
1282400712559931392
1282396409849942016
1282383159057948672
1282382825388494848
1282376528429494272
1282372273253556224
1282371933611360512
1282350508255084288
1282350079043608576
1282347692748877824
1282344648506253312
1282340693290213376
1282340052652167168
1282338771183251712
1282327680826904576
1282327613063790592
1282327549188673536
1282327470339952640
1282327341973344512
1282312633203535872
1282304437755797504
1282303694000852992
1282303389938917376
1282300544850235392
1282300440495955968
1282300307498848512
1282299979579760640
1282292881282289664
1282292357354983424
1282292319102869504
1282292292053762048
1282292244087791616
1282280674540560384
1282279668738134016
1282279530972033024
1282276760600616960
1282274900741414912
1282274762367078400
1282273784171507712
1282273096481804288
1282270935790358528
1282264320848678912
1282255084110393088
1282254986597085184
1282253105653002240
1282252489329389568
1282250990390063104
1282248133741879296
1282248031799320576
1282247927268868096
1282247836118200320
1282242175074471936
1282207825125683200
1282207799154479104
1282206799840542720
1282206769553514496
1282206723395203072
1282206690528710912
1282206367848308736
1282078041817124864
1282075891540074496
1282074211993956352
1282073549860212736
1282073490489774080
1282073442884497408
1282073403340529664
1282073354330046464
1282073310508048384
1282073111345745920
1282073078261002240
1282069668119928832
1282060455800864768
1282060384753590272
1282060122760466432
1282054280162279424
1282053148505513984
1282047999334584320
1282037781435383808
1282037714800476160
1282035141276315648
1282035099463286784
1282033708334186496
1282033200617922560
1282033085693988864
1282028029158588416
1282027869267464192
1282027266164363264
1282027245071212288
1282026640470614016
1282025309668343808
1282025245910667264
1282024665163104512
1282024444177809408
1282024384962666496
1282023622664691712
1282023322876772352
1282020342819704832
1282017716963086336
1282017658532241408
1282017500998316032
1282016662837960704
1282015349198774272
1282012460342533888
1282008494548410368
1282004641379684352
1282004485431341056
1282004420465655808
1282004325414440960
1282004245546401792
1282004152688803840
1282004078885777408
1281995534417506304
1281995467417694208
1281961867968208896
1281961022564315136
1281960561744510976
1281954216920178688
1281954168777904128
1281951475216846848
1281951302969364480
1281951244953812992
1281951122329079808
1281947923861954560
1281947080018231296
1281946806864220160
1281946744264314880
1281946586327777280
1281909656621809664
1281865452453535488
1281856101345099776
1281821838293819392
1281820872530157568
1281816923366449152
1281811623930454016
1281808462016647168
1281806407910776832
1281705684187439104
1281702809524744192
1281699372288421888
1281698487160262912
1281697469450072064
1281697016393981952
1281695113454944512
1281691926081806336
1281690778289549312
1281690605068877824
1281690529768579072
1281690302475112448
1281687843321126912
1281687776614854912
1281682059275186176
1281681437108961280
1281680339258220288
1281679096439803904
1281677870314795008
1281677403429974016
1281677276338364416
1281677042946387968
1281676681267286016
1281676556671344640
1281673776959299584
1281672578856292352
1281671433719091200
1281670649451286528
1281664715161305088
1281663890514993152
1281662075555766272
1281660279391125504
1281660083865300992
1281659323412815872
1281659277380386816
1281657516674494464
1281655469803630592
1281652731510325248
1281651675229417472
1281651580933033984
1281647557752639488
1281644031978754048
1281642701759188992
1281640660571959296
1281636633507434496
1281636311154204672
1281635940201566208
1281635929426472960
1281635846995812352
1281635797733724160
1281635749335638016
1281635702137028608
1281635650614288384
1281635583102771200
1281635433378717696
1281635366727028736
1281635301518200832
1281635245524123648
1281635149063520512
1281635034500407296
1281634977856315392
1281610139573915648
1281609878214193152
1281603628877348864
1281602879636242432
1281602827064877056
1281602768936013824
1281602683485519872
1281602583971409920
1281602504418091008
1281602301694742528
1281602184279457792
1281598315835130112
1281598280896585728
1281598194896580608
1281598133286440960
1281596379132043264
1281596369627762688
1281595004646039552
1281594965471236096
1281593919650828288
1281593345593225216
1281593154525896704
1281593096862670848
1281593036758306816
1281592973478764288
1281592927077175296
1281592875978039296
1281592833686872064
1281592809871552512
1281591956758573056
1281586783071895552
1281586156317089792
1281584354121134080
1281583776951414784
1281583521547669504
1281583022719021056
1281582336719626240
1281582027448496128
1281581932367753216
1281581878978457600
1281579875669807104
1281579395270897664
1281577254330433536
1281577183526428672
1281575049179402240
1281558862726934528
1281547198170357760
1281543902219194368
1281543658345570304
1281540237752238080
1281538561947373568
1281534317978583040
1281533760945696768
1281533721598988288
1281533692641456128
1281533631270473728
1281533513548935168
1281533042746695680
1281509243674386432
1281508895047983104
1281508853608329216
1281508793856253952
1281508538569969664
1281475947221463040
1281475212672892928
1281343501062549504
1281337087682318336
1281336989812428800
1281333116003594240
1281326910761508864
1281325892892049408
1281321750400294912
1281321236505808896
1281320089376169984
1281319288306106368
1281317978823368704
1281316928720637952
1281316834470486016
1281316535315902464
1281298241590624512
1281288312200847360
1281285289839902720
1281283713406468096
1281282383468269568
1281281851097784320
1281281785603805184
1281281451271561216
1281279644289970176
1281279601449320448
1281279571485175808
1281279548206743552
1281277544621359104
1281277497200513024
1281277414702829568
1281277193008689152
1281277133898354688
1281277090101374976
1281276947620941824
1281276694020730880
1281276622176477184
1281276571593191424
1281251673718099968
1281247959842242560
1281247897263226880
1281247840585633792
1281243964369231872
1281237699056320512
1281237103922290688
1281236859004346368
1281236728024571904
1281236612572160000
1281231145062092800
1281128760255877120
1281099674343092224
1280992520034562048
1280981226350882816
1280974657378750464
1280943025573806080
1280942055838175232
1280930891838230528
1280930747453407232
1280930027840946176
1280929876783005696
1280929562491265024
1280928609553780736
1280928231437279232
1280928123631153152
1280928081549627392
1280927997999136768
1280926015070572288
1280923688028831488
1280923545363775488
1280922977165590528
1280922848966696960
1280922662185902080
1280922582775205888
1280889467818201088
1280889320673607680
1280888300555964416
1280841352306188288
1280841219493564416
1280830758366711808
1280830722543177728
1280828988986920960
1280827564450287616
1280825773428035584
1280825729840807936
1280824330910302208
1280819736805347328
1280819583985889280
1280819248386969600
1345649636883767296
1345649138541670400
1345648948313206784
1345648932769173504
1345648868654985216
1345648518195773440
1345648277899931648
1345648195871899648
1345647965839515648
1345647725723971584
1345647512934346752
1345646962109009920
1345645810034372608
1345645094934872064
1345644593006731264
1345643825176444928
1345643674777092096
1345643135569960960
1345642559557820416
1345642488166547712
1345642332310351872
1345642120204455936
1345642057629642752
1345641969209454592
1345641763982241792
1345637996083748864
1345637716675989504
1345474401844797440
1345474293002547200
1345474215307309056
1345473793230331904
1345472775708930048
1345472688018616320
1345472671354675200
1345472571920232448
1345472353841655808
1345472317040816128
1345463525553152000
1345463396888682496
1345463292911877888
1345462554911518720
1345462501652226048
1345462405267128320
1345462327085306112
1345462028790587392
1345461962608668672
1345461710350647296
1345461532176637952
1345461464908357632
1345461303264083968
1345455190120525824
1345455166506606592
1345455146474614784
1345455055265280000
1345454994254946304
1345454769821933568
1345454727820140288
1345454012062183424
1345453880063226112
1345451455579303936
1345450574330920960
1345448792087269376
1345448469612404736
1345448369808928768
1345448316830699520
1345448050442039296
1345447813308674048
1345447790944677888
1345446476068106240
1345446402059591680
1345446130285498368
1345445425562718208
1345445177217921024
1345444858652200960
1345443814018871296
1345413659598745600
1345413640615288832
1345413596650622976
1345413580926152704
1345413533354364928
1345413251132223488
1345412624666791936
1345412205559369728
1345411751014232064
1345411707842293760
1345411605060837376
1345400566965563392
1345400404201402368
1345399968438349824
1345399855041146880
1345398935041568768
1345398625791320064
1345398398040596480
1345398342981971968
1345397660912676864
1345397308985401088
1345396928893366272
1345396457784963072
1345395936349081600
1345395012469710848
1345394626509893632
1345394160510103552
1345392037936451584
1345391195099439104
1345391063364730880
1345370574902714368
1345360372375678976
1345360017902481408
1345358515288858624
1345358075671285760
1345357927171969024
1345357608081911808
1345356512445784064
1345356479273041920
1345356343671214080
1345356287291383808
1345356265887846400
1345355533306499072
1345355352162918400
1345355223120883712
1345355171870765056
1345355082888601600
1345355055201923072
1345355012050923520
1345354915212894208
1345354894983749632
1345354731477225472
1345354631891853312
1345354438974861312
1345341509047115776
1345329819689623552
1345329645542105088
1345285289376407552
1345117474510036992
1345117224701460480
1345116173168500736
1345116148879257600
1345116113768763392
1345116089412448512
1345116051684667392
1345115026546421760
1345115012151586816
1345114999178616832
1345114985249304576
1345114972989349888
1345114960783953920
1345114948159107072
1345114936029171712
1345114917066702848
1345114901124149248
1345114305184886784
1345113197355929600
1345111161298153472
1345110951822024704
1345110881764519936
1345110014067941376
1345106744247259136
1345104185352720384
1345104122207461376
1345104012803268608
1345103928795533312
1345103837586202624
1345103569700212736
1345103384362278912
1345103311888855040
1345103117910740992
1345102060593807360
1345100741187428352
1345079713480499200
1345079039481012224
1345077639766274048
1345066407407587328
1345066374360666112
1345065744397180928
1345065672896868352
1345065472350420992
1345064953590460416
1345054815374729216
1345054791328739328
1345054768474054912
1345054745313087488
1345054712555560960
1345054691995037696
1345054666921562112
1345054643890565120
1345054608184537088
1345054578069417984
1345054553306181632
1345054526332666112
1345054502290927616
1345054479960449024
1345054370988175360
1345054297801830400
1345054242504126464
1345054063755452416
1345053144049459200
1345029290065326080
1345029071948931072
1345028021712003072
1345017164370227200
1345016659787059200
1345016659577364480
1345016659556315136
1344967023785291776
1344963542668161024
1344963275549794304
1344963229366296576
1344963078958567424
1344962302550933504
1344962285299707904
1344962190449770496
1344962164398972928
1344962109080219648
1344962085902557184
1344961974434721792
1344961941182279680
1344961914015723520
1344961884441731072
1344961562830921728
1344961526248177664
1344961460787695616
1344961415858290688
1344961170290184192
1344961042510737408
1344960551886204928
1344960052793405440
1344959668217663488
1344949161473544192
1344948621066838016
1344948350601355264
1344947873339875328
1344944767696834560
1344944614327934976
1344944595067678720
1344944109723725824
1344943551126376448
1344943476526428160
1344943296351776768
1344943167645376512
1344943111236153088
1344942995490144512
1344942793265971200
1344942181501513728
1344942090086715392
1344941597977440512
1344941221626728448
1344740920059719680
1344740265488224512
1344740115780947968
1344740053336133632
1344739904945868800
1344739750750597120
1344739516138061824
1344738504232873984
1344738336913711104
1344738186812076032
1344737960902746112
1344737913402175488
1344737835497218048
1344737716488069120
1344737334118539264
1344737041649721088
1344735086990794752
1344734914026078208
1344716817147850752
1344716738009698304
1344716127948189696
1344716032859140096
1344715954467565568
1344715909487849472
1344715878294810624
1344715663689084928
1344715620349325312
1344715347274842112
1344715306736955392
1344715246192226304
1344715077128245248
1344713725337591808
1344692454977634304
1344659680589733888
1344659552244015104
1344658986113576960
1344658403243786240
1344656106728148992
1344642178572816384
1344641913618624512
1344641758169325568
1344641734467342336
1344641705337880576
1344641680687968512
1344641450932391936
1344641430912966912
1344640627632463872
1344640478147473408
1344640249977335808
1344639249270919168
1344638799544987648
1344638781366931712
1344638593722150912
1344638467486183424
1344638079378874368
1344638031672782848
1344637976727474176
1344637871920185088
1344637306746117888
1344637287183880192
1344636668930887680
1344636621279399936
1344636610709770240
1344636515188678912
1344626158504173568
1344625231579783168
1344623577140752384
1344623370751635712
1344623284730679296
1344623135333769216
1344623048301948928
1344622773226921984
1344622179015659520
1344621969707249664
1344621896567058432
1344621572687015936
1344620779741319168
1344620757440229376
1344620395626946560
1344620234909560832
1344620084682219520
1344619993883934720
1344619590547091712
1344619490630377472
1344619148635230208
1344614437290987520
1344613889011494912
1344613774054072320
1344613756354097152
1344613600456024064
1344613532667686912
1344613332196720640
1344613229234941952
1344613035521024000
1344612827206721536
1344612351459405824
1344611941252259840
1344611870985089024
1344611837359349760
1344611786759266304
1344611449151352832
1344611348370620416
1344611208582803712
1344611020543819776
1344610673712619520
1344610551528370176
1344610358502297600
1344610131514978304
1344610075747487488
1344609906243080192
1344609589677981696
1344609190791286784
1344609080044900352
1344562285793206272
1344560351287930880
1344559825678643200
1344559586032890112
1344559510569046016
1344559296198176768
1344559153868660736
1344558912390000640
1344558717795237888
1344558587755044864
1344558569476251648
1344558455978414080
1344558414366703616
1344558358351798272
1344558177464045568
1344558121683968000
1344558069733273600
1344558047725809664
1344557990943330304
1344557841999396864
1344557524633198592
1344556912961007616
1344556275422666752
1344555872882733056
1344375652221386752
1344375537381339136
1344375399812313088
1344375119469273088
1344375010144694272
1344374992511905792
1344374944986226688
1344374889894060032
1344374703373357056
1344374666455093248
1344371321204076288
1344370603218890752
1344370579026173952
1344370291489837056
1344370240092839936
1344370218676715520
1344369406013566976
1344369343686205440
1344369204833693696
1344369124777062400
1344368935882416128
1344368740738195712
1344368581677625088
1344368564384522240
1344368544637739008
1344368347526344704
1344368305583304704
1344368283835904000
1344368258657431552
1344368158715604992
1344367956822786048
1344367913520791552
1344367899159494912
1344367723980140288
1344367696788533248
1344367636109549568
1344367616417292288
1344367097682526208
1344366857793503232
1344366713547218944
1344366525365551104
1344366383920984064
1344366238206717952
1344366166920351488
1344365837176729600
1344365802632437760
1344365771166769152
1344365722642898944
1344365637536251904
1344365530552086528
1344365453112733696
1344365167463698432
1344365115995467776
1344364726827036672
1344364548241956864
1344358356971040768
1344358291506393088
1344358103475744768
1344357983044694016
1344357908717436928
1344357879084683264
1344357784859660288
1344357326552182784
1344357002634534912
1344356943176081408
1344355660423688192
1344355590240423936
1344355530677116928
1344355415925133312
1344355254196957184
1344354850017075200
1344354809567182848
1344354782266466304
1344354562761756672
1344354536480268288
1344354442947276800
1344354389516017664
1344354342908932096
1344354232376438784
1344354190353702912
1344353232844431360
1344353087440433152
1344351060253671424
1344351041861644288
1344326878170148864
1344326703812898816
1344326569939128320
1344326541346557952
1344326512024182784
1344326400979980288
1344326163842424832
1344325051349413888
1344308886359183360
1344308073737953280
1344307048494878720
1344306922439270400
1344306804591898624
1344306398851715072
1344305610117021696
1344304470860197888
1344280187165434112
1344275212611834112
1344271983467520000
1344271858196213760
1344271565450600448
1344271123702231040
1344271014189010944
1344270866637590528
1344270233222197248
1344270178067034112
1344270089852506112
1344270051839528960
1344269614570733568
1344269521398472704
1344269496576581632
1344269455950536704
1344269407841873920
1344269109559767040
1344267256478502912
1344267025506574336
1344265535593336832
1344265486163390464
1344249229213110272
1344249216454062080
1344249203799818240
1344249191938318336
1344249179955208192
1344249167837859840
1344249154613207040
1344249140927226112
1344249126821777408
1344249113009917952
1344247386697330688
1344032362120835072
1344031922540994560
1344009133645647872
1344009084316614912
1344009032877682688
1344009004616396800
1344008958399438848
1344008921816690688
1344008869819854848
1344008844096261888
1344008818674569216
1344008712399294464
1344008332462481408
1344007518809448448
1344007200205897728
1344006777562656768
1344006486570250240
1344006211923009536
1344005925590462464
1344005658962702336
1344005327436525568
1344005270045946112
1344004701193449472
1344004568821215232
1344004272988549120
1344004190763446272
1344003991957622784
1344003772528394240
1344003618123476992
1344003302795710464
1344002922263301888
1344002817288241152
1344002718424330240
1344002667534811136
1344002558243844096
1344002504984567808
1344002037017673728
1344001980491034624
1344000860930633728
1344000801900003328
1343936769583181824
1343922061190815488
1343921764225740800
1343919969000689664
1343919924880801792
1343919780722565120
1343919762167001088
1343919217867956224
1343919131410780160
1343919019846471680
1343918397713764352
1343917811773690112
1343908792992477184
1343908504931880960
1343908474921639936
1343908367316758528
1343908089859354624
1343908007365771264
1343907482113110016
1343891283287412736
1343891016433213440
1343890726095089664
1343890617496174592
1343890560537538560
1343890430388264960
1343890405604143104
1343890339980046336
1343890320673660928
1343890205514883072
1343889963524481024
1343889930217541632
1343889840895569920
1343889824240041984
1343888879980597248
1343888806970351616
1343888695804485632
1343888595678093312
1343888503118159872
1343888475385442304
1343888274478297088
1343887606615044096
1343887137830277120
1343887111917891584
1343887079344926720
1343886902966026240
1343886826617057280
1343886609620611072
1343886567224602624
1343886463788838912
1343679036673949696
1343678578089742336
1343674578585972736
1343674546180804608
1343670378758098944
1343670285820637184
1343670222394425088
1343670063942004736
1343669911445508096
1343667796186640384
1343667769028521984
1343667735629357056
1343667709536514048
1343667574207348736
1343667455344914432
1343667413334822912
1343667370078970112
1343667331210338304
1343667293591642112
1343667251501797376
1343667213555929088
1343666979803176960
1343666563426246912
1343666500071256064
1343665875879157760
1343665669473267712
1343665593183043584
1343664824182571008
1343664490580234240
1343664071476916224
1343663226014326784
1343662856445841408
1343662778435981312
1343662678255034368
1343662358133166080
1343661574511333376
1343647574696337408
1343647456198799360
1343647116057579520
1343646085047324672
1343645345197256704
1343645307498803200
1343645279250239488
1343644628462034944
1343644276421517312
1343643904034406400
1343642728454828032
1343642256897662976
1343641541894692864
1343641427025260288
1343641200943890432
1343639931835600896
1343639873979346944
1343639625374576640
1343639588552794112
1343639481367326720
1343639439696949248
1343639203628904448
1343639174012948480
1343637887708000512
1343637793575198720
1343637773417246720
1343637539714949120
1343637496631078912
1343637069474762752
1343636536588439552
1343636492720238592
1343636455978098688
1343635998467616768
1343635735300157440
1343634250696945664
1343634116139479040
1343633741298724864
1343632568781074432
1343632469673783296
1343632391366201088
1343632339084193792
1343632105171927040
1343632002302566400
1343631902314532864
1343631850074484736
1343628886840651776
1343628226975961088
1343628116602843136
1343628077889413120
1343628045245178112
1343627990551437312
1343624653936472064
1343624104574914560
1343623800647245824
1343623294847741952
1343622407995740160
1343622206002253824
1343572488475848704
1343572048933756928
1343571811007688704
1343571525304258560
1343571388787994624
1343571322186698752
1343571126283329536
1343571044662177792
1343570989934911488
1343570966333550592
1343570755062296576
1343570384118050816
1343570203087659008
1343570186205618176
1343570139321692160
1343569899612942336
1343569872882700288
1343569727495548928
1343569579277217792
1343559272605622272
1343558221915693056
1343556777867161600
1343556645897588736
1343556619389579264
1343556082346696704
1343555434402230272
1343555344006590464
1343555239752949760
1343555096228090112
1343555067140571136
1343554868280229888
1343554765469458432
1343554603636420608
1343554173896433664
1343554070104186880
1343554045185826816
1343553702469246976
1343553410008834048
1343553392426315776
1343552811783626752
1343552574507646976
1343316222549614592
1343316140228046848
1343291847305781248
1343291780981207040
1343279180771942400
1343279041911123968
1343278506126565376
1343261609700057088
1343261563092873216
1343260493801263104
1343259010275934208
1343258682960842752
1343246921759154176
1343237034840907776
1343236850564136960
1343236658498596864
1343236531704786944
1343236475589160960
1343235771478761472
1343235301653798912
1343235191079395328
1343234199759810560
1343227092222304512
1343225935223521280
1343225906152820736
1343225853535260672
1343225738586107904
1343225347937071104
1343225262239068160
1343225150381174784
1343225015748198400
1343224922366213888
1343224816250327040
1343224207212244992
1343224005667467264
1343223864747319296
1343223566750412800
1343222837264445440
1343222659308466176
1343222648051019776
1343221405027098624
1343217767705665536
1343217742393057280
1343216749777465088
1343216633570066432
1343216250105769984
1343215206214873088
1343215194646982912
1343215183674699776
1343215173256048640
1343215162388574208
1343215152011866112
1343215137122037760
1343215124337876992
1343215112145014784
1343215100858138624
1343214939410935808
1343214758762344448
1343213903656968192
1343213445290876928
1343213288256114688
1343212455116353536
1343212442827038720
1343212425819136000
1343212413785669632
1343212378037624832
1343212346760691712
1343211929419079680
1343211909538078720
1343211876671488000
1343211823907090432
1343171028504211712
1343171015065657088
1343171003720093696
1343170990700978176
1343170976079621888
1343170958799081472
1343170946916642816
1343170933553553408
1343170912561078272
1343170704498421760
1343169515153223680
1343167751863595008
1343166592155267072
1343166039065055232
1343165732146851840
1343157402007449600
1343157216384327680
1342944028732633088
1342944012702015488
1342944000572055552
1342943987691352064
1342943974177320960
1342943961225322496
1342943945853173760
1342943932368510976
1342943916623089664
1342943905487212288
1342943792245174272
1342943770858446848
1342943747479384064
1342943491001823232
1342943289226506240
1342942709393272832
1342941061707083776
1342940705258418176
1342940475238580224
1342940308246568960
1342940258015522816
1342940192982913024
1342940094907486208
1342940079942217728
1342939964926005248
1342939702488420352
1342939616773599232
1342923377468710912
1342923230026358784
1342923167246000128
1342923078377086976
1342922913536765952
1342922877729964032
1342922777150500864
1342921829464350720
1342921132169711616
1342921074686763008
1342920996966301696
1342920972949708800
1342920461315940352
1342869859986780160
1342869796606550016
1342869217218076672
1342869120325464064
1342868702128185088
1342866987698028288
1342866610013532160
1342866384607465472
1342866172853821440
1342865788781342720
1342865751183654912
1342865194960228352
1342865103599886336
1342864804281786368
1342864651802046464
1342864562517929984
1342864517005533184
1342864379839205376
1342864300738797568
1342864037609091072
1342861406618714112
1342861368844832768
1342861159360303104
1342861042330857472
1342861016456187904
1342860633025478912
1342860588947533824
1342860412396728320
1342860315059511296
1342860244058304512
1342860223804026880
1342860122884878336
1342860107290464512
1342859967150354432
1342859128402829312
1342857731523436288
1342857098737102848
1342855726251827200
1342855359233478912
1342855018068766720
1342853244079525888
1342853084763062272
1342850849966600192
1342850743632617472
1342850637244071936
1342849627436044288
1342849373080850432
1342848922369323008
1342811467792306176
1342811423978746112
1342784907609833472
1342784462942310400
1342583884823875584
1342583872953999360
1342583860933103616
1342583849138737152
1342583836241227776
1342583822009970688
1342583806843379712
1342583792893108224
1342583775490879488
1342583764019503104
1342581296183320576
1342580550511566848
1342580127876718592
1342577269823430912
1342577205717692416
1342577136360693760
1342577042328612864
1342576900275896320
1342576847767408640
1342576798433996800
1342576163076644864
1342576137780813824
1342575399059001088
1342575142929649664
1342575118883708928
1342575034162962432
1342574368254263296
1342574223110373376
1342571604002406400
1342570515815346176
1342570130937667584
1342569852721098752
1342569503968927488
1342569344451174400
1342568901515866112
1342567966383214592
1342567320993062912
1342566799552999424
1342566455477498112
1342479142172946432
1342478798462316288
1342477805356011520
1342476937344782336
1342476293007409152
1342476073964085248
1342211905226731520
1342211882464268288
1342211815351189504
1342211115233771520
1342211091326263296
1342210867681767424
1342210632150614016
1342210599946571776
1342210574894161920
1342210460968493056
1342210406736142336
1342210372758089728
1342210340227063808
1342210303753379840
1342204556814516224
1342203816360468480
1342161636707205120
1341808238405312512
1341807835030630400
1341807821244030976
1341807805054013440
1341807796216590336
1341807777468080128
1341807739689971712
1341807723562844160
1341807708832489472
1341807696442486784
1341807684073496576
1341807670601379840
1341807658337247232
1341807644684800000
1341807632009584640
1341807617795088384
1341806970492338176
1341806799880634368
1341747013138956288
1341743406243049472
1341684938412797952
1341661712781615104
1341418820376948736
1341418717641646080
1341418677233741824
1341418638419619840
1341418593972604928
1341414308195004416
1341346698635952128
1341346680172638208
1341346642998538240
1341345419654213632
1341345244219138048
1341345129953685504
1341345076828618752
1341344855444865024
1341344356259782912
1341344195890585600
1341343799352709120
1341343007740747776
1341342460304343040
1341342373046050816
1341341585687109632
1341341454598352896
1341341325539635200
1341322648991772672
1341319862212243712
1341319328956870912
1341318859882688512
1341317471320612864
1341317301078011904
1341295077382090752
1341294821823098880
1341294621767418112
1341136618544132096
1341136169694883840
1341109156057636864
1341108987064946688
1341017549211914240
1341017510544634112
1341017498284666880
1341017485345173504
1341017473005604864
1341017459621564416
1341017446833139712
1341017437341409280
1340993067856310272
1340993012478914560
1340745861660291072
1340745049362096128
1340744909939208192
1340744632238542848
1340744358581198848
1340744277207502848
1340743781239443712
1340743261191872512
1340704945692094464
1340703850383159296
1340702096815996928
1340701141022208000
1340701084562677760
1340700924197658624
1340700817234538496
1340700686632280064
1340700624544026624
1340699760731275264
1340407408011710464
1340407358439239680
1340407315548286976
1340407015705861888
1340362410692145152
1340362083179900928
1340255362155503616
1340223909682163712
1340212951324700672
1340212903572606976
1340212567910846464
1340210805258772480
1340210738443525888
1340210701340708864
1340024357637255168
1340012942578860032
1340012863189037056
1340012826136629248
1340012776069185536
1340012726752579584
1339974942843125760
1339974806750556160
1339973690147135488
1339973631447867392
1339973595712409600
1339973519820644352
1339973475562369024
1339973171387244288
1339972976230449152
1339972886350733312
1339972663620612096
1339972602627014912
1339972536558383104
1339972493432541184
1339972397752053760
1339970895423680512
1339970472021245952
1339612928169943040
1339612667741401088
1339612554541330432
1339612290031767552
1339612269941055488
1339612256632500224
1339612243084914688
1339612224101502976
1339612104526053376
1339611964977393664
1339611903899934720
1339611847943720960
1339611779299729408
1339611610965524480
1339611534402736128
1339611351153557504
1339611091056398336
1339610736251834368
1339610638327410688
1339610530349236224
1339604623250874368
1339604516166103040
1339604332895977472
1339603927583449088
1339603877398802432
1339603783576240128
1339307618066640896
1339307517617328128
1339307014758019072
1339306968872341504
1339306835405225984
1339306805160271872
1339306755453546496
1339306315252948992
1339305090977570816
1339304570598666240
1339303120367706112
1339296606055772160
1339293430833405952
1339293365020585984
1339293263572971520
1339293160132972288
1339293052079378432
1339292976565137408
1339292863499210752
1339292822218960896
1339292727809290240
1339292713355780096
1339292628576251904
1339271730142072832
1339159686268899328
1338856858593837056
1338856532021309440
1338856459510010112
1338856240043069440
1338855633106464768
1338855612436844288
1338855584133754880
1338855569088778240
1338855556333907968
1338855541045653504
1338855524478181376
1338855507025678336
1338855489074040832
1338855434569052160
1338562745508237312
1338562683046666240
1338562640038260736
1338562594035163136
1338143278420594688
1338143173961342976
1338143078562078720
1338142994873118720
1338142839176368128
1338142782888812288
1338142579678916608
1338082623969767424
1338082380469374976
1338082144938291200
1338081636169158912
1337874263320256512
1337873550607310848
1337872025323532288
1337861968313667584
1337861378619695104
1337860686219710464
1337860369570787328
1337859935888158720
1337859498019581952
1337859198802157568
1337858938608492288
1337858646697512960
1337857352524058624
1337853076087123968
1337829707153334272
1337829665713643520
1337829608549388288
1337829565184479232
1337829524709502976
1337829350251651072
1337829258618658816
1337829161893842944
1337829065936543488
1337828960609198080
1337827666020470784
1337518000304484352
1337495000922329088
1337494927790510080
1337494873675542528
1337494818075898112
1337386426636394496
1337386329143992320
1337386195828035584
1337386113246355712
1337141453647196160
1337141399666487296
1337141301486133248
1337141271891222528
1337140456891830272
1337140390500200448
1337139950656090112
1337138236884455424
1337137621974323200
1337103815326265088
1337103216052416512
1337103166526152704
1337103139837784064
1337103087526436864
1337102030377250816
1337101047937032192
1337100668277059584
1337100561909473280
1337100412277694464
1337100144039358464
1337099266700046336
1337099022700601088
1337095054423371776
1337094992880431104
1337094906708447232
1337094849540083712
1337094723991982080
1337094679029030912
1337094603959377920
1337094486422396928
1337094464511340288
1337094419078668288
1337094394105704448
1337094356772253696
1337094266246541312
1337094101636935680
1337094073333796864
1337094054413291520
1337094035203305472
1337094011388121088
1337093877342330880
1337093838092046336
1337093792684498944
1337093556792647680
1337044809165516800
1337040951316013056
1337040612651130880
1337040216822001664
1337040119409348608
1337040068851150848
1337040003373932288
1337039960885637120
1337039925036855296
1336647362706616320
1336647341680586752
1336647241638031360
1336647228769906688
1336647197929205760
1336647180812230912
1336647165561757696
1336647148025286912
1336647132506427392
1336646737029697536
1336646716037210112
1336646694151315712
1336587107863834624
1336587064377307136
1336585887073914880
1336585269290668032
1336413205862756352
1336413159440191488
1336413104519917568
1336413082017538048
1335524155534561280
1335524069727465472
1335524017416114176
1335523991465897984
1335523890127319040
1335309383459344384
1335309243227009024
1335308125772132352
1335307588473335808
1335306903853932288
1335306903803621376
1335306903803588608
1335306903149277184
1335306903140913152
1335306903128256512
1335306899827396608
1335306899789668352
1335306899772895232
1335306899764502528
1335306895435980800
1335306895427575808
1335306895419170816
1335306895414923264
1335306874900652032
1335306874791616512
1335306873684324352
1335306873680113664
1335306873675931648
1335306873675902976
1335306867405414400
1335297862058569728
1335297627135610880
1335297556507668480
1335296871422693376
1335282162208272384
1335240855519694848
1335222655595798528
1335218935248150528
1335217280947515392
1335217218162929664
1335217121387819008
1335216911307714560
1335216539633655808
1335189088727601152
1334945963287470080
1334940532976521216
1334939960709967872
1334897691671802112
1334896703753883648
1334896348299190272
1334894603275800576
1334894489723408384
1334893211077271552
1334893130571800576
1334892472154132480
1334892358807195648
1334892294953201664
1334891899728093184
1334891518918791168
1334867364714835968
1334867320653680640
1334867186196811776
1334866992977895424
1334866968306970624
1334866302935199488
1334866271154941952
1334866232168902912
1334865870204661760
1334865842383761408
1334865755280535552
1334865705880186880
1334865568655138816
1334865285728374784
1334863976275054592
1334781588295593984
1334781496851312640
1334781296233549824
1334616630584897536
1334605165538717696
1334605108055842816
1334605012639621120
1334604939235090432
1334604811061366784
1334604722775449600
1334604672997486592
1334604606048005888
1334526034859929600
1334525646056398848
1334525235316535296
1334524930956922880
1334524371445166080
1334523271618961408
1334522665193926912
1334521208616984576
1334520767636189184
1334520613982117888
1334520490455601152
1334520426689667072
1334520272255410176
1334520251535470592
1334520230727606272
1334520178458189824
1334520131679039488
1334520026087493632
1334519978683494400
1334518372382486528
1334517691256885248
1334232926595256320
1334232883951783936
1334232856676196352
1334232584545579008
1334232540551516160
1334232508892917760
1334232383638401024
1334232359487627264
1334232199311265792
1334232152125415424
1334232121230188288
1334232063621419008
1334232027932073984
1334231992066592768
1334231947531476992
1334231156863143936
1334230337023582208
1334224240934088704
1334220473501163520
1334219869781450752
1334219772993671168
1334219524162408448
1334219350237212672
1334219309011365888
1334219200026578944
1334218608940036096
1334217549987409920
1334217459587485696
1334217242070937600
1334217111921684480
1334217067080413184
1334216910964203520
1334216354992435200
1334215704569122816
1334215586239410176
1334215542610292736
1334114850268655616
1334114815216906240
1334114760200216576
1334114708669014016
1334114649780981760
1334114590381240320
1334114504091774976
1333865092191019008
1333865060662456320
1333864822304337920
1333864684450172928
1333864554783272960
1333864373190856704
1333863961889009664
1333863944579149824
1333863805575712768
1333863257912856576
1333862887174139904
1333862417395232768
1333862163933507584
1333827347758395392
1333827176647577600
1333799953341169664
1333799854024212480
1333799447554260992
1333799358450462720
1333799292192976896
1333799217010155520
1333799177478832128
1333799134722027520
1333799058717085696
1333799004203745280
1333798958183813120
1333798910108659712
1333798856090214400
1333798822053519360
1333798747306770432
1333798703920939008
1333798659503259648
1333798599252090880
1333798550329720832
1333798500413231104
1333797240217878528
1333797205795172352
1333796696166338560
1333796535679651840
1333796295341838336
1333795976318840832
1333795912221507584
1333795879791181824
1333795850326196224
1333795822048210944
1333795772765114368
1333795674740035584
1333795603524947968
1333794982738624512
1333794948529881088
1333794925662535680
1333794901629104128
1333794876459126784
1333794856095817728
1333793150641442816
1333793121474203648
1333792942780084224
1333696490762596352
1333525644068708352
1333524788514578432
1333512753219325952
1333512718280781824
1333512579763892224
1333512241736523776
1333511784825839616
1333511689199882240
1333511318196920320
1333511140467486720
1333428548531605504
1333427233206185984
1333426768041086976
1333368815581847552
1333368327171952640
1333366098780155904
1333365800418353152
1333365628430929920
1333365501964251136
1333365071045685248
1333364804724027392
1333349511230578688
1333349332645519360
1333346070210998272
1333345493791944704
1333345421658353664
1333345234458185728
1333344489893720064
1333344073814593536
1333344006823162112
1333343373105782784
1333342184427360512
1333142962486857728
1333142817342971904
1333142730621538304
1333142684702273536
1333142660358541312
1333142522164604928
1333142471774265088
1333142452178448384
1333142395278548992
1333142351536132096
1333142034278993920
1333142005950672896
1333141987558650112
1333141314809057280
1333141269703503872
1333141065315049472
1333140873291378688
1333140469094739968
1333139074929086464
1333139023687274496
1333138946491092992
1333138877981347840
1333138731319107584
1333138707197685760
1333138678537924608
1333138517799669760
1333138473327407104
1333138232654041088
1333132788468428800
1333132711477850112
1333132216176619520
1333132090704072704
1333131755897966592
1333131560674058240
1333131518609387520
1333131454822445056
1333131409347768320
1333131293052297216
1333130324579061760
1333130254630653952
1333130216311549952
1333130163081654272
1333130083440226304
1333130051827666944
1333129696603738112
1333129654111264768
1333129556442701824
1333129396719394816
1333128801715433472
1333128678792945664
1333128611768004608
1333128488266723328
1333128357718978560
1333128277540663296
1333127962670096384
1333127884148518912
1333127652195110912
1333122278045913088
1333121509813067776
1333121297178570752
1333121278778216448
1333121253830504448
1333121236671623168
1333121201644969984
1333121036666204160
1333120904906280960
1333120766519300096
1333120737708810240
1333120715663544320
1333120529474203648
1333120444988334080
1333120334879461376
1333120245045800960
1333120130176458752
1333120092138245888
1333120055136096512
1333119999213531136
1333119959917096960
1333119904455806976
1333119883224231936
1333119860755345408
1333119726277554176
1333119675870359552
1333117945866752000
1333117804522901504
1333117757563564032
1333117706615263232
1333117660184403968
1333117574352162816
1333070360347095040
1332759873394708480
1332759819510566912
1332759266378256384
1332759172073590784
1332758998798508032
1332758894670594048
1332758810147041280
1332752313623121920
1332752256190574592
1332752139458899968
1332750863673270272
1332750295131189248
1332750239808282624
1332749957930115072
1332749514881589248
1332426835376943104
1332426719857402112
1332426594623877120
1332426444635594752
1332426326209421312
1332426291455389696
1332426199906312192
1332426136668745728
1332371380927672320
1332037159935749888
1332037095989317632
1332036999776235520
1332036952095338496
1331936826286858240
1331936764127227904
1331936660045656064
1331936590462119936
1331936509969231872
1331936411583467520
1331936360157114368
1331936235015823360
1331936192099704832
1331936141814222848
1331936086545866752
1331936028597362688
1331658511894327296
1331658341664387072
1331658024113623040
1331335350753636352
1331267768998645760
1331267747989377024
1331267725482725376
1331234847545847808
1331169059698847488
1331168440963444736
1331166207332978688
1331164899565854720
1331164775888396288
1331164701842149376
1331164637996470272
1331164553380552704
1331164475320381440
1331164402335289088
1331164341182341120
1331164237507530752
1330481095016652800
1330480768502669312
1330480744259588096
1330480711405625088
1330259585190522880
1330259508199890944
1330259452222730240
1330259386510553088
1330259310497116160
1330259218490929152
1330259148001390592
1330259012663775232
1329394660662530048
1329394593528418304
1329394550176100352
1329394500146491392
1328976338611474432
1328976176291844096
1328976123523256320
1328975999854317568
1325142309818802176
1325142224951152640
1325141860931698688
1325141666345308160
1325141642765070336
1325141597126791168
1325141556702056448
1325141515702661120
1325141477068992512
1325141217387057152
1325141174441570304
1324742508606296064
1324742444240560128
1324718453454970880
1324718414666043392
1324718377441677312
1324718282864271360
1324718141713354752
1324718056887771136
1324717969289711616
1324717790960517120
1324717710845030400
1324629481957564416
1324317986921058304
1322978159273410560
1322978099970117632
1322978027488378880
1322932942637801472
1322849908567715840
1322569265116053504
1322569184451198976
1322569119284318208
1322569052825464832
1322568874567569408
1322568421536681984
1322568186219421696
1322260147163615232
1322260146962268160
1322260146962239488
1322258923903213568
1322256367936250112
1322254401453641728
1322254355203018752
1322254241042489088
1322254184868122624
1322254128865837056
1322254058099515392
1322254013564395520
1322253961680850944
1322253810761388032
1322253764527607808
1321927470703124480
1321529014671052800
1321528956626096128
1321528906902654976
1321528747737186304
1321528216604037120
1321482307488931840
1321482284223074304
1321482257664823296
1320313423847096320
1320313306901549056
1320281224460591104
1320281114934652928
1320281040137707520
1320281000925069312
1320280863112835072
1320279900281032704
1320279871503933440
1320279843230130176
1318617734515740672
1318617675522838528
1318617543985291264
1318617431594721280
1318617371213467648
1318617280167674112
1318617239168450560
1318289008280174592
1318288959731093504
1318288885575782400
1318288828189282304
1318288786422456320
1318288737885917184
1317731842380935168
1317731793068560384
1317731728279113728
1317731652878159872
1317731581721673728
1317731468379127808
1317731421402914816
1315694615387873280
1315670747168284672
1315670227326316288
1315670112330973184
1315670075492495360
1315669964527992832
1315669856583397376
1315669797368147968
1315669679915102208
1315669619080933376
1315669515812954112
1315669384489299968
1315669341136924672
1315669271964459008
1315669229794996224
1315669181472309248
1314468820376059904
1313557527985037312
1313557461765423104
1313557409181454336
1313557340227076096
1313557301320658944
1313557238276124672
1313557171506999296
1313557094499520512
1311357292818898944
1311357143728128000
1311356596069556224
1311356520773439488
1311356449759600640
1311356401390891008
1311356331832598528
1311356269769437184
1311356203528851712
1311355997399797760
1311355972581982208
1311355951019110400
1311355633770409984
1311355600006246400
1311355528837238784
1306650482308526080
1306650459218862080
1306650434422149120
1305243019566895104
1305242588266614784
1305242380342263808
1305240300428972032
1305239840297025536
1305239367187824640
1305239305024139264
1305239208391512064
1305239142696128512
1305237454526590976
1305237432430985216
1305237403855212288
1305237340680589312
1305237301275090944
1305237255024455680
1305235729115754496
1305235640137789440
1305235517194342400
1305235487909703680
1305235451435982848
1305235007217299712
1305234965823619072
1305234922987302912
1305234876673581056
1304880554945503232
1304162823514267648
1304162755025530880
1304162632052756480
1304162432366137088
1304162385813549056
1304162323481923584
1304162285993197568
1304162224517386240
1304102357123452928
1304053500691832832
1304053420307947520
1304053368273469440
1304053290078998528
1304053190862737408
1304053086147805184
1304053047400837120
1304053002093973504
1304052944606822400
1304052904760954880
1303800274654556160
1303800230350028800
1303800199278727168
1303800145427955712
1303800104923602944
1303800049856643072
1303800000355467264
1303799821543899136
1301564172342304768
1301214430370443264
1301214373151637504
1301214330164310016
1301214287986335488
1301214235872178176
1301213384784871424
1301213355160502272
1301213326664495104
1301211970432110592
1301211902115295232
1301211838789685248
1301211782527226112
1301211677216722944
1301211600108609536
1301211490570174464
1301211442792800512
1301211367463178240
1301211341198417920
1301211314845515776
1299808049272623104
1299761904785805312
1299761843276328960
1299761718281764864
1299761537532522496
1299761512077287424
1299761464824213504
1299761393500028928
1299761357567471616
1299761318405312512
1299761279708663808
1299761232208162816
1299040860911407104
1299034854949105664
1299034564413788160
1298992417987653632
1298690488673996800
1298690343802679296
1298688250626924288
1298688225511383040
1298688194393899008
1298688165981683712
1298688138886500352
1298688109912240128
1298687112435445760
1298686444224098304
1298686424376639488
1298686394441900032
1298686315324637184
1298686218490839040
1298686103273246720
1298686038819459072
1298685268879450112
1298685207567109888
1298351652685131776
1298351631499747328
1298351537136250880
1298351459705196288
1298351391736463360
1298351211482161152
1298351092430966784
1298351061942632448
1298351029696827392
1298350983655952384
1298350937011036160
1298007745883525120
1298007724417077248
1298007697632235520
1298006893781229568
1298006808385257472
1298006647181385728
1298006616139345920
1298006563425263616
1298006512472854528
1297617577691275264
1297617503615619072
1297617419708637184
1297232610121351168
1297232538830766080
1297232383150825472
1297232275764121600
1297232227776880640
1297232139658964992
1296918591678406912
1296918539086057472
1296918494785797888
1296918450183573504
1296918388313403392
1296918331241517056
1296918271460073472
1296918221782736896
1296918165683933184
1296918101204795392
1296897649480798208
1296897575631687680
1296897550868533248
1296897525060952064
1296897476855762944
1296897433553842176
1296897383968669696
1296896924667334912
1296896903179915264
1296896862251868160
1296896830593171712
1296896809785335808
1296896789820432384
1296846857935740928
1296846829921935360
1296846802919002112
1296189280751157248
1296189243438641152
1296189018200322048
1296188971425333248
1296188910842896384
1296188846653222912
1296188638439579648
1296188396516368384
1296188346528604160
1296188214399598592
1296188163346575360
1296177701242515712
1296177046574555136
1296176810095509504
1296176787085562112
1296175712374853632
1296175669404217088
1295976756659335168
1295784691723833088
1295784629732028416
1295784579656224768
1295784491781414912
1295784452363292672
1295784270510853888
1295783574277435392
1295783470598361088
1295783371889692672
1295783127726645248
1295783076308680704
1295783032855633920
1295113344530239488
1295113245594976512
1295113156763824128
1295112864416530432
1295112831579365376
1295112782493483008
1295112749643702272
1295112715338481664
1295112620513492992
1295112551966167040
1295112515945472000
1295112471343239168
1295112440729018368
1295112403752034304
1295112341261033472
1295112177209278464
1295111989321138176
1295111780688187392
1295111707631726592
1295111587913764864
1295111513385115648
1295111470137647104
1295111432879710208
1295111393339998208
1295111316005412864
1295111250918232064
1292900438279413760
1292900422773088512
1292900324475314176
1292900239863697408
1292900105679446016
1292900023739523072
1292899937387241472
1292899878373404672
1292899814146019328
1292899694381805568
1292184294685921280
1292184267125129216
1292184183285133312
1292184142269100032
1292184106692943872
1292184042486538240
1292183999960567808
1292183960211120128
1292183915789201408
1292025184132759552
1292025126016483328
1292025077828063232
1292024943958466560
1292024918331338752
1292024886999879680
1292024870004555776
1292024016501440512
1292023914651148288
1292023783755329536
1292023734333771776
1292023695716777984
1292023654604255232
1291480317828702208
1291480141936427008
1291480099783610368
1291480050957717504
1291121283460194304
1291119056658083840
1291118923715354624
1291118499239276288
1291118346629513216
1291118301209399296
1291118228668809216
1290392970169143296
1290347091877859328
1290347053713948672
1290347017584152576
1290346980556800000
1290346945664487424
1290346911359217664
1290033215168602112
1290033191986765824
1290032129619812352
1290032068257132288
1290032001320251392
1290031947645763584
1290031841907363840
1290031676760850432
1290031331041136640
1290031254281175040
1290029863521288192
1290029445227585536
1290029408711930112
1290029280169046016
1290029222367387648
1290029178738245632
1290029136463839232
1289614757050200064
1289614720681390080
1289614689031213056
1289614649118187520
1289614584190398464
1289614548085825536
1289614507384266752
1289614466707894272
1289611878021431296
1289610432190324736
1289610394097524736
1289610358735265792
1289610242997837824
1289610194083749888
1289610124730933248
1289274452945989632
1289274427666907136
1289274239707561984
1289274209936347136
1289274180530135040
1289274121721847808
1289273972664672512
1289273928666345472
1288838592769531904
1288838548259573760
1288838495998480384
1288178572436348928
1288178456405184512
1288178407784820736
1288178373852893184
1288178334237691904
1288178289710899200
1288178251970510848
1288178202679140352
1288022632869376000
1287714337487036416
1287714299549495296
1287714256880840704
1287714211167182848
1287714171203845888
1287497056500830208
1287497022115905536
1287496954164006912
1287496916058738688
1287439676014497792
1287439579625250816
1287439492446588928
1287439425971027968
1287357349674520576
1287357323468513280
1287357294125162496
1287357233710407680
1287357197551370240
1287357161560059904
1287357123891011584
1287032695130923008
1286734303498575872
1286734250260168704
1286734211144196096
1286704414246547712
1286667318387519488
1286667275723059200
1286667234581057536
1286040508608000000
1286040404907954176
1286040377296859136
1286040295633805312
1286040236598976512
1286040041517658112
1286039932444844032
1286039858276896768
1286039245786947584
1286039197200064512
1286039083857346560
1286039052244979712
1286039021794340864
1286038963631861760
1286038911823773696
1286038782496649216
1285636136933744640
1285305277101875200
1285305121862295552
1285305014374797312
1285304883613241088
1285304459254530048
1285304423510663168
1285304378518310912
1285304261279125504
1285304228710359040
1285304150998372352
1285304121730445312
1285302292011515904
1285302188030517248
1285302071181430784
1285301730821967872
1285301703387078912
1285301677067837440
1285301634793377792
1285301600110731264
1285301560180977664
1285301514903461888
1285301472410898432
1285301431596089088
1285301334107992064
1285301292391333888
1285301214767456512
1285301108655697920
1285298914334314496
1285255898508730368
1285254645061947392
1285254503609126912
1285254446558130176
1285254065409097728
1285254010522546176
1285253964158689280
1285253665729786112
1285253406383312896
1285253183238012928
1285253151633879040
1285253117886504960
1285253063801032704
1285253003012968448
1285136667804930048
1284956296693850112
1284955885656252416
1284955821995102208
1284955739413512192
1284929297854148608
1284929182783479808
1284929112457588736
1284929058770489088
1284928224552718336
1284928162766491648
1284928010953658368
1284927931475689472
1284927883291566080
1284927734398017536
1284927493225545728
1284927440058490880
1284925964716310528
1284925874727464960
1284925686159945728
1284925620603047936
1284916187604963328
1284915489005875200
1284915356201553920
1284902504883531776
1284902470876045312
1284902432653357056
1284902393558249472
1284555352827203584
1284555321747345408
1284555287391883264
1284555251916431360
1284555218789826560
1284549634942218240
1284547822231093248
1284547544429793280
1284547465128148992
1284546910565609472
1284546792172986368
1284546687827091712
1284546414161403904
1284546341427970048
1284546153611235328
1284545979157487616
1284545893530832896
1284545346157322240
1284545197590876160
1284544992984301568
1284544910348230912
1284544883924054016
1284544856598237184
1284544630378369024
1284544590012440576
1284223263728635904
1284223057108885504
1284222888745279488
1284222861561954304
1284222835632803840
1284222796235767808
1284222714488786944
1284222676089942016
1284222599770394624
1284222559190482944
1284222516567986176
1284200919530377216
1284200883606171648
1284200834272759808
1284200806074417152
1284200760939601920
1284200724096745472
1284200692811538432
1284199446192979968
1284186764480053248
1284184746537484288
1284184708109217792
1284184677918683136
1284184492358471680
1284184263353671680
1284184133359599616
1284184042771034112
1284183981496381440
1284183912919572480
1284183841171808512
1284183793692282880
1284183741049589760
1284183686221627392
1284183658702798848
1284183628805738496
1284183570450391040
1284183487730327552
1284183457602719488
1284183422374682624
1284183374693830912
1284183320255967232
1284183265067380736
1283475030484168704
1283475003858661376
1283474943662084096
1283474903921033216
1283474865614393088
1283474821322596352
1283474761734119424
1283474664128487424
1283474600844722176
1283474534323163136
1283474499082518528
1283149314395602944
1283148915559325696
1283148825897701376
1283148542991912960
1283148328541261824
1283148244005072896
1283144420402040832
1283144362831085568
1283144277577666560
1283144195859976192
1283144156727185408
1283144116516380672
1283144076032970752
1283144035046166528
1283143989089185792
1283103344026955776
1283103292806123520
1283101606200975360
1283101540199399424
1283101509819998208
1283101457940709376
1283010445482307584
1283010354575028224
1283010264724578304
1283010214011326464
1283010179127271424
1283010134407622912
1283009920351318016
1283009882128515072
1283009791745568768
1283009749299191808
1283009623042207488
1283009524736102400
1283009333056475136
1283008805266173952
1283008549052964864
1283006371466805248
1282754181661679616
1282754149445140480
1282754117656616960
1282754082957152512
1282753967487950848
1282753927428091904
1282753240011083776
1282753192699338752
1282753161195851776
1282753101737463808
1282753042899783680
1282752857863790592
1282752820521979904
1282752787907059712
1282752755736743936
1282752717530763264
1282752686782402560
1282752650652667904
1282752512915902464
1282752424659345408
1282752372478017536
1282752332271365888
1282752207868375040
1282752165086474240
1282005769521631232
1282005716304384000
1282004059281453056
1282003999110189056
1282003938733166592
1281664216940851200
1281664140898193408
1281664016696446976
1281663866452271104
1281663520627666944
1281663461873909760
1281663132344123392
1281662826864611328
1281662719855403008
1281662051677605888
1281644235201093632
1281289649860882432
1281289573067296768
1281289470592065536
1281289420260413440
1281289354955165696
1281289147081162752
1281286598664114176
1281286352148054016
1281286316928401408
1281286177979617280
1281285616253251584
1281285454185336832
1281285411923509248
1281284936050368512
1281284835802300416
1281284790323499008
1281284717925617664
1281284566540595200
1280196859542286336
1280196631128879104
1280196600896372736
1280196546076839936
1279794752200880128
1279794437636476928
1279794307319422976
1279794151681396736
1279794023931301888
1279793886500700160
1279793772470157312
1279793711464005632
1279793644015357952
1279793511186006016
1279793481356017664
1279793385843372032
1279793244885463040
1279730188331429888
1279730084920930304
1279729576722280448
1279729544962945024
1279729525119692800
1279729431016284160
1279729306500042752
1279729274778456064
1279729235620487168
1279729188954660864
1279729143094091776
1279729104716271616
1279729048848080896
1279729002471661568
1279728895194005504
1279153142366720000
1278960304752394240
1278386876764884992
1278386751975895040
1278386720174637056
1278386646828953600
1278386597805862912
1278386505048883200
1278301579880402944
1278301530932772864
1278301164262563840
1278301128200007680
1278301087427149824
1278300662858735616
1278062905435590912
1278062823109734400
1278062760853716992
1278062640758218752
1278062581371023360
1277976406169800704
1277976369176051712
1277976246480060416
1277976206487388160
1277976125172400128
1277677823495471104
1277677773017042944
1277677732541988864
1277674867333181440
1277674611128315904
1277674578542804992
1277674537572802560
1277674492794408960
1277674447189786624
1277674414583222272
1277674376046018560
1277674302981181440
1277674215710154752
1277674160362323968
1277674116414390272
1277674058298134528
1277337756218335232
1277337677746991104
1277337648286310400
1277337616548012032
1277337568024170496
1277337524105629696
1277337484175847424
1277337437614886912
1276918213251600384
1276918183929303040
1276918065515638784
1276917893196845056
1276917818710204416
1276917617807294464
1276917585867571200
1276917557560303616
1276917248578420736
1276917213904228352
1276917173009735680
1276587696438292480
1276587453185433600
1276587433979793408
1276587244254646272
1276587224654643200
1276586495835607040
1276586466504826880
1276586401061114112
1276586302587141888
1276586243510452224
1276586175310987264
1276586102590185472
1276586014652448768
1276585869210681088
1276585832879702016
1276585796531884032
1275274440956416000
1275274379472101376
1274097460856717312
1274097357311946752
1274097011554430976
1274096814791196672
1274096497735479296
1274096344609718272
1274096262510456832
1273920194902138880
1273715205885788160
1273278327059615488
1273018564128182272
1273017766539378688
1272941985901555712
1272923572525248512
1272923509535186944
1272923212473647104
1272923179468627968
1272923152381882368
1272923099894353920
1271524980136841216
1271524436995379200
1271524231575199488
1271408415915552768
1271408230812581888
1271407213366689792
1271407153769852928
1271407106135031808
1271407033468760064
1271406727540375552
1271406696833921024
1271406662960676864
1271406617758752768
1271406570233044992
1271406529116360704
1271140248647589888
1271139900197425152
1271139811630309376
1271139795553656832
1270754152474456064
1270754061311258624
1270753968650620928
1270753886991777792
1270753826300190720
1268197324423077888
1268197265455435776
1268197229552111616
1268197151831719936
1268196993312096512
1268196528063237888
1268196456927768576
1268196257509621760
1268196227016990720
1268196156334579712
1268196045667868672
1268195990210740224
1268175758842888192
1268175600734351360
1268096927037612032
1267506090553548800
1267506045305475072
1267505921086930944
1267505863926992896
1267485508352999424
1267481636897243136
1267481414347501568
1267480974306226176
1267371431207276288
1267366594709082112
1267129363176337408
1267129330741764096
1267129272826822912
1267129219152318464
1267128933205630976
1267128898728460288
1267128848493285376
1266458851634798592
1266458800262909952
1266458758785499136
1266458252235231232
1266458094076407808
1266458047272095488
1266431562792534016
1266109950574694400
1266108729310826496
1266072699954171904
1266072699937357824
1266072699924885504
1266071972561260288
1266068673816559616
1266068643609292800
1266068593843810304
1266068545600917504
1266068503238529024
1266068452370010112
1266068338142326784
1266068217077936128
1266067384453955584
1266067359363739648
1266067239125614592
1265918599992168448
1265203493436043264
1264973776598585088
1264882974157398016
1264664522931023872
1264664522897399808
1264664518929645568
1264664518409490432
1264664518375936000
1264664516916281088
1264664516912087040
1264664516878630912
1264664516815736832
1264664512902414336
1264566119614091264
1264566011371704320
1264565776838688768
1264512829308178432
1264511537391251712
1264510995734630400
1264300202481143808
1264299862394384384
1264266502922002432
1264266460551135232
1264266389034094592
1264266246759034880
1264239054205464576
1264233783097806848
1264210910513639424
1345480054306910208
1345480017766195200
1345040671783190528
1344765565777408000
1344765327054409728
1344710262696386560
1344709694808588288
1344709660981518336
1344709648524439552
1344709626839900160
1344709613925621760
1344708977221902336
1344708611805736960
1344708551898525696
1344708500572819712
1344708463583227904
1344708440741060608
1344708403042676736
1344708366178906112
1344708355839959040
1344708344729251840
1344708327515840512
1344708306556882944
1344708281424629760
1344708269063999488
1344708258620198912
1344708245936599040
1344708235010437120
1344708224759554048
1344708214684839936
1344333000130129920
1344195294536359936
1344195241230872576
1344195229323296768
1344195217218564096
1344195125627539712
1344195114403565568
1344195106929315840
1344195094757388288
1344195075543326720
1344195066475261952
1344194219624321024
1343929707641905152
1343867449964425216
1343867442590834688
1343867431610183680
1343867402430328832
1343867392515043328
1343652006028783616
1343609615108481024
1343500601779494912
1343220124975853568
1342945657116626944
1342945072778764288
1342886951444218112
1342870629947748352
1342737261226565632
1342574311333310464
1342542299042091008
1342542216196141056
1342495707761139712
1342137512274374912
1341845346440409088
1341830802536091648
1341829953084637184
1341828560466693888
1341801798135402496
1341743314069024768
1341386189056712704
1341048006255259648
1340754280182128640
1340747626506018816
1340747232635736064
1340740501285302272
1340740286314627072
1340740035876966400
1340680840469237760
1340671944417566720
1340655015535513600
1340630235604283392
1340628828104904704
1340624102512619520
1340621223403909120
1340617920972525568
1340571771511205888
1340393333617799168
1340393255079456768
1340393056529489920
1340379149672869888
1340379117288566784
1340378747111923712
1340378681395568640
1340347234655846400
1340347217983512576
1340346559473602560
1340346525805924352
1340346409539743488
1340346394209640448
1340346385019879424
1340346371174494208
1340346360583884800
1340346351150915584
1340346340824498176
1340321970785677312
1340316988397240320
1340037666059005952
1340027420808757248
1340027348859674624
1340003244957962240
1339952189624741888
1339940487550087168
1339940406142889984
1339940328644747264
1339940257161240576
1339940245312290816
1339939978332221440
1339832864133754880
1339668556619911168
1339668053823516672
1339656123524263936
1339588299422253056
1339227527190077440
1339218117709488128
1339218102320500736
1339218089242669056
1339218072960438272
1339218062462115840
1339218049778536448
1339218037220642816
1339218013275484160
1339217999673352192
1339217987228880896
1339217975178629120
1339217948951580672
1339217937698320384
1339217873521299712
1339217860175007488
1339217849437577216
1339217838473699328
1339217827585285888
1339217816789147648
1339217806030741504
1339217794819371008
1339217784039989248
1339217764796522496
1339217748833021952
1339217737122541568
1339217719409840128
1339217701236072448
1339217689894653952
1339217676972003328
1339217654972866560
1339217539046510592
1339217527705112576
1339217516212707328
1338914089729449984
1338863190734589952
1338583429135413248
1338578351297007616
1338557100876845056
1338530458586451968
1338514655577333760
1338513298749345792
1338513284555808768
1338513267900248064
1338513253287284736
1338513241144758272
1338513227664289792
1338513219141459968
1338513206508220416
1338513194822881280
1338513184580399104
1338513173603885056
1338513162841239552
1338513152170979328
1338513139021860864
1338513127810469888
1338513116427149312
1338513104813088768
1338513095539499008
1338416750279462912
1338416615323553792
1338415669965180928
1338232674712948736
1338208336848818176
1338197486440239104
1338174106408280064
1338114577159098368
1338041428434448384
1338037468323598336
1338037384060030976
1338037372747976704
1338037346067951616
1338037330930757632
1337839073625591808
1337817631412379648
1337814264673923072
1337791650454778112
1337510903743438848
1337497351460696064
1337470157078343680
1337470142985466112
1337470133485363200
1337470116150308864
1337470107568771072
1337470098882359296
1337470089734610944
1337470080830107648
1337470070784733184
1337470059472678912
1337470040531202048
1337470033325383680
1337469783118327808
1337469712440156160
1337469702038294528
1337469630798049280
1337469581099741184
1337469560962887680
1337469500036411392
1337469465857052672
1337469298189668352
1337453201411481600
1337430280248954880
1337106849888342016
1337007777772953600
1337006879780859904
1336737304262684672
1336633710846808064
1336613674925101056
1336613610093768704
1336591315480563712
1336591266474303488
1336423350780956672
1336423271743574016
1336414791980736512
1336409693212839936
1336383767229960192
1336341310295293952
1336243912357388288
1336243900185538560
1336243887619395584
1336243869609037824
1336243855323246592
1336214519887122432
1336055096426328064
1336054957963874304
1336044941454282752
1336039719617040384
1336039015779360768
1336038340580225024
1336037966926520320
1336037595432837120
1336036580281245696
1336036473867542528
1336035989454721024
1336035639305891840
1336034882204602368
1336034742114906112
1336034591153549312
1335994282344329216
1335989944712572928
1335987134956794112
1335986375993282560
1335974913333735424
1335676576151838720
1335646090113245184
1335643291426164736
1335634524978475008
1335611654130835712
1335194704913330176
1335178409962508288
1334974098204745728
1334974022606524416
1334973983729586176
1334957200914124800
1334950385832878080
1334950377796628480
1334950348079894528
1334911013863436288
1334910995689578496
1334910855968854016
1334910582403817472
1334910484705914880
1334909931464650752
1334888668872499200
1334828188669784064
1334785774739484672
1334625152450048000
1334622772782305280
1334622505890353152
1334596011726135296
1334551300399386624
1334550285889441792
1334534785927098368
1334510190117457920
1334465830915026944
1334449506990104576
1334446753773400064
1334446301447118848
1334446199559122944
1334391015411773440
1334390535856021504
1334241740375674880
1334241703801327616
1334224562976935936
1334202198096572416
1334202183345168384
1334202140626137088
1334121418540412928
1333846705142370304
1333846499969671168
1333807904718249984
1333785461379137536
1333687648070852608
1333501684597796864
1333501666608488448
1333424141232463872
1333423841402626048
1333423678382596096
1333423514825715712
1333379013939748864
1333188044573306880
1333127271738204160
1333114299745787904
1333095101594210304
1333091838241214464
1333083032878804992
1333076519451758592
1333033595116662784
1333027617700802560
1333014283924463616
1333002368921853952
1333001981334593536
1332964427885383680
1332795601004716032
1332779482898436096
1332746182855168000
1332721116968837120
1332714745837858816
1332682766635446272
1332682752479653888
1332679208540250112
1332623316520144896
1332594584631861248
1332400937613266944
1332400871079092224
1332387199153811712
1332212985339764736
1332052802609303552
1332045959941992448
1332044982082031616
1332034189126995968
1331939840850620416
1331634955710042112
1331618319749812224
1331573424649621504
1331571591571001088
1331551970298114048
1331551880514850816
1331499731298693120
1331499562763231232
1331499491929812992
1331274476038787072
1331274271407173632
1331171233350750208
1330988709693562880
1330920011813228288
1330916305466241024
1330882812329725952
1330824873774604288
1330622680375156736
1330621164415283200
1330619244082581504
1330616057606906112
1330615945816109056
1330615868389273600
1330615788210970624
1330615487735230464
1330615294491054080
1330615117885693952
1330615086101229568
1330614954249117696
1330512107171934208
1330507184740950016
1330507118806491136
1330504661208535040
1330492655659347968
1330489348610011136
1330489113728978944
1330477194414596096
1330477124805926912
1330457960003284992
1330423974996668416
1330423558716190720
1330269755589226496
1330251047374368768
1330239074880380928
1330219926095867904
1330217070143877120
1330197549475565568
1330181173889425408
1330058085151502336
1329894969419640832
1329840615258005504
1329779707060097024
1329695456822243328
1329362824888463360
1328996384784183296
1328650902157320192
1328401552986546176
1328353033139400704
1327932289863573504
1327528790784925696
1326070104124219392
1325930662839377920
1325880080682393600
1325546141312823296
1325545790346031104
1325414523503833088
1325134590256816128
1325032941706227712
1324448508875837440
1324448076497588224
1324446978269499392
1324446161613279232
1324415515511738368
1323720092362964992
1323544901427044352
1323331889143361536
1322615783076384768
1322564896178032640
1322502820571062272
1322281030770925568
1321576150456553472
1321232084665585664
1321216339458088960
1320445385773588480
1320369901916327936
1320369184669392896
1320131612185710592
1319966076613107712
1319963828155781120
1319962851042263040
1317897294012993536
1317516048946614272
1317515179740057600
1317227739271757824
1317227258097094912
1316627743078051840
1316448436238123008
1316340634245095424
1316260922852339712
1316151470610419712
1316150423108059136
1316140023771791360
1316133487129362432
1316131073903001600
1316130713507434496
1316130262535811072
1316128022953684992
1316121528979853312
1316057920979828736
1315961194264616960
1315726099612086272
1315720089870663680
1315223476697882624
1315223426601086976
1315179726839918592
1314934195509170176
1314296414042759168
1314295813120700416
1314237996313595904
1314236406592606208
1313966616770760704
1313966401758081024
1313927972286590976
1313061191485460480
1312797994681610240
1312797248972087296
1312797193070411776
1312797126112485376
1312742856898105088
1312742061515341824
1312741961909129216
1312468952111443968
1311000299897790464
1310985130262114304
1310812415307796480
1310665718543691776
1310664257407717376
1310646827755204608
1310646391916703488
1310645414023049216
1310645324424392704
1310636633100873728
1310636507414368512
1310545581627015168
1310480436737585152
1310257055119355904
1310255451184025600
1310254599400546304
1310254475794354176
1310253985257984000
1310231805086269440
1310207462620958720
1309932630989828096
1309930988005396480
1309907888308211712
1309810030204551168
1309772645970444288
1309581016210853888
1309197979627200512
1309182652612849664
1308810464521072640
1308500296667222016
1308499794369949696
1308499464961896448
1308498235254812672
1308497933072060416
1308351349390745600
1308350635088252928
1308345357533884416
1308345247286599680
1308345201895919616
1308344057366810624
1308344027755012096
1308343915746033664
1308343825388183552
1308343807298228224
1308343634677334016
1308343591757111296
1308343381731442688
1308341883937198080
1308117798363824128
1308117496898224128
1308117241746124800
1308117162524110848
1308117046471819264
1308117000879824896
1308116953211387904
1308116920626032640
1308116783384195072
1308116771187163136
1308116755353661440
1308116615180026112
1308116602022490112
1308116462058561536
1308116422405562368
1308116390839291904
1308116319796170752
1307745102115352576
1307245147579658240
1306892722259791872
1306892708812857088
1306540204325511168
1306537918790545408
1305225523568795648
1305225114951340032
1305225097133858816
1305224842594185216
1305224795303350272
1305224505183408128
1305224326698893312
1305200749186617088
1304770713128186112
1304476003515936768
1303760194695028736
1303072949067538432
1301763461173710848
1301467547343171584
1301457011717144576
1301456993295761408
1301456976023638016
1301452718842748928
1301417723461808128
1300516224703627264
1300082458499653632
1300061456097042432
1299416676048531712
1299392456526528512
1298599539734085632
1298599453948022784
1298503635253571584
1298126210455810048
1298123806062653440
1297998973081456640
1297992056665706496
1297990426956312576
1297990027629166592
1297504614913314816
1297476267353178112
1297465733245534208
1297286683138949120
1297280410058186752
1297274705976659968
1297274418968887296
1297273190281084928
1297194039943532288
1297194020796596224
1297193823517528064
1297193772820897792
1297192681081315328
1297188444163252224
1297186942820519936
1296777175908200448
1296488031432695808
1296487816415911936
1295798882849427712
1295798067212570624
1293651923376185088
1291722700982046720
1290665642312507392
1290665305157652480
1287439758474579968
1287415290964389888
1286757471328112640
1286747558002470912
1286730091419099136
1286730041334861824
1286728056258928640
1286421038583119872
1286413396192243712
1286410477166370816
1286406670437044224
1286406255750283264
1286405984320192512
1286405639011471360
1286405479229423616
1286405244876992512
1286405129260892160
1286404855905607680
1286404772640194560
1286403985436545024
1286403568577191936
1286402183093723136
1286401818571005952
1286400818061750272
1286400350669484032
1286398651942817792
1286397619842031616
1285252525638246400
1285209705288212480
1284901803268636672
1284901341555458048
1284900568058793984
1284899541490245632
1284783407600476160
1284781433555505152
1284779258670448640
1284777790651408384
1283778177421185024
1283515795587333888
1283506938802778112
1283506036733808640
1283442075636322304
1283441938730016768
1283441854437089280
1282719264768655360
1282673229656731648
1282672098998091776
1282610182212780032
1282600330086187008
1282597214888636416
1282597140263567360
1282596976941563904
1282423315194404864
1282410805292670976
1282410281155678208
1282409700290699264
1282407361089548288
1282357713792413696
1282347370416615424
1282345347516375040
1282344926668361728
1282344356339486720
1282339504360235008
1282332359594053632
1282331942676058112
1282319347386654720
1282319182961479680
1282314508552282112
1282313248616980480
1282312645945757696
1282310656138645504
1282308396092477440
1282308326848593920
1282305091626831872
1282304825871536128
1282301592918806528
1282300824148938752
1282300283415134208
1282299439412056064
1282298828297732096
1282294844195589888
1282293850577526784
1282293070835453952
1282292666361950208
1282053763327496192
1282051501666570240
1282046300561776640
1282045779906093056
1282037920841466112
1281951612219592704
1281933299951325184
1281933156971622400
1281932751239815168
1281932662672969728
1281932599607296000
1281932521178116096
1281932445957468160
1281932358820798464
1281900561139458048
1281898812722810880
1281832832084697088
1281647370892013568
1281544787376721920
1281329599847309312
1280610612867973120
1280241505828065280
1280241493849014272
1280239712255516672
1280237436875005952
1280237405346332672
1280237365907292160
1280237072830300160
1280236983625924608
1280234787240841216
1280234668462419968
1280234591790432512
1280234368947163136
1280234297836871680
1280234175140896768
1280230126400266240
1280229224293576704
1280229164621213696
1280229111714189312
1280229072757493760
1280229052687822848
1280228983414587392
1280228879815315712
1280228825914314752
1280228812924563712
1280228792909299712
1280228764098666496
1280228736831553536
1280228690412974080
1280228673963032576
1280228655046819840
1280228570372231168
1280228552986824704
1280228199029509888
1280228131153031168
1280228084956966912
1280227134687019008
1280226850166407168
1280226646214283264
1280226259587534848
1280226234090340352
1280226099868336128
1279816257819336704
1279766061408235520
1279762373537128448
1279757290913042432
1279752412023095296
1279748013162999808
1279528516770554112
1278755115143487488
1278754385212907520
1278753189815353088
1278284146872377088
1278050472142782464
1278045118638051328
1278043868538298368
1277866035685863424
1277680898402668288
1277679326956224512
1277330930403860480
1277318380241014784
1277308839055024128
1277308177030303488
1277307769801056512
1277293647214645248
1277273948779155712
1277255755717107712
1277234676667727872
1277234556702253056
1277214274214076416
1277205498518003712
1277196793940500480
1277189771861864448
1277188696127746048
1276966738266066944
1276966697472266240
1276582007565365248
1276528348597030912
1276528153247330304
1276266650153738240
1276250562007359488
1276250394872754176
1276249966432968704
1276249467038113792
1276249308778676224
1276249007807967232
1275903820128759808
1275903169768361984
1275903078299045888
1275903051036004352
1275902995071369216
1275902908492627968
1275899692447129600
1275899339735523328
1275899263822843904
1275899041319182336
1275891336525340672
1275852301966680064
1275164994938851328
1275149883452915712
1275134323558092800
1274798593807974400
1274789537114398720
1274754019446136832
1274711134243880960
1274699117009276928
1274699076035063808
1274690667613163520
1274689825325580288
1274688324201058304
1274632142740500480
1274631485744730112
1274630757391179776
1274630613904080896
1274629999170146304
1274470341042155520
1274469753705443328
1274467564773617664
1274463609268121600
1274458141246337024
1274457860144070912
1274457546326249472
1274452983024095232
1274449593456037888
1274449552427212800
1274445623685779712
1274445129852620800
1274444556050870272
1274444023206481920
1274443588429061888
1274442540847181824
1274423881542127616
1274419411491999488
1274418917310685184
1274410804729741312
1274410689461981184
1274410673854873600
1274410437493370880
1274405255422361600
1274405185633366016
1274404589958242304
1274376513941536768
1274371638721679360
1274364529707712512
1274363558919372800
1274360599586226176
1274360510574735360
1274360482946863104
1274360453213405184
1274282349606383616
1274282223391379712
1273711696092303360
1273709578732146688
1273703166870257664
1273697304005017600
1273694910848303104
1273694705163931648
1273360317330919424
1273355954701115392
1273352053251858432
1273343493092622336
1273339202466467840
1273333788991524864
1272985513234968576
1272985480263610368
1272985376865558528
1272967968587120640
1272948625178591232
1272948332957237248
1272920050010402816
1272640361509408768
1272601332655034368
1272599016941867008
1272598651404037888
1272597597052473088
1272597322728267776
1272420451898347520
1272417735557943296
1272412043619053568
1272288034982178816
1272286784706301952
1272283907224997888
1272279086858219520
1272278940707704832
1272278699094794240
1272259062382637056
1345684596181135360
1345684458545016832
1345684413049413632
1345684391977226240
1345684374088540160
1345684223747903488
1345684156827787264
1345683753897783296
1345683703184429056
1345683549937152000
1345683451308077056
1345683430374334464
1345683389899284480
1345683372853571584
1345683353228476416
1345683178690912512
1345682445606277120
1345682093460877312
1345682058065162240
1345682018617724928
1345681735091105792
1345681410846306304
1345681184378990592
1345680824688107520
1345678991055859712
1345678977621499904
1345678953957257216
1345678917852667904
1345678904711930112
1345678891642445824
1345678873321738240
1345678855995076608
1345678834679603200
1345678774474600448
1345678699962785792
1345678623056011264
1345678316074901504
1345678171220410368
1345677999346225152
1345677246212804608
1345677225509736448
1345676980520419328
1345676955404873728
1345676895065669632
1345676844864073728
1345666666945015808
1345666619771670528
1345666557356204032
1345532740230381568
1345531722021163008
1345531217568034816
1345529486759120896
1345529317229522944
1345529099532587008
1345528965373571072
1345528901624352768
1345528800961028096
1345516352585535488
1345516245341368320
1345516192409280512
1345515309868998912
1345514938513694720
1345514639573069824
1345512695437684736
1345512628907614208
1345512559928102912
1345512535903137792
1345512508577239040
1345512470174117888
1345512418336772096
1345512376335032320
1345512319611236352
1345512297133961216
1345512254964445184
1345512170268876800
1345512149490294784
1345512098374311936
1345512071216181248
1345512002458947584
1345510880797204480
1345509876554936320
1345509742710562816
1345509723626467328
1345492145491369984
1345491917879070720
1345491770352742400
1345491702254100480
1345491666849964032
1345491615708831488
1345491477187715072
1345491178783965184
1345489956718997504
1345489819208736768
1345486984081502208
1345486157732327424
1345484105387917312
1345484080645893888
1345484035695341568
1345484005165166592
1345483977524727808
1345483947996807168
1345483891587559424
1345483856565186560
1345483796771205120
1345483765573939200
1345343460354744320
1345343320520843264
1345343293262061568
1345296294072492032
1345296268071997440
1345296206235394048
1345295964316307712
1345295930044657664
1345295913049349888
1345295874423980032
1345295636661493760
1345295475071741952
1345249518162485248
1345249467809861632
1345248987545272320
1345248931027030016
1345248744472797184
1345248651438915584
1345248539903975424
1345248496098701312
1345246702333210624
1345246564302934016
1345246511509229568
1345246380663709696
1345246298153377792
1345246249956610048
1345245589689217024
1345239787284926464
1345238879251660800
1345238839472828416
1345238810737709056
1345237851622027264
1345236907152863232
1345236829696630784
1345236698196815872
1345236372366516224
1345236347594928128
1345236315953049600
1345234724046966784
1345234611325054976
1345234565317726208
1345234543704502272
1345234452641964032
1345234398162128896
1345234341589381120
1345234317652467712
1345234264380608512
1345233898826059776
1345233264869597184
1345232604484808704
1345231775480639488
1345230886216884224
1345229940095143936
1345229916221140992
1345229835426291712
1345229776454352896
1345229731147472896
1345229671529635840
1345229607214206976
1345083077362651136
1345083076934832128
1345083042055020288
1345083035943890944
1345082997503094784
1345082987956715520
1345082950761787392
1345082723598290944
1345070342725890048
1345069959148417024
1345069868970876928
1345069697612603392
1345069507816120320
1345069481031294976
1345069426941583360
1345069125744422912
1345068314649894912
1345068131354603520
1345068058054979584
1345067982788194304
1345067596392128512
1345067375788498944
1345060998584135680
1345060955332489216
1345060922700783616
1345060386874281984
1345060054253375488
1345060010380955648
1345059991221374976
1345059899487744000
1345059867271323648
1345059843292459008
1345059808936923136
1345059513871847424
1345059425837600768
1345059398851375104
1345059353951432704
1345059327384694784
1345059294773960704
1345059266747658240
1345059225546977280
1345059182064623616
1345059077387378688
1345059023767396352
1345058995371974912
1345057168324755712
1345056485794074624
1345055198419562496
1345051053113413632
1345051028933259264
1345050995932471296
1345050969944567808
1345050891443908608
1345050859474997248
1345050832950206464
1345050789656600576
1345050747751309312
1345050688846508032
1345050659675107328
1345050635587252224
1345050583863078912
1345050537981566976
1345050491844255488
1345050455924236288
1345050402136285184
1345050345043615488
1345050136477630464
1345050111689289728
1344946289239347200
1344946244364476416
1344946212735213568
1344946104941637632
1344946087992426496
1344713963821559808
1344713037094268928
1344712600777592832
1344712579692843008
1344712499883618304
1344712401330057216
1344712034257137664
1344711913498927104
1344711767147110400
1344711693742571520
1344711644312727552
1344711612960288768
1344711438997352448
1344711400774627328
1344711385314426880
1344711368746930176
1344711171178430464
1344710542766853888
1344710343445123072
1344709894725902336
1344709432173879296
1344700434485813248
1344700405255704576
1344700378500231168
1344700331612131328
1344700306781851648
1344700270819889152
1344700245893140480
1344666837372575488
1344664749607411712
1344664260069232640
1344663622937686016
1344663596790411264
1344663498022858752
1344661930523435008
1344661762122117120
1344661745164549888
1344661728718688512
1344661710066614272
1344661691854938112
1344661671407718400
1344661632702705664
1344661264442781696
1344660479835299840
1344651767871582208
1344651745327251712
1344514906016657408
1344514746603745280
1344417780481797888
1344417760152051712
1344417745916583936
1344417729575587840
1344417702606209024
1344417687066320896
1344417669676748800
1344417535484157952
1344417508867059712
1344417370589302784
1344417305099431936
1344417288796176384
1344334445566959616
1344333022829621248
1344332926255820800
1344332891480850432
1344332860732399616
1344332633854136320
1344332070689116160
1344331534967386112
1344331496606347264
1344331442650755072
1344331422291656704
1344331392935723008
1344331313881427968
1344161995956871168
1344158044763136000
1344052545736552448
1344052094303612928
1344052013265510400
1344051890095607808
1344030365535629312
1344030344929029888
1344030319922589696
1344030296178634752
1344030270790504448
1344030249126924288
1344030223298392064
1344030182659780608
1344030131095040000
1343980084324139008
1343979000012689408
1343978981910044672
1343978963186692096
1343978855435002112
1343978807003406336
1343960323703906304
1343960278397034496
1343960253981990912
1343960226224087040
1343960205340631040
1343960176173449216
1343955692084997888
1343954577817800704
1343953924424921088
1343953901163261952
1343953881341026304
1343953867457900288
1343953849866985472
1343953363155767296
1343953022213365760
1343952919972950016
1343952803144863488
1343952709997760512
1343952126301638912
1343951945711677440
1343951878212755712
1343951697278853120
1343951655356796928
1343951470060830720
1343951383242956800
1343951361801674752
1343950831343775488
1343950787395911680
1343949490907205632
1343949463073804288
1343949075838881792
1343948947199582208
1343948921857568768
1343948897295736832
1343948832904785920
1343789375230980096
1343789161648713728
1343611050965557248
1343600833104109568
1343600475917197312
1343600286468812800
1343600221406851072
1343599971665375232
1343599874470764288
1343599837170819072
1343599707843661824
1343598268236898304
1343597161129398272
1343595866788143104
1343595083363475712
1343594596031455232
1343594426350923776
1343594202660302848
1343594172054450176
1343594145890369536
1343594108254892032
1343593617861042176
1343593584759599104
1343593237341233152
1343592088823279616
1343592069588258816
1343592002542297088
1343591987426033664
1343591971332485120
1343591954022600704
1343591742973599488
1343591695699603712
1343591423761932288
1343590912245509888
1343590539543912448
1343321797169721088
1343313515973644288
1343313450416680960
1343312881807462400
1343294997446144000
1343294936221949952
1343294850372931584
1343294822485024768
1343294786049089536
1343291449094385664
1343276003804798976
1343275231499182080
1343275082647535616
1343273599029960704
1343272843015020288
1343272314650165248
1343272180080128000
1343272078963859712
1343272009359355904
1343271923019603968
1343271220536598528
1343271169600970752
1343270650119598080
1343270603030147072
1343270507131580416
1343270487816867840
1343270475338817536
1343270458280603648
1343270436063354880
1343270395215011840
1343270379155038208
1343270360079339520
1343270345923551232
1343270330597568512
1343270312251707392
1343270300918669312
1343270279666159616
1343270262079451136
1343270237693767680
1343270137953198080
1343270112019804160
1343269994013011968
1343269966485794816
1343269723417538560
1343269685660438528
1343269546359189504
1343268982145642496
1343265703001006080
1343265680087511040
1343265651532689408
1343265605588295680
1343265573535428608
1343265544489869312
1343265509756850176
1343265484884631552
1343265428538327040
1343265294597447680
1343265268081041408
1343265227673104384
1343265198979870720
1343265117895618560
1343265095611256832
1343265069631762432
1343264954850435072
1343264891306733568
1343264828241146112
1343264804526567424
1343264775581609984
1343264731428171776
1343264709995343872
1343264676659015680
1343264635823271936
1343264612020584448
1343264558434181120
1343264532265885696
1343264490264158208
1343264464058117888
1343264414716358912
1343264384957751296
1342495202901159936
1342494710821253120
1342490612617121792
1342490587442896896
1342490280134635520
1342490119039815680
1342490005713924096
1342489985572868096
1342489954203660288
1342489927297232896
1342489895189803008
1342489747348926464
1342489729808429056
1342489675320221696
1342489523784200192
1342489464791310336
1342489048443707392
1342488985965391872
1342488880780554240
1342488865857269760
1342488613280506112
1342488487367421952
1342488281783660288
1342487962102202368
1342487878471974912
1342487732518608896
1342430303462289408
1342379276411273216
1342379248997310464
1342348572788986112
1342348420531544064
1342348402047250432
1342348349836582912
1342346161131282432
1342256804890365952
1342256267184766976
1342256238944514048
1342256211178254336
1342256112695963648
1342256021708922880
1342255996685713408
1342186074160975872
1342184429234647040
1342182983873277952
1342175566720593920
1342174478839803904
1342170042197225472
1342169965672226816
1342169882004234240
1342169776861425664
1342169741838966784
1342169437689012224
1342169383939022848
1342169357435228160
1342169332449763328
1342169280385871872
1342169256851595264
1342169231677382912
1342169182713098240
1342169139545309184
1342169116363390976
1342168708341506048
1342168693036503040
1342168676745805824
1342168658609631232
1342168641849188352
1342168625537540096
1342168602464628736
1342168582508208128
1342168563222781952
1342168477063372800
1342168460118392832
1342168443613753088
1342168428367511552
1342168316144742400
1342168301519167488
1342168284561600512
1342168269638295552
1342168231528853504
1342168218404872192
1342168042244104192
1342167864384622592
1342167844449116160
1342167825910263808
1342167804838113280
1342167787712741376
1342167770792927232
1342167755102056448
1342167743202783232
1342167730254970880
1342167698948710400
1342167637758005248
1342167618954911488
1342167582196031488
1342167518811721728
1342167330143539200
1342167246811103232
1342167224929427712
1342167183472947200
1342167163667419136
1342167143144677376
1342167121099370496
1342167066422468608
1341982602929049600
1341982382648340480
1341982365829242880
1341982347550478336
1341982330353803264
1341982306446303232
1341982252385918976
1341982166717259776
1341982072030818304
1341981253550170112
1341981144582131712
1341981099287838720
1341980873323933696
1341980834115559424
1341980792180924416
1341980743946403840
1341980710706491392
1341980642263900160
1341980448944246784
1341980376949018624
1341980238797008896
1341975689457770496
1341974139704369152
1341820212165939200
1341820117445976064
1341820049670221824
1341820014828122112
1341819971433861120
1341819902936698880
1341819881008885760
1341819842521870336
1341806598847684608
1341795720920182784
1341795671888814080
1341795618763714560
1341794109485363200
1341793860331122688
1341793682261995520
1341793647482822912
1341793595947421696
1341793566339772416
1341793546060386304
1341793309245779968
1341793286122561536
1341788944569163776
1341785435912237056
1341785408087179264
1341785381038075904
1341785357000597504
1341785326608650240
1341785292861259776
1341785215874850816
1341785181993230336
1341620419061821440
1341615456755601408
1341615265285611520
1341614683992801280
1341482634325729280
1341482606882373632
1341482584367370240
1341482559675482112
1341482392100483072
1341482368662691840
1341435764853399552
1341435741088456704
1341435717331918848
1341435677309857792
1341435660079607808
1341435639359803392
1341435624713314304
1341435608435200000
1341435577246334976
1341435547844308992
1341435536825700352
1341435521713770496
1341435504508743680
1341435483872739328
1341435470954311680
1341435456639164416
1341435444790239232
1341435430202433536
1341435411114188800
1341435394945146880
1341435379292000512
1341435362506248192
1341435341861957632
1341435324761837568
1341435309763022848
1341435293782732800
1341435280109256704
1341435257988505600
1341435235205046272
1341435220684320768
1341435197246586880
1341435179450183680
1341435151822282752
1341435133157621760
1341435116892073984
1341435078421979136
1341435065151217664
1341435031332515840
1341435014043611136
1341434968992608512
1341434951036710912
1341434933135486976
1341434912637894912
1341434891817381888
1341434863283539968
1341434847450062848
1341434827564847104
1341434748774838272
1341434666147066112
1341429290357932032
1341429244682006528
1341429085931770112
1341424875685228288
1341424744877461504
1341424370204499968
1341424342161342464
1341423940787466240
1341422036741201920
1341421996861763584
1341421961734479872
1341421889818914816
1341421782671220736
1341421754313531392
1341421727788744704
1341421686223228928
1341421661430673408
1341421629994389504
1341421559978844160
1341420641564696576
1341276758465720320
1341276720402456576
1341276671601733632
1341276598872510464
1341276143731826688
1341275990048333824
1341275874788864000
1341275807726104576
1341275602326831104
1341275239062384640
1341275203616337920
1341275129763024896
1341275113677873152
1341274595400310784
1341274565910147072
1341274530837311488
1341274450092810240
1341274407096991488
1341274359315480576
1341274337207267328
1341274311563374592
1341274298997215232
1341274292760276992
1341063639093141504
1341063437217099776
1341063414039388160
1341063381361569792
1341063312444944384
1341063247169019904
1341063218693877760
1341063183927308288
1341063126452723712
1341062889004805888
1341062844360642560
1341062807031324672
1341062775863463936
1341062751070908416
1341062724525109248
1341062699778777088
1341062677729316864
1341062213042384896
1341062151042154496
1341061992107433984
1341061971156852736
1341061944267124736
1341061897311952896
1341061873316315136
1341061851795382272
1341061828403752960
1341061806694002688
1341061785605042176
1341061763824054272
1341061733704724480
1341061712104075264
1341061682349699072
1341061593640124416
1341061565991235584
1341061505178095616
1341061480578486272
1341061453512650752
1341061426249654272
1341061383987859712
1341061358251618304
1341061324927807488
1341061301557145600
1341061279381860352
1341061222750429184
1341061197693677568
1341061140680495104
1341061092676669440
1341061016269012992
1341060987395452928
1341060960866496512
1341060922601857024
1341060493931364352
1339904349691130112
1339904305885818880
1339904270825627648
1339904253196984320
1339904252374900736
1339623306950008832
1339623277321466112
1339623248162656512
1339623187898888192
1339622996655415296
1339622197808275712
1339622034762919936
1339621696869982208
1339620771237421056
1339620096042536960
1339619393572057088
1339611104415236096
1339610596740898816
1339610567066202112
1339608972966453248
1339608845354725376
1339608491053367296
1339608441761886208
1339489960819306496
1339488094601568512
1339487867773607936
1339487834382721024
1339486944963735552
1339486087752916992
1339485675742228480
1339485608440451072
1339485564190507008
1339485544351477760
1339485476797988864
1339485130751160320
1339485103173611520
1339485065080954880
1339485048274382848
1339485024547172352
1339485012182315008
1339484978531471360
1339475785099272192
1339475744934780928
1339475660256005888
1339475640253333504
1339434570052153088
1339434175632461824
1339344468290449408
1339341691111747584
1339341139082694912
1339337724386565888
1339329941427646464
1339329852281925632
1339329806257819648
1339326796916011008
1339326500349284352
1339324730604707840
1339323099104366592
1339321815135563776
1339319310704140288
1339319172191449088
1339319102670835712
1339319076074757888
1339319048618840064
1339318995120500736
1339318531402444800
1339318260672638976
1339318121405030400
1339316687267618816
1339316418316267520
1339316387685265408
1339316322086383616
1339273679599964160
1339273649862430720
1339273581545594880
1339273531998212096
1339273502927376384
1339273474871865088
1339273456169390080
1339272069041823488
1339272042818965504
1339272011512754176
1339271987236130816
1339271960241594368
1339271764883468288
1339271634511949824
1339271607261474816
1339271576580218880
1339271334594043904
1339271251018338304
1339261424749727488
1339261375059726336
1339242648448737280
1339242628240584704
1339242604249174016
1339242586360442880
1339242570757644288
1339242547001122816
1339242519041859584
1339242496841428992
1339241660069326848
1339241637210362112
1339241369701920768
1339241107759243264
1339241081448312832
1339240965933031424
1339240533143773184
1339240494891724800
1339240201164627968
1339240171057852416
1339240138312982528
1339239988735713280
1339239955684528128
1339086269205389312
1339086138749972480
1339083251353349888
1339081975404093440
1339081621232869376
1339081331754610688
1339081178838691840
1339080799078014976
1339080628948639488
1339080584723902464
1339080228195495936
1339079898724438016
1339079162020159488
1338996300088561664
1338995889470320640
1338995269887733760
1338992945849131008
1338992745839472640
1338907606300172288
1338907567448322048
1338907499399933952
1338894073491550208
1338893632074637312
1338891690204164096
1338891622709334016
1338891562068172800
1338890565350547712
1338890092077838336
1338890062541549568
1338889975128092672
1338889942068580352
1338889921751347200
1338889898884001792
1338889862888427520
1338889841648558080
1338889818097512448
1338889613570691072
1338889572860776448
1338889544524034048
1338889512227905536
1338889429499469824
1338888698600038400
1338887581132611584
1338747147102072832
1338747021474336768
1338746660143370240
1338746497417039872
1338741847838093312
1338738262878380032
1338737824741388288
1338737724296192000
1338737602208395264
1338737255469428736
1338737222108016640
1338718429545631488
1338717512188506112
1338717491816767488
1338717428298227712
1338717407024721920
1338717380889939968
1338717316297658368
1338620919141502976
1338620818885107712
1338611347039399936
1338611330291560448
1338611304882446336
1338611283973771264
1338611228822937600
1338611198842068992
1338611174410252288
1338611107381059584
1338611029715148800
1338610923787988992
1338610902619348992
1338610837884456960
1338610710859952128
1338610682883956736
1338610655075721216
1338610629297500160
1338610598981070848
1338610563388203008
1338610217894940672
1338609984926519296
1338609537239158784
1338609519719555072
1338609463939506176
1338609335841255424
1338609280078000128
1338542314051031040
1338526205834891264
1338525031865913088
1338524998173159424
1338524950580367360
1338524905466425088
1338524872176267264
1338524827527892992
1338524797161123840
1338524767486406912
1338524718828282112
1338523785587208192
1338523766037630976
1338523747985264640
1338523722647547904
1338523690863128576
1338523671846146048
1338523575997800448
1338523554871209984
1338523523296468992
1338523371705954304
1338523261383094272
1338523240386490368
1338523223374311424
1338523203887648768
1338523178931511296
1338224289624035328
1338224260259700736
1338220631381434368
1338220608400879616
1338220591430725632
1338220558438326272
1338220518395305984
1338220445112340480
1338213218242670592
1338210648132644864
1338210614766952448
1338210586556059648
1338187570640015360
1338186598719090688
1338186550933417984
1338186438463066112
1338186412001210368
1338185953920290816
1338185940825726976
1338185929882804224
1338184933110640640
1338184816265719808
1338184756547231488
1338178321117552640
1338176633371553792
1338175732103647232
1338175688268976128
1338172622807379968
1338172589584375808
1338172553450430464
1338172506016976896
1338170068694409216
1338169487275790336
1338162167363874816
1338160813790605312
1338159252372910080
1338158760230064128
1338156405984005888
1338155127442698240
1338155098078326784
1338155066809847808
1338134903469322240
1338134323380281088
1338134152328130560
1338132764873400320
1338131859369291776
1338123209619738624
1338123145719541760
1338123114660712448
1338123072285634560
1338123043743424512
1338123018007158784
1338122989238411264
1338122921441697792
1338122891901210624
1338122839245905920
1338122604553646080
1338122488576937984
1338122459971801088
1338122365650219008
1338122318925733888
1338122285723619328
1338122255130373888
1338122194606579712
1338121820583698432
1338121802241937408
1338121768628711424
1338121751205711872
1338121734696939520
1338121720344027136
1338121704078499840
1338121684776312832
1338121661560856576
1338121637112246272
1338121617701036032
1338121557617631232
1338121517876596736
1337819960555565056
1337815193146060800
1337813315075133440
1337813253645328384
1337813225526714368
1337813170761723904
1337813114381889536
1337813074301083648
1337812462490542080
1337812406861492224
1337812388628848640
1337812345486266368
1337543173833416704
1337540435292663808
1337539898857893888
1337538409590644736
1337538388719771648
1337538318821711872
1337537679710425088
1337537088791646208
1337537035045834752
1337537000954540032
1337536944323092480
1337536895472050176
1337536867349237760
1337536825494286336
1337536776521601024
1337536724939968512
1337536693847646208
1337536657713721088
1337365382613639168
1337364451121618944
1337364355470462976
1337363423517155328
1337335046894710784
1337334938723553280
1337334882117312512
1337334752974663680
1337332212660887552
1337332109061615616
1337292542757531648
1337285358497697792
1337285186615177216
1337264906790440960
1337264884971675648
1337264866281861120
1337264833155174400
1337264809327333376
1337264785667264512
1337257067804057600
1337122288769101824
1337116782713131008
1337116736378822912
1337116591566303232
1337116463224791040
1337116419431993088
1337115551739633664
1337115469514358784
1337115428498378752
1337115397615738880
1337115315155709952
1337115274072518912
1337115173644087296
1337114053546799104
1337113460086333440
1337112646206824448
1337110205969129472
1337108499982118912
1337107864628957184
1337084550732787712
1337084520600924160
1337084419144822784
1337084355286605824
1337084322994647040
1337084293374496768
1337084261485178880
1337084236243800064
1337084188068081664
1337084157097291776
1337084119180832768
1337081140151246848
1337081084564135936
1337081060526596096
1337081039253069824
1337080817470877696
1337080408454926336
1337080377236730112
1337079897420869632
1337079695494574080
1337079249044463616
1337078732192935936
1337078186639810560
1337078085724876800
1337078041491681280
1336904487487860736
1336903080470859776
1336903023768072192
1336902129823473664
1336901995723153408
1336824380345737216
1336820914000965632
1336816857463054336
1336816840677486592
1336816823241764864
1336816799896231936
1336816777439875072
1336816756485197824
1336816733236187136
1336816714860945408
1336816695072190464
1336816675862302720
1336816656870498304
1336816639686434816
1336816621705367552
1336816603988701184
1336816582933278720
1336816560003026944
1336816529627820032
1336816472748920832
1336816032049197056
1336815544071282688
1336814271141990400
1336813649932017664
1336812994290995200
1336811652168249088
1336811588968468480
1336811129021075712
1336811098444587008
1336810877086011392
1336810833922428928
1336810769095200768
1336780996876902400
1336727984548483072
1336727952579506176
1336727926570618880
1336727897994915840
1336727871503667200
1336727785247821824
1336727710534684672
1336727677487751168
1336727646298910720
1336727609653256192
1336727463024615424
1336727430409695232
1336727300629524480
1336557637815705600
1336546769463898112
1336543252275728384
1336543214602424320
1336542924885078016
1336542596831776768
1336542525184684032
1336535476921102336
1336535431803002880
1336458226930487296
1336458170798108672
1336458116238618624
1336458058382368768
1336458025989775360
1336457995048411136
1336457971249909760
1336457926823849984
1336457860935536640
1336456760169803776
1336456732063768576
1336456625025114112
1336456595740430336
1336456505206444032
1336456449862602752
1336456124736921600
1336456093267079168
1336456060673150976
1336456025633923072
1336455920474333184
1336455755973718016
1336455640475119616
1336455610393653248
1336389936749162496
1336389774777659392
1336389609073352704
1336389519386554368
1336389432103014400
1336389397407789056
1336389378269204480
1336389330391207936
1336388986261135360
1336388792102563840
1336388739669626880
1336388605686779904
1336388023173476352
1336387826884153088
1336387784723017728
1336387755887226880
1336387730507501568
1336387703252934912
1336387668339515392
1336387342878302208
1336387258442780672
1336387136292007936
1336387023607894016
1336345244443566080
1336345203792338944
1336345167574470912
1336345132279459840
1336345068333125632
1336345001052299264
1336344941094727680
1336344819229143040
1336344727948549888
1336344596398428160
1336344283343953920
1336344147356213248
1336343395757944832
1336343362195103488
1336343281010151424
1336343233358667776
1336225240507183104
1336197735360438272
1336197323421052928
1336197109050204160
1336180035376517120
1336180018037321728
1336180001025175552
1336179982981353472
1336179664398807040
1336179637748117504
1336179618492116992
1336179598300753920
1336179454973009920
1336179433724637184
1336179386370977792
1336179182741708800
1336178946673610752
1336178384909570048
1336094803273146368
1336094703679381504
1336094609089368064
1336091942019608576
1336091907701792768
1336091817968873472
1336091777984569088
1336091727992659968
1336091687437946880
1336091652461645824
1336006790090268672
1336006748331761664
1336006663246139392
1335979818580586496
1335979803971825664
1335979784682295296
1335979765669486592
1335979750603546624
1335979733335613440
1335979711810449408
1335979667195633664
1335979646429655040
1335979625705582592
1335979520483090432
1335979500002226176
1335979481031446528
1335979461242654720
1335979442783580160
1335979424823513088
1335979402962882560
1335979379025977088
1335979357978959872
1335979338106335232
1335979268254408704
1335978811695968512
1335978730372653056
1335978699167064064
1335978645676912640
1335978609245368320
1335978578002014208
1335978371386404864
1335978341862699008
1335978288242634752
1335978252008116224
1335905904219353088
1335890632804622336
1335890106981502976
1335882146595168512
1335882120502386688
1335882099811868672
1335882078618087424
1335882038268874752
1335882015699251200
1335881988633464832
1335881920207581184
1335881874883956736
1335881853996310528
1335881809624698880
1335881791241117696
1335881771116802048
1335881729043730432
1335881711268356096
1335881691420897280
1335881670478753792
1335881643345780736
1335881570884968448
1335881554279747584
1335881537120858112
1335881509245423616
1335746737869381632
1335746569317085184
1335744094266593280
1335743801932062720
1335742785211813888
1335729842504032512
1335729276713365504
1335729171360837632
1335729120949530624
1335717988603977728
1335717965875081216
1335717945650143232
1335717923952922624
1335717906387185664
1335717879321341952
1335717858626703360
1335717841774014464
1335717788518899712
1335717433945059328
1335717415716581376
1335717399929171968
1335717366341177088
1335717341569683712
1335717293897248768
1335717275840753664
1335717260082737152
1335717244609961984
1335717227354525696
1335717208807366912
1335717191057088512
1335717170261741568
1335717146656169984
1335717128524230912
1335717092117647360
1335716979441852416
1335716563144617984
1335716348094255104
1335716209313124352
1335716117428527104
1335714133036199936
1335714098122780672
1335714072634023936
1335714016728129536
1335713993093226496
1335713958716731392
1335713924486926336
1335713868337864704
1335713841997631488
1335713794350325760
1335713756492533760
1335713725731500032
1335713694236487680
1335713585889210368
1335713518746800128
1335713486287024128
1335713441156374528
1335713405135708160
1335713345689821184
1335713297132384512
1335712062601883648
1335711385586634752
1335400063493877760
1335398865852379136
1335393563052531712
1335393001133236224
1335392669049171968
1335392200159621120
1335392083415355392
1335391943422058496
1335391680372092928
1335389046118502400
1335388421871837184
1335385227607290112
1335384471743422464
1335354592138235904
1335354370276388864
1335354068026449920
1335353988158513152
1335353515758284800
1335353382576533504
1335353188589981696
1335353010084581376
1335352851439214592
1335351368824058112
1335351332505604096
1335351299739672576
1335351270140489728
1335351191514083328
1335351158555160576
1335351124891734016
1335351093694521088
1335351010026541056
1335350978992890112
1335350943014146048
1335350875754262528
1335350844091490304
1335350812781006848
1335350779176226816
1335350743059099648
1335350629229801472
1335350591468564480
1335349563335581696
1335348944503758848
1335022924596563968
1335013951411785728
1335013909175160832
1335013885296979968
1335013685174145024
1335013661086257152
1335013555536596992
1335013534623813632
1335013132335509504
1335013097254375424
1335012900885368832
1335012777333837824
1335012702943670272
1335012280069656576
1335011665893527552
1335000200797106176
1335000040113311488
1334996040110530560
1334995795796484096
1334995552820474112
1334995212284928000
1334994969912897536
1334994940577845248
1334994892670595072
1334994860085026816
1334994825393925888
1334994780460290048
1334994735916847104
1334921252750942208
1334920432445747200
1334920332185133056
1334919223194300416
1334917624078217216
1334917439872773888
1334901837405843712
1334901789708185600
1334901750105518080
1334901596615036928
1334901559436713984
1334901486103433216
1334853828248805376
1334853795357093888
1334811161615888384
1334811115214102528
1334800426441584640
1334789317252833280
1334789276198907904
1334735338699436032
1334734922293108736
1334734742055514112
1334734691837095936
1334734323996631040
1334734206799409152
1334732092324929536
1334732060796350464
1334731935248240640
1334727158212734976
1334726361596956672
1334726342072479488
1334726321205866496
1334726296971177984
1334726260023578624
1334726239035281408
1334726191358627840
1334722643744989184
1334668706828476416
1334573079339659264
1334566564142731264
1334566511017603072
1334566484853600512
1334566431174877184
1334566063380508672
1334566001162252288
1334565947605209088
1334565929477353472
1334565907021050112
1334565707502280704
1334565670034546688
1334563574472187904
1334562841811169280
1334562678866632704
1334561984889696512
1334559827314487296
1334559797442703360
1334559748222574592
1334559706287910912
1334559664810430464
1334559607767887872
1334559537848856576
1334559501341630464
1334546234841960448
1334546187836411904
1334546161718464512
1334546125383229440
1334544804311609088
1334544780026580992
1334537880790839296
1334537859584421888
1334537839535677440
1334537821282053888
1334537797009616896
1334537739296002048
1334537720715227136
1334537577328766976
1334537554125844480
1334537441445900288
1334537299447713792
1334536922539188224
1334536820554670080
1334422818986004480
1334422776736866304
1334422731874578432
1334422699603611648
1334368656361476096
1334365129807441920
1334359601341485056
1334310612067889152
1334310588164534272
1334310518044184576
1334310467691491328
1334310251043098624
1334310224530956288
1334310139671752704
1334308428936830976
1334308373014208512
1334308355964358912
1334308334313345024
1334308317401903104
1334308293049802752
1334308105354702848
1334308051877302272
1334308010861191168
1334307913385582592
1334307766924701696
1334285446801747968
1334285166085370112
1334283468818223104
1334283303336210432
1334282618049679360
1334282595329306624
1334282476915666944
1334282279456272384
1334281878891880448
1334245262190112768
1334245190698229760
1334245143784861696
1334224874739539968
1334209945974284288
1334209906388426752
1334209323954806784
1334209225640325120
1334209198293479424
1334209164319608832
1334209108061392896
1334208587716055040
1334198106330685440
1334198018640408576
1334197984830124032
1334197955037982720
1334197925564608512
1334197892349898752
1334197856505303040
1334197835345104896
1334197808317034496
1334179029759488000
1334178930039861248
1334178906920935424
1334178871143526400
1334178850557865984
1334178829175320576
1334178781007896576
1334178697386094592
1334178676674605056
1334178658001559552
1334178506910134272
1334178479122886912
1334178312151818240
1334178256891879424
1334178211677302784
1334178113727688704
1334178019729084416
1334088748267675648
1334088693875879936
1334088593682403328
1334079651099119616
1334079492780920832
1333998123451084800
1333998096985038848
1333998073773756416
1333998051455856640
1333997945415475200
1333997894672789504
1333997867640483840
1333997841820381184
1333997821960327168
1333997798614822912
1333997777630670848
1333997756650827776
1333997732860747776
1333997708034650112
1333997668398485504
1333997624987430912
1333997563645718528
1333997498952785920
1333997476139962368
1333997449627783168
1333997396481675264
1333997282434420736
1333997261525823488
1333996621151997952
1333905537826746368
1333905383862235136
1333905266497245184
1333905234972839936
1333889071538712576
1333889037661310976
1333888895306625024
1333888869746479104
1333888852650504192
1333888790251921408
1333888753933410304
1333888681388732416
1333888644910882816
1333884364220981248
1333884322756104192
1333884288677392384
1333884248357539840
1333876378433949696
1333876350826975232
1333876320187637760
1333876282287939584
1333876251048751104
1333840023582601216
1333832614147448832
1333832517535805440
1333832484056936448
1333832451177766912
1333823070742654976
1333822893176795136
1333820425764278272
1333820350795223040
1333816225672159232
1333816092008050688
1333815174936006912
1333814981322829824
1333814949290897408
1333814791455076352
1333814717232635904
1333814594486341632
1333814477117067264
1333812482465533952
1333812254563835904
1333809477594779648
1333809371533422592
1333807036207935488
1333806990871687168
1333806964955107328
1333806892670443520
1333806846663143424
1333806820335505408
1333806785585700864
1333806657869148160
1333806629289160704
1333806602349137920
1333806571072188416
1333806464809529088
1333806401400004608
1333806348686008320
1333806227797794816
1333806210685030400
1333650028091633664
1333649618870145024
1333649598141886464
1333649578206302208
1333649560615399424
1333649527010701312
1333649446937251840
1333648901564489728
1333648748011003904
1333648712241975296
1333648608374231040
1333648565713989632
1333648180093677568
1333647968386298112
1333638626467586048
1333638531453947904
1333634171043000320
1333551378413875200
1333551360109850624
1333551340048560128
1333551302178197504
1333551276878082048
1333551239129395200
1333551220791926784
1333551174822334464
1333551136918413312
1333551116299198464
1333551096585924608
1333551077682262016
1333551057947996160
1333551010271420416
1333550969943109632
1333550948413829120
1333550930223124480
1333550910333718528
1333550890108776448
1333550814527447040
1333550793828540416
1333550771338694912
1333550735385047040
1333550659833131008
1333550642871349248
1333550619932680192
1333550542384226304
1333530581188173824
1333520464392695808
1333520431182188288
1333516500934778880
1333516452016640000
1333487137392648192
1333487012482002944
1333484625671450624
1333483838383779840
1333483793764786176
1333483751775596288
1333483700630253568
1333483616668692480
1333464882239385600
1333463445883195392
1333463399624290304
1333463143708815360
1333457492651675648
1333454312119406592
1333454283975647232
1333454253843771392
1333408295936282624
1333408252017643520
1333408212528328704
1333408182304124928
1333408147386544128
1333378991764475904
1333378985976356864
1333378984554471424
1333378979919765504
1333378975666757632
1333378975666724864
1333375633989267712
1333333788043120640
1333294194446766080
1333274694993195008
1333274651347329024
1333258685460721664
1333181443430895616
1333121632706179072
1333121594970038272
1333121573771997184
1333121559712702464
1333121539735248896
1333121520399507712
1333121504918302720
1333121487826546688
1333121469992275968
1333121452606939136
1333121433921318912
1333121416070356992
1333121395371421696
1333121364618829824
1333121346386190336
1333121326203215872
1333121305764302848
1333121287162650624
1333121269282332672
1333121248046555136
1333121226890473472
1333121204690018304
1333121187036221440
1333121169969602560
1333121153443966976
1333121132053082112
1333121114852257792
1333121094337892352
1333121077439057920
1333121057755160576
1333121021394693888
1333121001455054848
1333120977639792640
1333120511698739200
1333120315317252096
1333120009296629760
1333117847808200704
1333117424577687552
1333117390855483392
1333117344541970432
1333117302515109888
1333117265584254976
1333117225562206208
1333117193626804224
1333117143978749952
1333117105504473088
1333117057869766912
1333116998939791360
1333116966937169920
1333116930165772288
1333116877632118784
1333116847437262848
1333116822384750592
1333116786477248512
1333116747247972352
1333116710220599296
1333116673327558912
1333116641887006720
1333116590414573568
1333116558651125760
1333116529731391488
1333116471518638080
1333116436173217792
1333116375561363712
1333116340354371584
1333116293520777216
1333116239527473152
1333116208447705088
1333116177346928640
1333116136834162688
1333116086166937600
1333116049445806080
1333116008979165184
1333115975483482112
1333115923092418560
1333115896722755584
1333115865290711040
1333115798399963136
1333115770960818176
1333115742531825664
1333115714098618368
1333115685153746944
1333115639842660352
1333115606804074496
1333115556422008832
1333115395075608576
1332499394629935104
1332498606956359680
1332498564786888704
1332498488102440960
1332498429856149504
1332498375783149568
1332498328244924416
1332393902536585216
1332393433344978944
1332393219607449600
1332393190171828224
1332385399243673600
1332384366765412352
1332384270783033088
1332384162830053376
1332384047713185792
1332382432285372416
1332382409451515904
1332382391386722304
1332382363221946368
1332382301024563200
1332380646430420992
1332380598950907904
1332380563223813888
1332333202795540480
1332329199395332096
1332329155359367168
1332329126309621760
1332276181769609216
1332198037846962176
1332197963456794624
1332197875951001600
1332197574040760320
1332197464464519168
1332195303206817792
1332195175779676160
1332195159342256128
1332195113779552512
1332195096855535616
1332195065834459136
1332195017893564416
1332194638887866368
1332194483509866496
1332194112011907072
1332185835832164352
1332184444904611840
1332183796473585664
1332087516485316608
1332086786957438976
1332086720255373312
1332074319250395136
1332065338964533248
1332044826729189376
1332044712115638272
1332042872430923776
1332042793745838080
1332042751328870400
1332042619912904704
1332042164738674688
1332041830939176960
1332041818083647488
1332041796457799680
1332041783807782912
1332041769203224576
1332041753424228352
1332041736726712320
1332041720905797632
1332041699900727296
1332041669865205760
1332041648570847232
1332041622440337408
1332041592174206976
1332041534431260672
1332041475157352448
1332041354998931712
1332041230046392320
1332030959840059392
1332030715005984768
1332029860957614080
1332026183932911616
1332025032550338560
1332024971770667008
1332024944490901504
1332024841453637632
1332023833449082880
1332023828105584640
1332022394601549824
1332022347726016512
1332022279467917312
1332022222295326720
1332022170831171584
1332022130083569664
1332015747846041600
1332015216029261824
1332014735571750912
1331998628609658880
1331998611866050560
1331998594245779712
1331998576365461504
1331998553829412864
1331998480143933440
1331998459436654592
1331998410258440192
1331998383641415680
1331998363760402432
1331998217324650496
1331997594738974720
1331997547515305984
1331997519145000960
1331997471418048512
1331997372910604288
1331997338022326272
1331837887894204416
1331836630295056384
1331735264687951872
1331735234296115200
1331730612097589248
1331730193514459136
1331729086977368064
1331729048331022336
1331728989812043776
1331718863898226688
1331708801167323136
1331688451788378112
1331657428488876032
1331656941291118592
1331656762961825792
1331647402214875136
1331647379263680512
1331647359781114112
1331647332383744000
1331647311169073152
1331647291309105152
1331647269494525952
1331647238561525760
1331647205598519296
1331647093077913600
1331646429585170432
1331644915076517888
1331643944950767616
1331643606361378816
1331643529643356160
1331642673904627712
1331642645999923200
1331641243516940288
1331641207169179648
1331641176773038080
1331641137224949760
1331641107323772928
1331641073710534912
1331641045386490112
1331641000176070912
1331640966047002624
1331640934224826368
1331640890239180800
1331640860077928448
1331640820689146112
1331640782311333888
1331640707149418496
1331640392438018048
1331640238016520192
1331640158060498944
1331640066939252736
1331639982113611776
1331639951834951680
1331639935191949312
1331639915206094848
1331639884260499712
1331615645897781248
1331607325292044288
1331476034995236864
1331464621341990912
1331385958932115712
1331385684041601024
1331379302852661248
1331379201434411008
1331378639020158976
1331350002019479552
1331349489320407040
1331344906770673664
1331341598018457600
1331341539688263680
1331338885138354176
1331338603482460160
1331338538605031424
1331338368660234240
1331338314285244416
1331338275324391424
1331334229708386304
1331327811240538112
1331325791930605568
1331325739409477632
1331325705079185408
1331312651738230784
1331312622860439552
1331307068628807680
1331306946645819392
1331306859416985600
1331306836474142720
1331306812201705472
1331306778127183872
1331306745877073920
1331306604843708416
1331306583717011712
1331306515186262016
1331304286156894208
1331304244721446912
1331296248209551360
1331296202906869760
1331296169616666624
1331296086707855360
1331296020039348224
1331295695677091840
1331294626456735488
1331294576678744064
1331294434986700800
1331294126164283392
1331293596973223936
1331293350201335808
1331293216663015424
1331293188993265664
1331292994348134400
1331291893666361088
1331286563817484288
1331286514148499712
1331283256822657024
1331280300039680000
1331280089494016000
1331280024188694528
1331279944828260352
1331279793418072064
1331275449104740352
1331274456820539392
1331272937773674496
1331272909235642368
1331272855590481920
1331272791094558720
1331272740599459840
1331272707946721280
1331272672546856960
1331272620826877952
1331272527004508160
1331272479948615680
1331272336516009984
1331272242098040832
1331272223408205824
1331272201790775296
1331272183386169088
1331272164453076992
1331272143095664640
1331272110921101312
1331272093107941376
1331272069435318272
1331237190014296064
1331236562357657600
1331236418799198208
1331151159185256448
1331151129103765504
1331151063349661696
1331151026984980480
1331150995460681728
1331114721710366720
1331107896063619072
1331107866858622976
1331107846738599936
1331107827964932096
1331107787854770176
1331107768242155520
1331107745420992512
1331107697694007296
1331105545911197696
1331105264565686272
1331005919782637568
1331005887738163200
1331005861150535680
1331005844511711232
1331005821862469632
1331005802161827840
1331005781500715008
1331005760445296640
1331005695488094208
1331005649904427008
1330987545849638912
1330977377518751488
1330977331708649472
1330969197896232960
1330969105055289088
1330968940026228736
1330968788808965888
1330968755514585088
1330968713961631488
1330968665680908288
1330968632231391232
1330968450932629504
1330966221882331136
1330963769019797504
1330962702328590336
1330958660944752640
1330958628409511936
1330958583958282240
1330958546696069120
1330888009928019968
1330887982316974080
1330887948729016320
1330887922552279040
1330887868689113088
1330816732672499712
1330816549523951616
1330816542456549376
1330816469811269632
1330816395391676416
1330816348516126720
1330816323388108800
1330722984584228864
1330646659584372736
1330646606228697088
1330646548884156416
1330637261352935424
1330637011192066048
1330636920154693632
1330636715854336000
1330636096854781952
1330636063824601088
1330636025975214080
1330635997772738560
1330635955863232512
1330635924452028416
1330635901526024192
1330635885839327232
1330631378782855168
1330631238630191104
1330583896514309888
1330582046947696640
1330581829062111232
1330578107183534080
1330577918876151808
1330575980956704768
1330573623812304896
1330573588936716288
1330573562625863680
1330573484930588672
1330573480807587840
1330572627782590464
1330572273670119424
1330555783646502912
1330555647029604352
1330555602557341696
1330555580973522944
1330555570030604288
1330530862836887552
1330530442320154624
1330530407780118528
1330530378587787264
1330530350964076288
1330530312292544512
1330530282877947904
1330530250976005888
1330530207661518848
1330434050721505280
1330433511761842176
1330433332421816320
1330433071297024000
1330433020189437952
1330431688137170944
1330431440543244288
1330294405786373888
1330294091947659264
1330293972837740288
1330293831741419520
1330291310205558784
1330291093947166720
1330291074389176320
1330291058618621952
1330291039467413504
1330291022635601920
1330291002943397888
1330290984597532672
1330290967774162944
1330290949709312000
1330290912531009536
1330290896772935680
1330290880306180096
1330290860353786112
1330290842884567040
1330290817471287296
1330290710923390976
1330290695312203776
1330290676228100096
1330290658939199488
1330290641205678080
1330290621479784448
1330290602823602176
1330290585677262848
1330290566614159360
1330290548519866368
1330290507466100736
1330290489652879360
1330290468811313152
1330290363345625088
1330290314804916224
1330290287764262912
1330290234739789824
1330287829516230912
1330287783332737024
1330287727183605760
1330287692802875392
1330287662310285312
1330287616479141888
1330287587660095488
1330287556236374016
1330287524946833408
1330287493279850496
1330287419669819392
1330287384542539776
1330287354590932992
1330287313964965888
1330287286706200576
1330287250870038528
1330287218477461504
1330287182251220992
1330287136831102976
1330287088131039232
1330287054081679360
1330287023287099392
1330286992765104128
1330286942253146112
1330286887999844352
1330286828948234240
1330286751659781888
1330286704029265920
1330286642314293248
1330286549603414016
1330286503998664704
1330286450601037824
1330286417759571968
1330286383081152512
1330286316374921216
1330286285861294080
1330286240818749440
1330286200129728512
1330286091690192896
1330286051244580864
1330285898458689536
1330285858180767488
1330172219348103168
1330117505763975168
1330117403313905664
1330117159125716992
1330093001041993728
1330034235537825792
1330022695728242688
1330022107535839232
1330022020801830912
1330021925867974912
1330021890396708864
1330021862236188672
1330021800374308864
1330021761237311488
1330021701736947712
1330021650046332928
1330021490939600896
1330017041126973440
1330017002077949952
1330016929067700224
1330016880954925056
1329808874283610112
1329808409655439360
1329807414271627264
1329807258671345664
1329807142812086272
1329804401373024512
1329803915823558912
1329803869212319488
1329803809678307328
1329803778506297088
1329803680007196672
1329761156752404480
1329760818238545920
1329760796826603520
1329760775204900864
1329757854312640512
1329757812159881216
1329748677846585088
1329748638365528064
1329748604035227648
1329748568006144000
1329662008560668672
1329660629930676224
1329660442592022528
1329656617432977408
1329656205854339072
1329656116289155072
1329654075588272128
1329653387948908288
1329652193788571648
1329651669383188480
1329649524428709888
1329649495970340864
1329649465406402560
1329564641341698048
1329562232020209664
1329561873600159488
1329561707958702080
1329561671619244032
1329561504979570688
1329560755952373760
1329551751553409024
1329551360631709696
1329543528788144128
1329543473503096832
1329542407214477312
1329541529048920064
1329537845422411776
1329533514157527040
1329532897838161920
1329531541488340992
1329531177556905984
1329530911763947520
1329530111524270080
1329529852140146688
1329529476393406464
1329526747679879168
1329525211495079936
1329519199513964288
1329518332920418304
1329517294154821632
1329517236936200192
1329517197786558464
1329508585030766592
1329507614707879936
1329506660403048448
1329496894121369600
1329492782260625408
1329488609779589120
1329488017602605056
1329481331743600640
1329474090109952000
1329474068366696448
1329474038561976320
1329474020929134592
1329473939471536128
1329473810907729920
1329436278631370752
1329436263242490112
1329436171093626880
1329436125438611712
1329416227618516992
1329416194265329664
1329416157795905536
1329404128280399872
1329404079232184320
1329403775753318400
1329300127278919680
1329299738349477888
1329299441514377216
1329298970636587008
1329285162782384128
1329210735835181056
1329210709285228288
1329209313370443776
1329209034851946496
1329199604823449600
1329198743636365312
1329198704264359936
1329198671301406720
1329198641144340480
1329195034340691968
1329195001847361536
1329194951616368640
1329194705876365312
1329194341227749376
1329194299976798208
1329176830587363328
1329164302390071296
1329140839260377088
1329140805328645888
1329140779672104960
1329140546770767872
1329139214798249984
1329138980898607104
1329137942892318720
1329118106346786816
1329118081441029888
1329118051686559488
1329118033776881664
1329118008615309312
1329117752213245952
1329117618473750528
1329115285341822976
1329114367498055680
1329114218646413312
1329114169539485696
1329114115948883968
1329114060529545216
1329114032167657472
1329113918015492096
1329113893139062784
1329113842325065728
1329113814105796608
1329113780081537024
1329113741015851008
1329113704521211904
1329113432575127552
1328960513959714816
1328937739660775424
1328937034652803072
1328935800554344448
1328935769612939264
1328935746338746368
1328935704349577216
1328935680181940224
1328935663979388928
1328935647328038912
1328935630206857216
1328935613257699328
1328935483175481088
1328935448543191040
1328935270889250816
1328935063447334912
1328934913547116288
1328934683082698752
1328934276696563712
1328931380491931648
1328931314200928512
1328931275869200384
1328931243413688320
1328917302889353216
1328917081237098496
1328830061865291776
1328830015564378112
1328829949919244288
1328825166240096512
1328824059220664320
1328820727341002752
1328820303770906624
1328820222401409024
1328820175689355264
1328819553300865024
1328819473571344384
1328819433733840896
1328817796608897024
1328817553838395392
1328817533596655616
1328817313475403776
1328807601279279104
1328801865677623296
1328801269423755264
1328797133336621056
1328793207560396800
1328792672279162880
1328791953639665664
1328791908936716288
1328791861994147840
1328791814057373696
1328774137821753088
1328773944363671552
1328773907076308992
1328773758065266688
1328773645838274560
1328773509057802240
1328760772449742848
1328744106479280128
1328744085977444352
1328744064422998016
1328744036350431232
1328744011377553408
1328743972240551936
1328743786718130176
1328743511504678912
1328743477929193472
1328743408681234432
1328736695571927040
1328736330021482496
1328735973115572224
1328735752935575552
1328735724812820480
1328735693640785920
1328735652939243520
1328735625177161728
1328735577802420224
1328735551751598080
1328735484856643584
1328735452736708608
1328735428317470720
1328735395933286400
1328735368833884160
1328735341398908928
1328735314794393600
1328735246024646912
1328735211954311168
1328735147194281984
1328735089409347584
1328735057394208768
1328734992600608768
1328576858145886208
1328576248264724480
1328576068186419200
1328571488375607296
1328571447825084416
1328571347291807488
1328571098330517504
1328564353247928320
1328497317394198528
1328497280941494272
1328497055199793152
1328464376324567040
1328464243612672000
1328463999193780224
1328463911243440128
1328463637682548736
1328459995374116864
1328456974120480768
1328456783891984384
1328456712534290432
1328456603293585408
1328455261347049472
1328444126371655680
1328443972088426496
1328443719918497792
1328443651651932160
1328443357291483136
1328443167339896832
1328443131885481984
1328443098318450688
1328443002461806592
1328442754532302848
1328442666145771520
1328442590547546112
1328442275760901888
1328424719402594304
1328420681156059136
1328415750953033728
1328415662029623296
1328415628340944896
1328415594597773312
1328415389315948288
1328415125712351232
1328412804131549184
1328394374624005888
1328394342910873600
1328394296911945728
1328394101310562304
1328394047476666368
1328394021702660096
1328393987309317888
1328393963699654912
1328393894535589888
1328393859924185088
1328390371404026112
1328390269092425728
1328389967916232704
1328388213615046912
1328388026075131904
1328387987042934784
1328387554777894912
1328206744632356864
1328206221283905536
1328200907012661248
1328200842370027520
1328200718247989248
1328135011279757312
1328134987066077184
1328134955105443840
1328134843536994304
1328134801585549312
1328134780618223616
1328134705263374336
1328134685394939904
1328134660526895104
1328134630977966080
1328134612837675008
1328134591878717440
1328134571691544576
1328134553433747712
1328134533108133888
1328134515601121280
1328134495523008512
1328134479718838272
1328134463415590912
1328134445069705216
1328134420545593088
1328134395996360704
1328134380015927296
1328134361192034304
1328134337099862016
1328134313599242240
1328134244699397888
1328133818222579712
1328133791173513216
1328133743266160640
1328133712630980608
1328133663603761152
1328133636055576576
1328133588383129600
1328133543915032576
1328133497769353216
1328133467687825408
1328133418455019520
1328133383210328064
1328133333851758592
1328133308719349760
1328133204738498560
1327762002677293056
1327761986625675264
1327761655602835712
1327761633209438208
1327761612409810944
1327761595259367424
1327761569376301056
1327761543396806912
1327761526669897728
1327761496361807872
1327761449616355328
1327761429064192000
1327761392829681664
1327761359824674816
1327761157193691136
1327761131394523136
1327761090349068288
1327760104209387520
1327759879294038016
1327759851930398720
1327759784821583872
1327759162143625216
1327759008304947200
1327758882584883200
1327758503252021248
1327758307612876800
1327758257717440512
1327758227128393728
1327757955576586240
1327757644338245632
1327757621072441088
1327757589921361920
1327757548624244736
1327757426213445632
1327757393225281536
1327757374568935424
1327757342973292288
1327726897426542592
1327726857781972992
1327726824139476992
1327726789750386688
1327726750894333952
1327726715704127488
1327726687946207232
1327726655117402112
1327726626453549056
1327726572997062912
1327726540738662400
1327726507993812992
1327726472006676480
1327726415274446848
1327726385264201728
1327726353022668800
1327726322546782208
1327726268767473664
1327726232977494016
1327726190656950272
1327726163419131904
1327726114261831680
1327726081810575360
1327725890432872448
1327725840713601024
1327725161735462912
1327490942266433536
1327394470124511232
1327394445696905216
1327394401153388288
1327394243170725888
1327387591059050496
1327387549405483008
1327387509496705024
1327338323455696896
1327334013317640192
1327333906635481088
1327333695200628736
1327333661251952640
1327333503567089664
1327326981978021888
1327326929222037504
1327326898536505088
1327326864856244224
1327326508357185536
1327326420549332992
1327325997063147520
1327315892234018816
1327314100121120768
1327301503800012800
1327301475081588736
1327301407591051264
1327301362602962944
1327301272689668096
1327301237579145216
1327301170247905280
1327301089679519488
1327273514861289472
1327273496263725056
1327273473190862848
1327273384036753408
1327273356626948096
1327273335340879872
1327273300234481664
1327273237609390080
1327273216713297920
1327273192419889152
1327273113944526848
1327273087402962944
1327273062283288576
1327273015923630080
1327272993966460928
1327272932809256960
1327272835744739328
1327252592125222912
1327252300591747072
1327236756295593984
1327114049910435840
1327041846346805248
1327041811467079680
1327041784476790784
1327041734174511104
1327041697428213760
1327011039372857088
1326957462642110464
1326957429217759232
1326957400084058112
1326957374758916096
1326954502176595968
1326953725672435712
1326953690083848192
1326953637201973248
1326953214361690112
1326952661380423680
1326952077982117888
1326948175450615808
1326941619166334976
1326941511158812672
1326941478371856384
1326941447589859328
1326941367185108992
1326941336734490624
1326941305826664448
1326941231331631104
1326760616892248064
1326760548659322880
1326760277422051328
1326760198682406912
1326760058194194432
1326758205062516736
1326758166877663232
1326756627396124672
1326668740080119808
1326668356301283328
1326664223791910912
1326663515961257984
1326663390916390912
1326660531143446528
1326660394421788672
1326658265267265536
1326658024887504896
1326657951407419392
1326657583340457984
1326629179383746560
1326617821623803904
1326617774182051840
1326617378722111488
1326617232760311808
1326616917365452800
1326616821210996736
1326616729255075840
1326616654491611136
1326616486526541824
1326616395837304832
1326616368125513728
1326616339495202816
1326616245421142016
1326616197849374720
1326616165364469760
1326616138965540864
1326616041859002368
1326593688680673280
1326593628727349248
1326593495059075072
1326592740407250944
1326592720824045568
1326590733789376512
1326588899125288960
1326588849498284032
1326588822407311360
1326583171585105920
1326583155940274176
1326583136831016960
1326583101808578560
1326583066626846720
1326583050621378560
1326583029385613312
1326582999958294528
1326582956517945088
1326582927648550912
1326580502191611904
1326580465613090816
1326575927137071104
1326575702393692160
1326574916888653824
1326573983966310400
1326573516053942272
1326570339967643648
1326570306748739584
1326570207960305664
1326570176498835712
1326570111696859136
1326570076775063552
1326570041211576320
1326397110472876032
1326396233838170112
1326394682977509376
1326394419579412480
1326393276820320512
1326393186768531712
1326392955268177920
1326392830185648128
1326392784249638912
1326392507450716160
1326392475972407296
1326392364588527616
1326392227724226560
1326392205578280960
1326392182878728192
1326392106714345472
1326391890707706112
1326391654471917568
1326390846623797248
1326292087252332288
1326267823790940160
1326228511263232000
1326228242144120832
1326228055925383168
1326228040117063680
1326228017979527168
1326227990611685376
1326227965336752128
1326227946290417664
1326227929215475712
1326223440869789696
1326220547974455296
1326214904420904960
1326211279166574592
1326210338040270848
1326210304892686336
1326209728544903168
1326209685201035264
1326209531794366464
1326208200719396864
1326207191032999936
1326205948462043136
1326205915998072832
1326205884456906752
1326205753640751104
1326205724200988672
1326205690663366912
1326205659600351232
1326035524759547904
1326030904150593536
1326021447517659136
1325934918011146240
1325934876160389120
1325934544080560128
1325934493446844416
1325934358373478400
1325933929455607808
1325933757304623104
1325933623321751552
1325923405145763840
1325923278205104128
1325914103462948864
1325914074069282816
1325914046290415616
1325913944813342720
1325913363503788032
1325912082273939712
1325912050661515264
1325862182379266048
1325862167179038720
1325862147784634368
1325862110635708416
1325862090997964800
1325862067564384512
1325862044885716992
1325862024534953984
1325862002795929600
1325861984357806080
1325861964703293440
1325861881098219520
1325650157367603200
1325581519755341824
1325570698484604928
1325570678737793024
1325570660991643648
1325570643128176640
1325570630390075392
1325570610618052608
1325570594201624576
1325570577738952704
1325570556763238400
1325570500425371648
1325569299969421312
1325569219350716416
1325569181329321984
1325569148701863936
1325569113872326912
1325569085506195712
1325569053453381632
1325569020930691072
1325568994439520512
1325568922071015424
1325568833864790016
1325568799651864576
1325568743746002944
1325568690864214016
1325568659432099840
1325568620211154944
1325568583242555392
1325568530788605952
1325568502107938816
1325568473435693056
1325568441248571392
1325568378971566080
1325568262931968000
1325567043765231616
1325566242271482112
1325563099689181184
1325563032190267392
1325377833821229056
1325377756251754496
1325377735926161408
1325368767191412736
1325368745242529792
1325368728595394560
1325368712078249984
1325368693916884992
1325368583338209280
1325368493378826240
1325368472176644096
1325368428266446848
1325368405877288960
1325368384872206336
1325367239797841920
1325367170738630912
1325367103801716736
1325367071975280640
1325367034826420224
1325366986227019776
1325366935639486464
1325366838876889088
1325366811131596800
1325366749294948352
1325366720895332352
1325366554159161088
1325366439927222272
1325366404938338304
1325366369580355584
1325366335304560640
1325366298478522368
1325366264471150592
1325366157969420288
1325366081997991936
1325366050775592960
1325365995381338112
1325365964762984448
1325365908924198912
1325365882323931136
1325365833074417664
1325365800476274688
1325365743525957632
1325365716720242688
1325365575292481536
1325365539544379392
1325365488554274816
1325365438075826176
1325365400658436096
1325365305758117888
1325365187071905792
1325365149239218176
1325365080444309504
1325365021958922240
1325364997057285888
1308248038088077312
1308247838246277120
1308247815580196864
1308247746487422976
1307682788657815552
1307682699663028224
1307682603345031168
1307681732045549568
1307681646263627776
1307681618396618752
1307680926772736000
1307416887203168512
1307416765773819904
1307416708995579904
1307416688762257408
1307416660194848768
1307416636253765632
1307416388911484928
1307416288772399104
1307416256367259648
1307352097399148288
1306692924353245184
1306692895500578816
1306692769403072512
1306692742303698944
1306692703544135680
1306692644039544832
1306074915427188736
1306074870648901632
1306074722782806016
1306074637982367488
1306074615224164352
1306073849415577600
1305581761754267648
1305581577334853632
1305581523853246464
1305581494887477248
1305581458782814208
1305581442366406912
1305581416449822720
1305581399211216896
1305581353782706176
1305276420739018752
1305276391710171136
1305276253755396096
1305276226580418560
1305276059038949376
1305276037568360448
1305275965422133248
1305275912347418624
1305082045899698176
1305082008591368192
1305081962776887296
1305081751992229888
1305081697562759168
1305081628021190912
1305081608635113472
1304571268667146240
1304571182457532416
1304571146701082624
1304570926147809280
1304570889250500608
1304570848095940608
1304570828886085632
1304570750423228416
1304569575686787072
1304569470418026496
1304569436003860480
1304569400700395520
1304569163659132928
1304569141664321536
1304569094839115776
1304569052833230848
1304568832137326592
1304568794166235136
1304568684107763712
1304568652142989312
1304521619533180928
1304521504739205120
1304521383263776768
1304521283636539392
1304521265114492928
1304521156079296512
1304521140119928832
1303737558262861824
1303737507809501184
1303737465354752000
1303737425886412800
1303453080869105664
1303452797438963712
1303452763297374208
1303452735652716288
1303452517867696128
1303452498791936000
1303452485189853184
1303452414469697536
1303452370555334912
1303452314158673920
1303452259544596480
1303452235448320000
1303452212094476288
1303452138127925248
1303452063125458944
1303452038798422016
1303452006934368512
1303451975196061696
1303451950969761792
1303451911530708992
1303451865263243264
1302965836580376576
1302965814962814976
1302965799779471360
1302965717562781696
1302965564982386688
1302965519209902080
1302965393028517888
1302965299394818048
1302965227093458944
1302965062219554816
1302964994242379776
1302964941817884672
1302964880178282496
1302964851137011712
1302095185195786240
1302095165541285888
1302095000382173184
1301356309648936960
1301356262685323264
1301356248076619776
1301355954143932416
1301355747314405376
1301355726108057600
1300889292051488768
1300889090053869568
1300547639096811520
1300542480228716288
1300541772746158080
1300541708292231168
1300541676885348352
1300541636334817280
1300541597847879680
1300541519389167616
1300541504675610624
1300541375583334400
1300538122455920640
1300538008110858240
1300537856394493952
1300537807375605760
1300537770193162240
1300537720868155392
1300537699942780928
1300537672587522048
1300537639259582464
1300372165456470016
1300372142157189120
1300371908928712704
1300371818247868416
1300371790154420224
1300100313555369984
1300097569046114304
1300097492877545472
1300096846489096192
1300096634810925056
1300096588984069888
1300096533690486784
1300096498483572736
1300096107171766272
1300095994479157248
1299942910218194944
1299940223158284288
1299939945327529984
1299861199815925760
1299861085735051264
1299736282453729280
1299736220352864512
1299371126775218176
1299370815809564672
1299370715154714624
1299370686365003776
1299370602445385728
1299282775099478016
1299282739129090048
1299282710628888576
1299282674809483264
1298681317748604928
1298643724537389056
1298643712038375424
1298643664126844928
1298643603863015424
1298643525723213824
1298372197334036480
1298252400562778112
1298252380170072064
1298252248951271424
1297939899010686976
1297602981244870912
1297602836088393728
1297602781591810048
1297602548606672896
1297411690531889152
1297385608478970112
1297385553256763392
1297385440668942336
1297385077748490240
1297384937931386880
1297384816652976128
1297384790287691776
1297384502000521216
1297384415811776512
1297384377442357248
1297384335457353728
1297216866931355648
1297207394418786304
1297207277527736320
1296917085944193024
1296916663443623936
1296874854856228864
1296874834480242688
1296871457985888512
1296507786512207872
1296507413319815168
1296507021181825024
1296506978689310720
1296506248247074816
1296506208002678784
1296505976338685952
1296505851679854592
1296164606906454016
1296163850153340928
1296163241136140288
1296163184081022976
1296163142683316224
1295818160780779520
1295818111392743424
1295818086424227840
1295759200975564800
1295757350482173952
1295757239505092608
1295757205677932288
1295657174409117696
1295656029850685440
1295655496913948672
1295450988346773504
1295423966165729280
1295423740302577664
1295423546597027840
1295423454074875904
1295303126157860864
1295303085015826432
1295303011212955648
1295265361076654080
1295265327731945472
1295265293963538432
1295264536275148800
1295109104696995840
1295108928188165888
1295108270454116352
1295107991356792832
1295107928870002688
1295107875459813376
1295107853699743488
1295107775840870400
1295073201521917952
1295073073947975680
1295042570393878528
1295042547048493056
1295042489699762176
1295042457407823872
1294998423066890240
1294994330512392192
1294987616920702976
1294987561123950592
1294987504538583040
1294933462848331776
1294932229760704512
1294784049316343808
1294751942820933632
1294751364405432320
1294750962595303424
1294750939161796608
1294750897608826880
1294750878860181504
1294708552922210304
1294708495409991680
1294655658764181504
1294655657870843904
1294476565481508864
1294476542731485184
1294476491695239168
1294476438507335680
1294476412984930304
1294476285260042240
1294476140699103232
1294392674938748928
1294390403056185088
1294390137082830848
1294390122021040128
1294389906312245248
1294389830537940992
1294389794173263872
1294389725785198592
1294324940964016128
1294324594581680128
1294021981344608512
1294021821650604032
1294021775815258112
1294021591706349568
1294020327870169088
1294020293565046784
1294020267208048640
1293786779183714304
1293786477810286592
1293786418343444480
1293786103464562688
1293786041200062464
1293665738956378112
1293665448710602752
1293665342208843776
1293665313435856896
1293665262131195904
1293665106287636480
1293664869108064512
1293662114096263168
1293661930926809088
1293661672280920064
1293661513321000960
1293661430546399232
1293661324115939328
1293661297893093376
1293494720493215488
1293465674828980224
1293460007581868032
1293459251629785088
1293458096992456704
1293458079858798592
1293457876602826752
1293457799264063488
1293457712475525120
1293346712858263552
1293344810087198720
1293313515931959296
1293313120736284672
1293303539985514496
1293302090543005696
1293302051871629312
1293301638275502080
1293300915462701056
1293299972801285888
1293299698623709184
1293299641589563392
1293299599944429568
1293299532822913024
1293299458726297600
1293299427403235328
1293299366615285760
1293299342695112704
1293299322747064320
1293299295073054720
1293299244296818688
1293139596969205760
1293139448604090368
1293139316575797248
1293138727573893120
1293138677502300160
1293133601668767488
1293123789522337792
1293122488533213184
1293120580812779520
1293119942913556480
1293119898575671296
1293119806955282432
1293119734578282496
1293119592517242880
1293085179188334592
1292892804029521920
1292892604087054336
1292892584852021248
1292892536202317824
1292892512198234112
1292892434649817088
1292892406401183488
1292875898904076288
1292875809754173440
1292875637376593920
1292875553100439552
1292875533764759552
1292875197134123008
1292853996114399232
1292750160141983488
1292750074733363200
1292612279251410944
1292468356491116288
1292468079478407168
1292468037078130688
1292467992111046912
1292467960934805504
1292436447107194880
1292436421966528512
1292436400156168192
1292436175374950400
1292404714932523008
1292404636096307200
1292288076102893568
1292259019399270400
1292258967582908416
1292230507422458112
1292230133617774592
1292230086448513024
1292230041011728384
1292223624225656832
1292221549035102208
1292221523042992128
1292221478268788736
1292221447327424512
1292221281979564032
1292221250585219072
1292199854320562176
1292199439331885056
1292198461782319104
1292198097884520448
1292198075348516864
1292197974441852928
1292197952677711872
1292197922042515712
1292188244260597760
1292187906946273280
1292187644227715072
1292187609276571648
1292187482629591040
1292187345110827008
1292187314668666880
1292187148783890432
1292186996119658496
1292186943791542272
1292186922962616320
1292186903542996992
1292186874291859712
1292186853261611008
1292186836371214336
1292186165660078080
1292184584092897280
1292184560134914048
1292156453411848192
1292155482359160832
1292154803137777664
1292154372911239168
1292154339813883904
1292154277373153280
1292154249812598784
1292154069252026368
1292154051996594176
1292153984082419712
1292081257829072896
1292081203089215488
1292081123091197952
1292081046314463232
1292007542818770944
1292003472246738944
1291835253372391424
1291835223672578048
1291835182857805824
1291834324464087040
1291834184969920512
1291834129026252800
1291834062580125696
1291833853863231488
1291833412043579392
1291832922723540992
1291832688702300160
1291832263022346240
1291831919177498624
1291831816622673920
1291831771030487040
1291831701153492992
1291831673064128512
1291831588267974912
1291831466847088640
1291831440494272512
1291831365919539200
1291831336043515904
1291678113542405888
1291677985586782208
1291677893580541952
1291677275050647552
1291676860947009536
1291383893644451840
1291158502841425920
1291158097952727040
1291011956518850560
1291011378321522688
1291010916193054720
1290795176676515840
1290411388641382400
1290411324154019840
1290411298015109120
1290411251550564352
1290411193362984960
1290410763203629056
1290410722921521152
1290410501822873600
1290410299183464448
1290410268439318528
1290410242329776128
1290410204580937728
1290410104651743232
1290410061328678912
1290409937248686080
1290409903601995776
1290409856994811904
1290409812342300672
1290409784102068224
1290409762677563392
1290409739336200192
1290409718855368704
1290409695992320000
1290409661624180736
1290409640862326784
1290409571962499072
1289697807096578048
1289697778633814016
1289697211362586624
1289697171898392576
1289697062775267328
1289696740472270848
1289696695475986432
1289696665725788160
1289670415690772480
1289670053298757632
1289668521597603840
1289667147879202816
1289666011218682112
1289665959989452800
1289476677941092352
1289313377630580736
1289312911148625920
1289312680080154624
1289312607023882240
1289311863969181696
1289311533202149376
1289311123162898432
1289311066766233600
1289310979449397248
1289310822452228096
1289310768094154752
1289310522060439552
1289310464661315584
1289310434776866816
1289310412396064768
1289310112801161216
1289310078915547136
1289310039690289152
1289309987454427136
1289309913416527872
1289309909520130048
1289309904776306688
1289309867258212352
1289309859742015488
1289309735548866560
1289309680779423488
1289309643240427520
1289309609514041088
1288935857932599296
1288935826764845056
1288935757701435392
1288935682170396672
1288935659076571136
1288935639870853120
1288935619616559104
1288935600213700608
1288914674889699328
1288725917129474048
1288640771881664512
1288640748460613632
1288640598954725376
1288640509536284672
1288640328875020288
1288640302522216448
1288563916256280576
1288563053869621248
1288562892753838080
1288562790760947712
1288562743424036864
1288562679792238592
1288562628785307648
1288562527903928320
1288545431803363328
1288544783045144576
1288544751826935808
1288544484247121920
1288544463053365248
1288544417192845312
1288543964518326272
1288543895379480576
1288543873648791552
1288543852907962368
1288500509964476416
1288500430570389504
1288500414623645696
1288500403605253888
1288500341865164800
1288500215163609088
1288500044841332736
1288499975798902784
1288165634837159936
1287958880740356096
1287958770908372992
1287958719708487680
1287958470189297664
1287958423691309056
1287709654378852352
1287708857846956032
1287418124237705216
1287417737891831808
1287367204674179072
1287332064480628736
1287332025754583040
1287332001956208640
1287331961103671296
1287331930598449152
1287331889397878784
1287331825044664320
1287331790059962368
1287331714331811840
1287331578193096704
1287331392028922112
1287331218141454336
1287330883138191360
1287330867157884928
1287032004312260608
1287031631686115328
1286811199921967104
1286811169731358720
1286778602680393728
1286778504483352576
1286778025774850048
1286777731800354816
1286777708161241088
1286777190806364160
1286675612183257088
1286675322335887360
1286600299470299136
1286600224841052160
1286389325224173568
1286385390916644864
1286385353360838912
1286385268598202368
1286385116537913088
1286385058702655488
1286385039794741248
1286385021062766592
1286385000309498112
1286384946702168064
1286384339689902080
1286384281737101312
1286384254323167232
1286304844521902080
1286304734312312832
1286304534915153920
1286304206220079104
1286084323356139520
1286075628178026496
1286075429246377984
1286074971865964288
1286045222510768128
1286045136779124736
1286045039051919360
1285906519268229120
1285906448183169024
1285906415832498176
1285906390838632448
1285906360295657472
1285670656638582784
1285670558592622592
1285670535112929280
1285669646394417152
1285601865313460224
1285601782329225216
1285601751127785472
1285601685826678784
1285535736570273792
1285486756301766912
1285480489952972800
1285480146649088000
1285480104534122496
1285480080903491584
1285480058199724032
1285479912535732224
1285479848589262848
1285479824501477376
1285479746839752704
1285477935965765632
1285326171660582912
1285326130812260352
1285326063023853568
1285326017133981696
1285325989011230720
1285279211683536896
1285253805878247424
1285253733174128640
1285253117379072000
1285253089738592512
1285252818891354112
1285252778013667328
1285252756236886016
1285252664578707712
1285252640578961408
1285252274567237632
1285252239288872960
1285252210100785152
1284954506959228928
1284954320920870912
1284953921165955072
1284953903403065088
1284953888127356928
1284953875720658944
1284953855202033664
1284953677095108608
1284953658963222528
1284926190067818496
1284926149433450496
1284925955417559040
1284925938648731648
1284925892976881664
1284925817433272320
1284925804938498048
1284925565892530176
1284752665700859904
1284752507647012864
1284545216008138752
1284544860452728832
1284544829247160320
1284544809265508352
1284544760053669888
1284521236660445184
1284521223448338432
1284235753795575808
1284235735697100800
1284235708568403968
1284235697180860416
1284235680479158272
1284235494503718912
1284225965430837248
1284149690905300992
1284149559099367424
1284149542896664576
1284149523170971648
1284149504237801472
1284149485426421760
1284149419231850496
1284149390731628288
1284149366421368832
1284149345055580160
1284149323262042112
1284149282703056896
1284149228248403968
1284149207801180160
1284149174343217152
1284149149420720128
1284149063693238272
1283831874855538688
1283669228453801984
1283668054023512064
1283668030866808832
1283668011904270336
1283667952567562240
1283667934783705088
1283667895705370624
1283667868018782208
1283667843423363072
1283667827275202560
1283667803602587648
1283666473324601088
1283518157727182848
1283518074893864960
1283517925094236160
1283517730931474432
1283499987352145920
1283499928527032320
1283499909149339648
1283498991238381568
1283498874204753920
1283498839413075968
1283498822765891584
1283498771813457920
1283498743464173568
1283498688686563328
1283498670508449792
1283498656545615872
1283498614241861632
1283497300858474496
1283487466813628416
1283487441496793088
1283487209618841600
1283487172432146432
1283487153566121984
1283487119881707520
1283487080476299264
1283487061933203712
1283487001195339776
1283486946229133312
1283486925911883776
1283486903732502528
1283486804528816128
1283486738946691072
1283486512252739584
1283485624478175232
1283419351610204160
1283258982140870912
1283258841988243712
1283174013527904512
1283090837946146816
1283090649143824384
1283087278202589184
1283087174527852288
1283087010404675584
1283086764656263168
1283086630547595264
1283086291576422400
1283086144654188288
1283086116514660352
1283085890512977920
1283085788612374528
1283085665765294080
1283085491626283008
1283085450643726336
1283085432960548864
1283085391504056320
1283085367256715264
1283085277033041920
1283085233261346816
1283085197362241536
1283085139967463424
1283085102432628736
1283084680355610624
1282698428364009472
1282697931389378560
1282697424532901888
1282696873476751360
1282618852426362880
1282618831861678080
1282618647974948864
1282618591246942208
1282618357246840832
1282618119484313600
1282617107163815936
1282614950461145088
1282609096928133120
1282608623487799296
1282608605439680512
1282608590512173056
1282608525005463552
1282607826007924736
1282437856900915200
1282437691158736896
1282437665695113216
1282436802662498304
1282436760065146880
1282345190997532672
1282345030359941120
1282343980047400960
1282343840758800384
1282342749874855936
1282342681440653312
1282342572086755328
1282342230158643200
1282342048201428992
1282341951430369280
1282341835336294400
1282341536580198400
1282341500324581376
1282341359245033472
1282341321307496448
1282341286230589440
1282341210472902912
1282341165145128960
1282341141036269568
1282341013638586368
1282340979236835328
1282340240250765312
1282231964716736512
1282231872827920384
1282231766460379136
1282218584983449600
1282218543753428992
1282218520730726400
1282218456893530112
1282218440690999296
1282218389595918336
1282218366263009280
1282218347724242944
1282218318527696896
1282218291864449024
1282218272155475968
1282217715206365184
1282215869351960576
1282215851140304896
1282215830420434944
1282215783691702272
1282215756537659392
1282215688308916224
1282215668549648384
1282215655371157504
1282215636178014208
1282215546373668864
1282054491924312064
1282053191400665088
1282053083548258304
1282053015940354048
1282052995144974336
1282052937326497792
1282052847044091904
1282052188341239808
1282052031461626112
1282051964818411520
1282051943414800384
1282051908522389504
1282032253627969536
1282032089647517696
1282031829181235200
1282031673006333952
1282000721626497024
1282000706405359616
1282000686440501248
1282000666320396288
1282000560485531648
1282000530450128896
1282000509344325632
1282000490029625088
1282000412879577088
1282000382756106240
1282000373084033024
1282000335830224896
1282000315995348992
1281999247945224192
1281999183331897088
1281998718997323776
1281681816274034688
1281673663884951552
1281673607165497088
1281673567239917568
1281673538617966592
1281673417209651200
1281673326012833792
1281673262997671936
1281673217636212736
1281673174376239104
1281673154939826176
1281673127735504896
1281673055438348288
1281673039491608576
1281673017077182464
1281672992750174208
1281672954942836736
1281672936089358336
1281672911804301312
1281672867369934848
1281672756141199360
1281672710486097920
1281672675837071360
1281672654488035328
1281672627128606720
1281672608027746304
1281672593360203776
1281672238681513984
1281672215893860352
1281672197313114112
1281672174676434944
1281672117499637760
1281672098872733696
1281672055713390592
1281672028274270208
1281672000042422272
1281671981532950528
1281671701915369472
1281671683070406912
1281671662287691776
1281671640762527488
1281671190155845632
1281671118894575616
1281670993589809152
1281670963252338688
1281670942582886400
1281649695689895936
1281624654218657792
1281623813629894912
1281623681773580288
1281623611900657664
1281619948591292416
1281619792806510592
1281619320209051648
1281619299304709888
1281618808537522176
1281618284006322176
1281618258920186112
1281616703818993664
1281616130914881536
1281615294536925184
1281615273594884096
1281615261624344576
1281615214211997696
1281615008313610240
1281614979028975616
1281611991476514816
1281611972086202368
1281611827319889920
1281611808961437696
1281611775650271232
1281611668338946048
1281611604283535360
1281611515360149504
1281611457864642560
1281611194105724928
1281611155102928896
1281611116850839552
1281610806715723776
1281610765586366464
1281610721344790528
1281610700037726208
1281609795150270464
1281609768982007808
1281609740401946624
1281609719443066880
1281609640665645056
1281609578631835648
1281609537875779584
1281609462864904192
1281609435127918592
1281609408003309568
1281609274813186048
1281609255536164864
1281609203078004736
1281609181875798016
1281609160702992384
1281609081896214528
1281609063185502208
1281609038602608640
1281609017417240576
1281608994549792768
1281608969329561600
1281608905949405184
1281608882910048512
1281608850127360000
1281608796763230208
1281607867787808768
1281607073281847296
1281600414748737536
1281600262684184576
1281600237145075712
1281600209408143360
1281600151291912192
1281599962703429632
1281599939643146240
1281479538816548864
1281479512077807616
1281479441714208768
1281479207483322368
1281479179301728512
1281479149962637312
1281479111748259840
1281478993410174976
1281478917191340032
1281478612680683520
1281478590962556928
1281478562533474304
1281478540890976512
1281478517272829952
1281478495500210176
1281478396938276864
1281478372770680832
1281478233230315520
1281340907565064192
1281338713876959232
1281337258654793728
1281334383564201984
1281334259513462784
1281322452933582848
1281318133228282112
1281317126494617600
1281317085226901504
1281312065391669248
1281311516571111424
1281311497923289088
1281310895059218432
1281309783329472512
1281309757748457472
1281309715230851072
1281309679671562240
1281309660579069952
1281309635421581312
1281309614164803584
1281309590748094464
1281309572297306112
1281309540907134976
1281309391652782080
1281309308010082304
1281309252473311232
1281309232256757760
1281309208495951872
1281309189361537024
1281309155781939200
1281309136064520192
1281309113524326400
1281309074706124800
1281308738276806912
1281308706723041280
1281308684371582976
1281308636233547776
1281308615618560000
1281308590637285376
1281308571779641088
1281308503152431104
1281308482508070912
1281308467693858816
1281308445879283712
1281293566946533376
1281293027487690752
1281292068502069248
1281291851711033088
1281291658743734272
1281291635901358080
1281291509313265664
1281291492162764800
1281291451117252608
1281291433031450624
1281284822288252928
1281284806245003264
1281284733108977664
1281284701404135424
1281284681992933376
1281284651064098816
1281284630868525056
1281284590645260288
1281284446528946176
1281284302978912512
1281284276365950976
1281284235287040000
1281284206849556480
1281284098972168192
1281284073147727872
1281283907443404800
1281283885259796480
1281283838207905792
1281283819409154048
1281283787859668992
1281283746914844672
1281283727755227136
1281283701637251072
1281283681785655296
1281283627477798912
1281283601984880640
1281283586511994880
1281283566681370624
1281283546309636096
1281279292278800384
1281251811710709760
1281251777770328064
1281247797254270976
1281247723547656192
1281247691033530368
1281247296764739584
1281247270177029888
1281247239424311296
1281247217509154816
1281247173808545792
1281247148634517504
1281247042581520384
1281246987426369536
1281246965922234368
1281246909177495552
1281246886926716928
1281246615379095552
1281246594126536704
1281246470792978432
1281246449116864512
1281246423451828224
1281246388676952064
1281242165075640320
1281240899352223488
1281240871674023936
1281240846239764480
1281240827277312000
1281240807320760320
1281240786777116672
1281240751721132032
1281239857529053184
1281236434813440000
1281230572648648704
1281230544878141440
1281228571776868352
1281228501874548736
1281228482782035968
1281227297295601664
1281227261983821824
1281226930596057088
1281223123128463360
1281201273308696576
1281201249141088512
1281172042474192896
1281172020651269888
1281172003081392128
1281171984169291776
1281171966242758912
1281171939487363072
1281166535889948672
1281164243807715328
1281163959563882496
1281163935119486976
1281163862151245824
1281163836456931328
1281163797189795840
1281163777191411712
1281163617388433408
1281163571129450496
1281163547641339904
1281162882835714048
1281162861570555904
1281162836895567872
1281162816565714944
1281162750987812864
1281162729957490688
1281162704917606400
1281162684235493376
1281162623699038208
1281162528995885056
1281162494770319360
1281162166977146880
1281162029554941952
1281162001952247808
1281161726793310208
1281161664088420352
1281160933457494016
1281160911835856896
1281160847633588224
1281160830273359872
1281160805577297920
1281156677409087488
1281156655292592128
1281156638821552128
1281149587043082240
1281149564729376768
1281149297455759360
1281149275150389248
1281149254992564224
1281149232544731136
1281149138030202880
1281149084615786496
1281149062780256512
1281148968722935808
1281148898527055872
1281148132588498944
1281148093434605568
1281137180472197120
1281136618460581888
1281136448243208192
1281136431688306688
1281136374737928192
1281136356786417664
1281135166308716288
1280996094835638272
1280996067123826688
1280996050938052608
1280990118015315968
1280990096280469504
1280980736594583552
1280980716940079104
1280980686602715136
1280980666113568768
1280980644391256064
1280980622828277760
1280980600653074432
1280980563306909696
1280980516389470208
1280980496357511168
1280980262818627584
1280980237749288960
1280980176688558080
1280980019142176768
1280979971637481472
1280979950707900416
1280979930243903488
1280979891043872768
1280979861931204608
1280979591281233920
1280979531218718720
1280979484427108352
1280979455566139392
1280978649378885632
1280978480461725696
1280978458559078400
1280978411511599104
1280978387255922688
1280978362127863808
1280978338123784192
1280978294096216064
1280978144753786880
1280978134725283840
1280978085744201728
1280978066370629632
1280970965263024128
1280970948485754880
1280970901387907072
1280970885629972480
1280970756869050368
1280968195789279232
1280800582303994112
1280800305098174464
1280800277205929984
1280800088881848320
1280800067608350720
1280800049925103616
1280799480615485440
1280799453763469312
1280798501220294912
1280798419079086080
1280798296399896576
1280798269778649088
1280789070902431488
1280762327030042624
1280761457349623808
1280761434071355392
1280761363372089088
1280761313459941376
1280761291817304064
1280761243494735872
1280760945988579328
1280760922575966208
1280748625191198720
1280748497915064320
1280748474594742272
1280748428922966016
1280748406693125888
1280748348920729600
1280748326388932608
1280748298018709504
1280748272630599680
1280748157295562752
1280628111713931264
1280628080533536768
1280628037101461504
1280627549484339200
1280627525291520000
1280627492492054528
1280627318126530560
1280627050848681984
1280626987283947520
1280626957810573312
1280624762092498944
1280624741141880832
1280624707616878592
1280624685487722496
1280624660913192960
1280624640138842112
1280604427204784128
1280604290592190464
1280591718644101120
1280591661861650432
1280591644081958912
1280591539878670336
1280591454608523264
1280591029738057728
1280589525346136064
1280588916832325632
1280588892505284608
1280588868602023936
1280588844912578560
1280588592172105728
1280588298675728384
1280588264987136000
1280588201393086464
1280587834563362816
1280552514362970112
1280552487813087232
1280552392296148992
1280552343810060288
1280552313548144640
1280552230253445120
1280552187773534208
1280551942683611136
1280551761258909696
1280551735988289536
1280551674411651072
1280551182218526720
1280550866529943552
1280550844392452096
1280549961780912128
1280549887495540736
1280549868625432576
1280549789080395776
1280549750480257024
1280549723401785088
1280543821504352512
1280543782182805504
1280543647637942272
1280543320054341632
1280543289926660096
1280543238580064512
1280543217369349888
1280543183601045504
1280543164357632000
1280543149547556864
1280543031276507136
1280543004428730368
1280542974791815168
1280542953170181888
1280542925160677376
1280542905279668224
1280542884433969152
1280542390999306240
1280542349265862912
1280542310690848768
1280542277488738304
1280542234572660736
1280541837003022336
1280540275505537024
1280538229486292992
1280537564575916032
1280536876202496000
1280536841150742528
1280536771613331712
1280536734414094336
1280536652671262720
1280536629459943424
1280536604508028928
1280536538343002112
1280536521137958912
1280536423213473792
1280536382180593664
1280536360856756224
1280536306540568576
1280536177825775616
1280536149661036288
1280535739466424320
1280520311524466688
1280518905933508608
1280518678237384704
1280518658167537664
1280517293659783168
1280517273401331712
1280517249263116288
1280516062967140352
1280515903873077248
1280505640172032000
1280433182664515584
1280433159985905664
1280433106965671936
1280433086203912192
1280433005677477888
1280432954309775360
1280432923804647424
1280352332140732416
1280257768059002880
1280257745107717888
1280257015017877504
1280256915361193984
1280256857190383616
1280256833379237888
1280256815574499328
1280256778299736064
1280255868232138752
1280255825840349184
1280255531811250176
1280255508159528960
1280255452006268928
1280255415394144512
1280255117510561792
1280254821539381248
1280254799766794240
1280254767554535424
1280254249151201280
1280249718149386240
1280249680937586688
1280249551555891200
1280249528831094784
1280249404050542592
1280249369284022272
1280248362806185984
1280248172032462848
1280248083335569408
1280248057070620672
1280246573151199232
1280246526284095488
1280246498245165056
1280246437134155776
1280246409065791488
1280246329147613184
1280246303834988288
1280245086836703232
1280245047561203712
1280239939523883008
1280239851699388416
1280239181814431488
1280239160348065792
1280239082774331392
1280239029527687168
1280238958262263808
1280238936812597248
1280238900838006784
1280238878675406848
1280238844932169728
1280238823558057984
1280238799994474496
1280238764661628928
1280237896587456512
1280237872696758272
1280237708842065920
1280237688944295936
1280237666857111552
1280237645231206400
1280237618685530112
1280237565405265920
1280237525450330112
1280236959990976512
1280236936830038016
1280236731690868736
1280228836903452672
1280228828619644928
1280205701412016128
1280205668469936128
1280205531488178176
1280205530577895424
1280205273538404352
1280205211978563584
1280205047578714112
1280203812360372224
1280203792894607360
1280203765837180928
1280203740579012608
1280203727501168640
1280203700359901184
1280203185408430080
1280203063467356160
1280203015610421248
1280202962053353472
1280202904129937408
1280202878670569472
1280202854125514752
1280202801616809984
1280202779781476352
1280202665746628608
1280202615104647168
1280202581961293824
1280202548352364288
1280202068834373632
1280202044012453888
1280202021975601152
1280201972185018368
1280150886942203904
1280144567535390720
1280144052806201088
1280142337541275648
1280142176937271296
1280142146838966272
1280142056908894208
1280141242161078272
1280141097310830592
1280141068865081088
1280140363487903488
1280139646844964864
1280138672420110336
1280137815330902016
1280137792681623552
1280137554134814720
1280121087989288960
1280121018758107136
1280120753216794624
1280120727753183232
1280120309576761088
1280120222599577600
1280120033079971840
1280120007159164928
1280119751210078208
1280118957786234880
1280118744136716288
1280118461658812416
1280118365806305280
1280118332147015680
1280118133064425472
1280118110029254912
1280117815354236928
1280117791035719680
1280117743195471872
1280117709510864896
1280112687129788416
1280112631064473600
1280112608759156736
1280112507303141376
1280112488504328192
1280112454345818112
1280112410553126912
1280112378684870912
1280111577652432896
1280111514918232064
1280111486900330496
1280108240701984768
1280108105393635328
1280100909536739328
1280076981128888320
1280075445497729024
1280075242321346560
1280074983033667584
1280074961806295040
1280074671673802752
1280074580971991040
1280074558691819520
1280074433928052736
1280074415255027712
1280074390202470400
1280074339765948416
1280074296250052608
1280074016322093056
1280073999251275776
1280073966267310080
1280073944167563264
1280073860474437632
1280073837661630464
1280073400044720128
1280072464614252288
1280072391444631552
1280072371324555264
1280072129158012928
1280071905496662016
1280071726265765888
1280071705537413120
1280071667927207936
1280071648075546624
1280071329258057728
1280071276590137088
1280071256117841920
1280071221212778496
1280071144415145984
1280071126346018816
1280071083497066496
1280071040023048192
1280070986231164928
1280070964353675264
1280070925946421248
1280070851115786240
1280070789270732800
1280070762892836864
1280070747596165120
1280070726100422912
1280070685294055424
1280070495287873536
1280070471619416064
1280066096603844608
1280065759994089472
1280065224691892224
1280065014230126592
1280064995477381120
1280064971603423232
1280064901558435840
1280063559456755712
1280063535658262528
1280063179847020288
1280062755135991808
1280062730804830208
1280062691672035328
1280062573052932096
1280062526345052160
1280062439518855168
1280062396703420416
1280062262993211392
1279866807575347200
1279866732916756480
1279866692101947392
1279862280017018880
1279848336267382784
1279821664767926272
1279821605036634112
1279821578352635904
1279821532928319488
1279821167826796288
1279820202960617472
1279818997622616064
1279818442011480064
1279818221844078592
1279818195382210560
1279817452591906816
1279817298157744128
1279816926177439488
1279816889653436416
1279816716990767104
1279816642411868160
1279816107583574016
1279816029913468928
1279815968496193536
1279815868546002944
1279815825231396864
1279815351467941888
1279815049557786624
1279814981299712000
1279814919014232064
1279814896201457664
1279814544307687424
1279814447041843200
1279814113452056576
1279813163517648896
1279812993505800192
1279812817219190784
1279812792074358784
1279544275127205888
1279543996952580096
1279543972399132672
1279522861657579520
1279522734897336320
1279522711228887040
1279522577807966208
1279346352850436096
1279346343518101504
1279346310945083392
1279340806147637248
1279323361806614528
1279322789145571328
1279322735416692736
1279306717759766528
1279306683924258816
1279302630817349632
1279302522239422464
1279302436436553728
1279302202763481088
1279301718950449152
1279296435910070272
1279296381631561728
1279296325637623808
1279296295539281920
1279227284239659008
1279180328486293504
1279180285389819904
1279179168304041984
1279179019225837568
1279178835905384448
1279178730708107264
1279178709010874368
1279176699507355648
1279176084056158208
1279174173257019392
1279173518937264128
1279173456282648576
1279173430814953472
1279172979038007296
1279169651902218240
1279169587683168512
1279169507215511552
1279169035654123520
1279168788018102272
1279168701955280896
1279168696825589760
1279168694640312320
1279168691666669568
1279168560275824640
1279168499823321088
1279167472810307584
1279167349178929152
1279167320200564736
1279097062823538688
1279085290632642560
1279085103935901696
1279084441579728896
1279082991130640384
1279072966089867264
1279072906702659584
1279072819071062016
1279072749403680768
1279069617663758336
1279069537317593088
1279068260143714304
1279018791024852992
1279018658581426176
1279018197891584000
1279018102169243648
1279018012365008896
1279017921763856384
1279017858685640704
1279017828205637632
1278978817378455552
1278978665599156224
1278978574637306112
1278978554345242624
1278963060686884864
1278962894441512960
1278962865374986240
1278949812377960448
1278949788604645376
1278948725130485760
1278948437019570176
1278947350430523392
1278947010264141824
1278946988520869888
1278946954362474496
1278946924561915904
1278945953173700608
1278945897016111104
1278945748118310912
1278945072051113984
1278945042149892096
1278931415757983488
1278931394635468800
1278931310585798912
1278931288301473792
1278931265270489088
1278931245079179264
1278931200992841728
1278931175420186624
1278929601591480320
1278929579298693120
1278928579825369088
1278928554613444608
1278928088123019264
1278909129034170368
1278908514409287680
1278908490828918784
1278908230572355584
1278908209630248960
1278908123483443200
1278908099500429312
1278908068097658880
1278908002586841088
1278907476008742912
1278907299281633280
1278907196437397504
1278801162263842816
1278801087298969600
1278801059750830080
1278800986031652864
1278800627708157952
1278800239902760960
1278800210290933760
1278800046692208640
1278800016342167552
1278799968896253952
1278797400707076096
1278797380922507264
1278797332851589120
1278796768587718912
1278796710437928960
1278796657325477888
1278796632239333376
1278795941840117760
1278795921413812224
1278795756774850560
1278795737774665728
1278795670321795072
1278795650373738496
1278795489018863616
1278795254049771520
1278795037833408512
1278795013330219008
1278754860104667136
1278754078538059776
1278753999005630464
1278753846081343488
1278753828003811328
1278753767429718016
1278753741957709824
1278753275030929408
1278753248355266560
1278753021439160320
1278753000773869568
1278752919857266688
1278752899271712768
1278751728511451136
1278751450282234112
1278751116201787392
1278750647563804672
1278750568719306752
1278734305959849984
1278733312102674432
1278733152958189568
1278733092178612224
1278732607648382976
1278732570788859904
1278732542548508672
1278732258342510592
1278732239870853120
1278732187819376640
1278732031074226176
1278731632963465216
1278731585362309120
1278731541833711616
1278711396734316288
1278711357731475712
1278709721726357504
1278709644576337920
1278709624607211520
1278709501030469632
1278709475411726336
1278709258675249152
1278693074437386240
1278691582951206912
1278691183032754176
1278691161264324608
1278690836243415040
1278690817608241152
1278690780731899904
1278690760012042240
1278690470420512768
1278681247557050368
1278677842054778880
1278677531282022400
1278676756241747968
1278676720963538944
1278676481900777472
1278676459150811136
1278676432651198464
1278676411117711360
1278676372580446208
1278676339160240128
1278676089494220800
1278676069873324032
1278675842785251328
1278675817179090944
1278675730055008512
1278675708450164736
1278675645732716288
1278675443663671296
1278675420616036352
1278675046333120512
1278674945413955584
1278674919933558784
1278671985304899584
1278671960801771520
1278671699869908992
1278671460467453952
1278671188936527872
1278670392115302400
1278670316076707840
1278670210090840064
1278628669934747648
1278628640561999872
1278628600657448960
1278628579191001088
1278627775340064768
1278627755412897792
1278627725025128448
1278627705081266176
1278627631072763904
1278627613431476224
1278627546456883200
1278627528631074816
1278627500558635008
1278627466760933376
1278627389224947712
1278627342777298944
1278627321134682112
1278626544299188224
1278626523679989760
1278626284692738048
1278626255546519552
1278626088093208576
1278626062788952064
1278617980583194624
1278617952892456960
1278600536510672896
1278600516445057024
1278600322253041664
1278598130397831168
1278598111536066560
1278598056028618752
1278598034323013632
1278597722212352000
1278597695150665728
1278597293432885248
1278597183399514112
1278595548229050368
1278595528306102272
1278594603143307264
1278594052179529728
1278594028565606400
1278593964585689088
1278593907287363584
1278593795190403072
1278593403085873152
1278593381749358592
1278593165616918528
1278593140224602112
1278592512232427520
1278592458335629312
1278592238096977920
1278592120849403904
1278592051945316352
1278591859443544064
1278591830574202880
1278591481641611264
1278591444975063040
1278591357179899904
1278445924197584896
1278445285577023488
1278445258301456384
1278444817366876160
1278276727203074048
1278276208023818240
1278275741076066304
1278275719001505792
1278275546892455936
1278275437647593472
1278275415329701888
1278275352159301632
1278275331997290496
1278275308391718912
1278275286375772160
1278274781792608512
1278274755313971200
1278274696669204480
1278274583624327168
1278274563638509568
1278273910979559424
1278273862946488320
1278271881330769920
1278091558450089984
1278091537914769408
1278091270519390208
1278091006911619072
1278090908198752512
1278090714241478912
1278090689809723392
1278090669630898176
1278090648562938112
1278090522356310016
1278059162568663040
1278059082201653248
1278059038790606848
1278054011749437440
1278052663675039488
1278052243376308224
1278052219439517696
1278051111899930624
1278051082434985984
1278050241636446208
1278050209671544832
1278050129409380352
1278049683588423680
1278049453258289152
1278049407548743680
1278049371263811584
1278049345888235520
1278049111783194624
1278049076181942272
1278046533074800640
1278046428753997824
1278046264639226112
1278046242669543424
1278046218481029120
1278046200932040704
1278046162600239104
1278029096690335488
1278027569422635008
1278026416429371392
1278026416374919168
1278026362725568512
1278026347013640192
1278026133225844736
1278025772301680640
1278025575353982976
1278025575257571328
1278025518860963840
1278025513416753152
1278025511294427136
1278025509818032128
1278025507297202176
1278025410261987328
1278025063145648128
1278024542225645568
1278024097952382976
1278023873192251392
1278023873187979264
1278023832457134080
1278023482996121600
1278023480412442624
1278023258684755968
1278023045551132672
1278023018799915008
1278016549702586368
1278016473399791616
1278011923892666368
1278011801993728000
1278011739188211712
1278011716106883072
1278011418567225088
1278010948469641216
1278010919746969600
1277727955448446976
1277727948720791552
1277727897558626304
1277727277095190528
1277727093875445760
1277727069426851840
1277726793647173632
1277726058834530304
1277726035388370944
1277725880748584960
1277725861236662272
1277725613462298624
1277725502703312896
1277725466292563968
1277725054973939712
1277725033272610816
1277724390587842560
1277723978191319040
1277723934113386496
1277723827624202240
1277723660355330048
1277723589039587328
1277723537650917376
1277723514758447104
1277723310973952000
1277723230233600000
1277723202429636608
1277723083533692928
1277704734992932864
1277682530108440576
1277682454736842752
1277682406758154240
1277682352051965952
1277682254748229632
1277682231721549824
1277676802262159360
1277676776433614848
1277672249902972928
1277672224300961792
1277672097049870336
1277672036488433664
1277671993438060288
1277671971145342976
1277671614990159872
1277671591518842880
1277671523374030848
1277671472652267520
1277671441908072448
1277656359513861888
1277654415101636608
1277641853140119552
1277641835469590528
1277641768440410112
1277641704779153408
1277639048908152832
1277639025608835072
1277638932260421632
1277638570568830976
1277637896539967488
1277637876830875648
1277637787248984064
1277635290480414720
1277634884316651520
1277634856730624000
1277634489582223360
1277634488890265600
1277634269435871232
1277621761048264704
1277621733701439488
1277621229059485696
1277619567972560896
1277619524699860992
1277619361742815232
1277619341828272128
1277619246932152320
1277618852369702912
1277616822456639488
1277616392259461120
1277616062255808512
1277565603205742592
1277564360303443968
1277564299100200960
1277563854122352640
1277563372851154944
1277561291754831872
1277560442047561728
1277560417502531584
1277560380177383424
1277560315857768448
1277560105370824704
1277559973229268992
1277559743398240512
1277558076392996864
1277557147115626496
1277551410045947904
1277551397500829696
1277547993277837312
1277547952488284160
1277547656194203648
1277546459605413888
1277546378349219840
1277546130491006976
1277545881718476800
1277545861724151808
1277545784599330816
1277360548297015296
1277360489211650048
1277360459642032128
1277360227684401152
1277360190476767232
1277277454340587520
1277277430076649472
1277276733893378048
1277276712204722176
1277276098255106048
1277276070530756608
1277275917728059392
1277275897125617664
1277275863281733632
1277275825805688832
1277275804574064640
1277273672378703872
1277246623479889920
1277246588809891840
1277245886553341952
1277245866806575104
1277243027615027200
1277241672758370304
1277240970749280512
1277238403050995712
1277238374802300928
1277238120812068864
1277235343499067392
1277235323551068160
1277235298490028032
1277235278814547968
1277235248108011520
1277235227002392576
1277234946181140480
1277234924475604992
1277234810604437504
1277234783400210432
1277192163005251584
1277192138934099968
1277191988144726016
1277190764783599616
1277186012293271552
1277185950003662848
1277185893187629056
1277185871868055552
1277185835151089664
1277185808588574720
1277185776086908928
1277185736559730688
1277185704276221952
1277185665537642496
1277185609728212992
1277185587691294720
1277185509308215296
1277185490396069888
1277185431956791296
1277185418732109824
1277185279120617472
1277185258652401664
1277185152377126912
1277180003055284224
1277179979126714368
1277179901427269632
1277179877909762048
1277179807361531904
1277179779020722176
1277170228095594496
1277170200463450112
1277169433878958080
1277167028416188416
1277166985311391488
1277166915358777088
1277166834568101888
1277166787977793536
1277166660227674112
1277166628162146304
1277162260268548096
1277162240911818752
1277161934136229888
1277160881030402048
1277160763065540608
1277158338686529536
1277157785986367488
1277157366262386688
1277157057272168448
1277156827936030720
1277156804674367488
1277153936047312896
1277153909564456960
1277153664302530560
1277153638352408576
1277153508739948288
1277153253558550528
1277152859231059968
1277152719682383872
1277152409907847168
1277151581990014976
1277151426792304640
1277150685029699584
1277150659075333888
1277122966841688064
1277122937745821696
1277122902081626112
1277122714726268928
1277018384027312128
1277006643331584000
1277006622552928512
1277006597680750592
1277006571365634048
1277006472933773312
1277006132683341824
1277006092904681472
1277005782035431424
1277005728226725888
1277005701450289152
1277005633464696832
1277005575096860672
1277005550669225984
1277005413997821952
1277005293856198912
1277005247588769792
1276989100755738624
1276989070313508864
1276988929405829120
1276988283625656320
1276936231612547072
1276935629528608768
1276935503355482112
1276935474595102720
1276935447332237312
1276935428273319936
1276935388276408320
1276935317027782912
1276935296404393984
1276935169610579968
1276935060244041728
1276935014404558848
1276934839464267776
1276934204870332416
1276934088847491072
1276933329129017088
1276933203454984192
1276933183624404992
1276933147830222848
1276933125541711872
1276933005530009600
1276932951842926592
1276932931337048064
1276932886063714304
1276932865381380096
1276932778983112704
1276932756359000064
1276932733948887040
1276932683352989696
1276923962392563712
1276923906029486080
1276923882449051648
1276923859296534528
1276923789599703040
1276923685786484736
1276923670225698816
1276922617014910976
1276922591824011264
1276922570680545280
1276922550778560512
1276922525260435712
1276922496873267200
1276922430129389568
1276922383253803008
1276922364077490176
1276922342338441216
1276922336172703488
1276922302723170304
1276922285115482112
1276922228324667392
1276922228307877888
1276922153590493184
1276922092882190336
1276922054181376000
1276922038951841792
1276922021260247040
1276921968063844352
1276921947499134976
1276921944143781888
1276921879559835648
1276921846416498688
1276921823087792128
1276921743945449472
1276921719844995072
1276921653239468032
1276921628690198528
1276921596708519936
1276921562290163712
1276921413782437888
1276921398150287360
1276921359667474432
1276921335395082240
1276921321226715136
1276921299378548736
1276921135112822784
1276920360173277184
1276920310256807936
1276919839492357888
1276879391738470400
1276877478141853696
1276877454515281920
1276877333568335872
1276877312093536512
1276876505721843712
1276875017431777280
1276874218416848896
1276874197877297152
1276874134836908032
1276874115681566720
1276874089618170112
1276874068063633408
1276862235025997824
1276862061797167104
1276861676378300416
1276860444112814080
1276860300222967808
1276859342424354816
1276859292591800320
1276859272282988288
1276817190860267520
1276816787695456512
1276816764312190976
1276816723614801920
1276816711233257472
1276808032530378752
1276806356994064384
1276803164868538368
1276803143951507712
1276803099437367296
1276803081527689216
1276803053979492352
1276803034035572736
1276800969494298624
1276800649548623872
1276799509960339712
1276799485654364160
1276798804872716288
1276797352515420160
1276796516879958016
1276796497514901504
1276796457555759104
1276796440434491392
1276796405030572032
1276796381437591552
1276795111096160512
1276792711211888640
1276792580311842816
1276792557461274624
1276789047361523712
1276788871376896000
1276788826090897408
1276788782067523584
1276788759804219392
1276788317892247552
1276788298535624704
1276788229321220096
1276788209754701824
1276787575999672320
1276787493120196608
1276787469149757440
1276787213460738048
1276786680587079680
1276782479836405760
1276776626681008128
1276767654116765696
1276767633426337792
1276767569656131584
1276767548856578048
1276767128717271040
1276767012220555264
1276767003295055872
1276766819362246912
1276766079822565376
1276765298264346624
1276765190894292992
1276765118899109888
1276765098829393920
1276764987365765120
1276764967258263552
1276764797128892416
1276757607152324608
1276757586814083072
1276757536100757504
1276757511287250944
1276757375588995072
1276746244254244864
1276742260705693696
1276742198256697088
1276742139066626048
1276742097144602624
1276742014479015936
1276741970589704192
1276741917095661568
1276741876574543872
1276741824401625088
1276741766281134080
1276741310880329728
1276741292651839488
1276741240365690880
1276739836435628032
1276739815820623872
1276739010749227008
1276738806474039296
1276738718662045696
1276738707652071424
1276738650697601024
1276738630489432064
1276738560440352768
1276738536616665088
1276738440646864896
1276738310396928000
1276738238812762112
1276738221502857216
1276738150518456320
1276737894414192640
1276737701740511232
1276737681536569088
1276737187321700352
1276737167717478400
1276737103502684160
1276737079561592832
1276736953090821888
1276736847260127232
1276651385673703424
1276650947838705664
1276650722604601088
1276649786041610240
1276649506784923648
1276649444876980224
1276648184736100352
1276648160954368000
1276648066636972032
1276647811501735936
1276647789561368576
1276644346939441152
1276644214986678272
1276644109676052480
1276644090680160512
1276644058652463104
1276644036749787136
1276644002855600128
1276643977081638912
1276643915186274304
1276643330613489664
1276643307054141440
1276643111557619712
1276643015084453888
1276642202345750528
1276642166325026816
1276641913685360640
1276474623014719488
1276474512553451520
1276458503826259968
1276458471378976768
1276454594986590208
1276452553476235264
1275150746993020928
1275150720631742464
1275150638155005952
1275150617229606912
1275150296415637504
1275150279118290944
1275150143776600064
1275150043717263360
1275150021156012032
1275149650622889984
1275149628023898112
1275120739964903424
1275120714794913792
1345669721073582080
1345669600546066432
1345669506048413696
1345666029322645504
1345653667307937792
1345651672538894336
1345651140466257920
1345651128323727360
1345651114193154048
1345651102721650688
1345651089299955712
1345651073994928128
1345651059075784704
1345651048749346816
1345651036267180032
1345651013575913472
1345649792211431424
1345649711508815872
1345649596224122880
1345649457388539904
1345649378783076352
1345625503776919552
1345625462211489792
1345625254891302912
1345625202034700288
1345625106542944512
1345624957489983488
1345624934819778560
1345624655231639552
1345624608158986240
1345624577007874048
1345624524218359808
1345444110656811008
1345444018478600192
1345442530737999872
1345442499083591680
1345442457731919872
1345442428766072832
1345442404464291840
1345442365226545152
1345441488558284800
1345441456744509440
1345441421000642560
1345441385768513536
1345441339375308800
1345441302310227968
1345441251932438528
1345441211939745792
1345427856311070720
1345427817132150784
1345427508829843712
1345424859598381056
1345424694367948800
1345424413915832320
1345424180418928640
1345424100831985664
1345423969814540288
1345423684664754176
1345398435638370304
1345389986204549120
1345389901290868736
1345321632420782080
1345321590691651584
1345317564289839104
1345317180297129984
1345317029235089408
1345316847151886336
1345316817955397632
1345316736799809536
1345316628687429632
1345316520814125056
1345316408524214272
1345316060694765568
1345316026179845888
1345308662529740800
1345308562852077568
1345308466794143488
1345308335311118336
1345308290952134912
1345308215672778752
1345308192323088384
1345308099146633216
1345308056427626496
1345088309161299968
1345088237057044480
1345085320556118016
1345085162170818560
1345084904678301696
1345084889008398336
1345084855059701760
1345083596072218624
1345077590554533888
1345077530253000704
1345075360078180352
1345075298937810944
1345075065965211648
1345054608171917312
1345039143101988864
1345015143193866240
1345015083924156416
1345015067893489664
1345015011920506880
1344996467518353408
1344995862901108736
1344995642410757888
1344995534357061632
1344977398580862976
1344689705904959488
1344689085319950336
1344688821640843264
1344678836974346240
1344588604878815232
1344588370438217728
1344588285646163968
1344587310843785216
1344578095412629504
1344577910783541248
1344569876145430528
1344569825314615296
1344569739885096960
1344569704493572096
1344528087028006912
1344528053758783488
1344527833159397376
1344525689601589248
1344525631229480960
1344329149817749504
1344329117253173248
1344328915700113408
1344328836809449472
1344328798658035712
1344328749022638080
1344328712880271360
1344328657372901376
1344328624615292928
1344328571737821184
1344328528175763712
1344328321262366720
1344328242061332480
1344327708621348864
1344327677977776128
1344327653923418112
1344325246871097088
1344325216235872512
1344213945888989184
1344213867124158464
1344213771921858560
1344193692521930752
1344193501966315520
1344193358915371008
1344193149271482368
1344192979968397312
1344192939728232448
1343832227449344000
1343818402234830848
1343637111308746752
1343637031453405184
1343630330209697792
1343577866810896384
1343559829286236160
1343559515724259328
1343512571719118848
1343485740987068416
1343485433754357760
1343477985232486400
1343477919289647104
1343473031704936448
1343472990802075648
1343472932820029440
1343449057872719872
1343446881758814208
1343427014099873792
1343300451173883904
1343300406525485056
1343285335590100992
1343285308486529024
1343279065617330176
1343247395174363136
1343247352136691712
1343239839748124672
1343239717828128768
1343239593177583616
1343232110291804160
1343231905324552192
1343231771899539712
1343231733395841024
1343185174536839168
1343176688616792064
1343176642185883648
1343175927824609280
1343173532637921280
1343173300382552064
1342931014490927104
1342920777931382784
1342920073015603200
1342918587955163136
1342918542426066944
1342913992357007360
1342913930818187264
1342904300201271296
1342904268395868160
1342904127815348224
1342903946373959680
1342901730103734272
1342901362691026944
1342901332890546176
1342901308404150272
1342895396545290240
1342895362428821504
1342893317764370432
1342893248587698176
1342893191935234048
1342887655651028992
1342884690974420992
1342883192873869312
1342883177208098816
1342883163681546240
1342883148812726272
1342883134094913536
1342883118039134208
1342883095884791808
1342883060237430784
1342882899809415168
1342875702488670208
1342875674693029888
1342874569393266688
1342874500979962112
1342868278310543360
1342842170613624832
1342842007207739392
1342841801124802560
1342841757059448832
1342833723918716928
1342833088498462720
1342793884083089408
1342793842140045312
1342793774813077504
1342786376018898944
1342786323946606592
1342762923626799104
1342762871432896512
1342518566004928512
1342518334592573440
1342518122029445120
1342512432573526016
1342506047009906688
1342505996460187648
1342505615986458624
1342505547929690112
1342505265380392960
1342505150888497152
1342505050967576576
1342505006478589952
1342504770066636800
1342504379065241600
1342504089721200640
1342465742059528192
1342465297043910912
1342465028847513600
1342455129350533120
1342454453878874112
1342454411206004736
1342454280402427904
1342453097726156800
1342452141915598848
1342452102212280320
1342396596387016704
1342394489369997312
1342394172666499072
1342386738501742592
1342385789007765504
1342385618672901888
1342385429266518016
1342385119454236672
1342385073774080000
1342385035220025088
1342384823021821952
1342384808954114048
1342384662153486336
1342384534839549952
1342340473080471552
1342338838774091776
1342338744477749248
1342338728354844672
1342338713720909824
1342338695316332288
1342338676223832064
1342338660189040640
1342338643223044096
1342338628010332160
1342338610541060096
1342338591054311424
1342338562889539584
1342338544463994880
1342338518438342912
1342338472313544704
1341841571772248064
1341789556832612352
1341789457691848704
1341789364171489280
1341789286853713920
1341789034352422912
1341788934192451584
1341788894430458112
1341767778030792704
1341767486547628032
1341766277019426816
1341766234862436352
1341722923149701120
1341722888731287552
1341722857441792000
1341722821567934464
1341722755369189376
1341722676751167488
1341722627489079296
1341694372912443392
1341694334522060800
1341694275260731392
1341694235154767872
1341694122399293440
1341666979850149888
1341666943514914816
1341644837465051136
1341495321411481600
1341495268429185024
1341495175818915840
1341495120613568512
1341495038614843392
1341494979869495296
1341483028166684672
1341482997351141376
1341468501253517312
1341468104774316032
1341468055587708928
1341402968202092288
1341366701192077312
1341366667385982976
1341366433226366976
1341300447445921792
1341300388943851520
1341135241533140992
1341134623825391616
1341133994788794368
1341133964183015424
1341133914329460736
1341133877704859648
1341097180329889792
1341097115745988608
1341097025522294784
1341066277704577024
1341066220884389888
1341065663968911360
1341064893114556416
1341064849971884032
1341064786184908800
1341023122510757888
1341012813226123264
1341012640185905152
1341012628940926976
1340999040620761088
1340998981766230016
1340998599979708416
1340998571806642176
1340997762830221312
1340997652125782016
1340997282859249664
1340997124864008192
1340997092693651712
1340737449463562240
1340736953197752320
1340736701430435840
1340736545318432768
1340735555995389952
1340735515801338112
1340735446901551104
1340727994680291328
1340727892813201408
1340727420547190784
1340719407278993408
1340718184601665536
1340717886835466240
1340693308369231872
1340693207550734336
1340693165439856640
1340693061387612160
1340692273063981056
1340691326204076032
1340691282201632768
1340688031494365184
1340687950317842432
1340687918382379008
1340687843727962112
1340687811075293184
1340687753734983680
1340687721120079872
1340687586571002112
1340687547362660352
1340687383839338496
1340687344056348672
1340687199965048832
1340686578532937728
1340684140757331968
1340639649522479104
1340639610729361408
1340639430042935296
1340639310735945728
1340639276195835904
1340630443821961216
1340624178546941952
1340618517280944128
1340618470283759616
1340616695359090688
1340615845660270592
1340615351336382464
1340614811982413824
1340614686157512704
1340614602393063424
1340614480246411264
1340613816833466368
1340613759157547008
1340613693655150592
1340612774842544128
1340593348332187648
1340593302274519040
1340593272998273024
1340593235937419264
1340589532492800000
1340589486162530304
1340589417237520384
1340589327550693376
1340589255123492864
1340589212496760832
1340589154728603648
1340588564464218112
1340588165472677888
1340586665635688448
1340586580248055808
1340586542381887488
1340581630159806464
1340386006986600448
1340385965588832512
1340385930050490368
1340385894369533952
1340353595619815424
1340351762549641216
1340351717863546880
1340333177710194688
1340332876487913472
1340332768442638336
1340332521943392512
1340332067247321088
1340328323910684672
1340328270827556864
1340317505999560704
1340317326919536640
1340317271789621248
1340314499405008896
1340314461282967552
1340313629833515008
1340313591317229568
1340313567925592064
1340313516415340288
1340313154430115840
1340313114752020480
1340313019696472064
1340312968186253312
1340312874904895488
1340312837252591616
1340290505159168000
1340290443842600960
1340290240506937088
1340290190691201024
1340288874283712512
1340288796508696576
1340288557865443328
1340271110022160384
1340270988798386176
1340245320744251392
1340245085095665664
1340244152987103232
1340224459299578112
1340224421525659648
1340224252503609088
1340206451617357824
1340206299372466176
1340206276312248320
1340206226882359296
1339986962711802112
1339980365688156160
1339980313397768192
1339980222284886016
1339980123517366272
1339974464168210432
1339974298476359680
1339973405123223552
1339967437417099264
1339966836817969152
1339954264496586752
1339952915503591424
1339952686322638848
1339952549579935488
1339952366481764352
1339952148315058176
1339951989443203072
1339951939996553216
1339951855909134336
1339951816755310592
1339951790062755840
1339951718918963200
1339951675172372480
1339951562878316288
1339951489415036928
1339951433198809088
1339941331091812352
1339941255606915072
1339939131514875904
1339939057040809984
1339939027647119360
1339933585197965312
1339933359984795648
1339933275486347264
1339933132951351296
1339933070577774592
1339932941254881280
1339932832001634304
1339932391574528000
1339901310230011904
1339901229510647808
1339901132630536192
1339901023306059776
1339896243707924480
1339895950131793920
1339895803603787776
1339893567448297472
1339893425806729216
1339893389802819584
1339893178082713600
1339893139964907520
1339893055609028608
1339893006653149184
1339875096283000832
1339875012329824512
1339874880716726272
1339874583051169792
1339853205031821312
1339852713614586112
1339852541488721920
1339683112889044992
1339682968550469632
1339682037163323392
1339681266841628672
1339649443465981952
1339649401283874816
1339648891508146176
1339636466083835904
1339636084460892160
1339629599832104960
1339626551688785920
1339626505312358400
1339625977069117440
1339625922723540992
1339625882428829696
1339625765843812352
1339554450319523840
1339545444431634432
1339545398743097088
1339454336993271808
1339447403796189184
1339447363602161664
1339444161842437888
1339444028249616384
1339443586815897600
1339443331466752000
1339443275850260480
1339443066139275264
1339443018068324352
1339308516062978048
1339307337870438400
1339307213224079360
1339307030234992640
1339305957499809792
1339276670990213120
1339276457202290688
1339276419021631488
1339276221050400768
1339275963797037056
1339275926299963392
1339275899267641088
1339275787778854912
1339275413412073472
1339275272726736896
1339275196595904512
1339265671486730240
1339265597050335232
1339228645462839296
1339228196965920768
1339227899140984832
1339199658900533248
1339199620451340288
1339199587043700736
1339199396311932928
1339199007931977728
1339198477075701760
1339198369512755200
1339191016713302016
1339190585576599552
1339190548184305664
1339189997832990720
1339189958435856384
1339189906694926336
1339171884034821888
1339171831169884160
1339171663406133248
1339171546489888768
1339171381733421056
1339171258605445120
1339170435532001280
1339150458280161280
1339150307369082880
1339150237622021888
1339150184157245440
1339150120789667840
1339140259884507136
1339140217962377216
1339120071705288704
1338959349868339200
1338958289074327552
1338957708880457728
1338957449072676864
1338957103545913088
1338956928832172032
1338956490640592896
1338955181749362688
1338955139722391552
1338955061565730816
1338954552503132160
1338953653475041280
1338953621136945152
1338953597674004480
1338953557589041152
1338953497560145920
1338953449732517888
1338918418729283584
1338917843405070336
1338917530312863488
1338896218513154048
1338895957686153216
1338894175635451904
1338868181390135296
1338867045350268928
1338866618575671296
1338866219621879808
1338865913190236160
1338865647015456768
1338865151366197248
1338844706990665728
1338844671410384896
1338844636517953536
1338844614023925760
1338844589403344896
1338844564753362944
1338844535577858048
1338844507471810560
1338844481211281408
1338844456896880640
1338844425636737024
1338844370636771328
1338839543680802816
1338779813679656960
1338775486638460928
1338775437233762304
1338775387275472896
1338775308741316608
1338775275866365952
1338774666194857984
1338774438242881536
1338774306109714432
1338774221607100416
1338774171015385088
1338774125171585024
1338773851141009408
1338773599889584128
1338773534747844608
1338773380925972480
1338747637491781632
1338747200667578368
1338733155696701440
1338733116177985536
1338733016739409920
1338732974364356608
1338596752207785984
1338593013157818368
1338541839180308480
1338540500945686528
1338539075482120192
1338538862596022272
1338538723546443776
1338474552754630912
1338462135274385408
1338461571295670272
1338461396946784512
1338461355020607488
1338461177161146368
1338461110488461312
1338461055207546880
1338460897749180416
1338460866489028608
1338460602163998720
1338460537659809792
1338460440339374080
1338460375822589952
1338451376578453504
1338450733197381632
1338450703879180288
1338450576166809600
1338450538686509056
1338450280669700096
1338450135735554048
1338450086859337728
1338449974904971264
1338448781998764032
1338448746556878848
1338448520353894400
1338447412860510208
1338447101856985088
1338443410739503104
1338443235375669248
1338443192740564992
1338442352772472832
1338442151471017984
1338442110270365696
1338412850570797056
1338412809881792512
1338412672421945088
1338385447815352320
1338384692421287936
1338223940079116288
1338223807727886336
1338223403371781888
1338201078433800192
1338186673646133248
1338149199301505024
1338149166418173952
1338149123594326016
1338149095697997824
1338146427025940480
1338146390904610816
1338146300517359616
1338146265096445952
1338146136805306368
1338145255770742784
1338144869693485056
1338144723341602816
1338143203615236096
1338143171801468928
1338143061176692736
1338141284465319936
1338140856939851776
1338140800484577280
1338140766640754688
1338139997212471296
1338123566416605184
1338123506790305792
1338123483449093888
1338123437986951168
1338123251546005504
1338123026307624960
1338120348911472640
1338120015489462272
1338119842348621824
1338117280094359552
1338117234590408704
1338117064972767232
1338116943954534400
1338116646741872640
1338116312053264384
1338115879750557696
1338112777337139200
1338112512697524224
1338112475494043648
1338112402701815808
1338112352630222848
1338108852844306432
1338108821588365312
1338108727241682944
1338105245176655872
1338100837952999424
1338093493546328064
1338092800177532928
1338092310727418112
1338092025497989120
1338085389354020864
1338085325147688960
1338085288749522944
1338085266209337088
1338064779987079168
1338064745837056000
1338052877269471232
1338052694397886464
1338051056035565568
1338042699136557056
1337845798579658752
1337845667256033280
1337809077259431936
1337788540831326208
1337788504525377536
1337788332001161216
1337787943323389952
1337787727010525184
1337786312200511488
1337783654660132864
1337783303290621952
1337783151528186112
1337783052760731648
1337782966391631872
1337782881498898432
1337782826519961600
1337782767015301120
1337780629518344192
1337780314987487232
1337780270389456896
1337765485342027776
1337740870863499264
1337739817887608832
1337739784186425088
1337739247533645824
1337739044386705408
1337713383752282112
1337711845440937984
1337710405695774720
1337703744356700160
1337689783775207424
1337483609817686016
1337483226764505088
1337456085955981312
1337455600528207872
1337454680272760832
1337454372800892928
1337454249463209984
1337443845940756480
1337438922947878912
1337438122540412928
1337438050767564800
1337437883758735360
1337437826707755008
1337435223659864064
1337434927068016640
1337434893073199104
1337434851667009536
1337434807698120704
1337434767139221504
1337434731152072704
1337434706426687488
1337434662860361728
1337434634158813184
1337434593872539648
1337434560813002752
1337434525459243008
1337434495352377088
1337434458195156992
1337434417237807104
1337434380378181632
1337434360241413888
1337434317908275200
1337434287268913152
1337434249868304384
1337434218176143360
1337434178565115904
1337433684807471104
1337432394421460992
1337432103185768448
1337426727920951296
1337426680353337088
1337426637735030784
1337426593745166336
1337426428061769728
1337426386773028864
1337421938055065600
1337418205254594560
1337418169871429632
1337418007992295424
1337416384029077504
1337416234510512128
1337402967864045568
1337402885097877504
1337402833478569984
1337401768045645824
1337401693311528960
1337400505530769408
1337393836079902720
1337393764764160000
1337393380884684800
1337391917550727168
1337386502649679872
1337386431707312128
1337385521564307712
1337384936580534272
1337384706309058560
1337359375204298752
1337359171822505984
1337358924023025664
1337354760802996224
1337353476934864896
1337353440880713728
1337353164949950464
1337352810485190912
1337352763056017408
1337352482046009088
1337339200996331520
1337338881864310784
1337338445451194368
1337337969502384128
1337337858655391488
1337337592816267264
1337337459542208512
1337337434158338048
1337326317365321728
1337313114254168064
1337313047875039232
1337312726830419968
1337279028244443136
1337270383549050880
1337270341194952704
1337131400789708800
1337119727064375296
1337119386138767360
1337119325673713664
1337119268870234112
1337119209323704320
1337119156584534016
1337119120853184512
1337082320503926784
1337079326592946176
1337068860382580736
1337068079394729984
1337067675793678336
1337066770117648384
1337066642388475904
1337066579528470528
1337066549153325056
1337066127474745088
1337065984906170368
1337065367559081984
1337056867424604160
1337056821102653440
1337056086902403072
1336785446756634624
1336785403957960704
1336769814497546240
1336769196143882240
1336768603107061760
1336768340694609920
1336768098389684224
1336767948573315072
1336767485903859712
1336767449493069824
1336767335743557632
1336761570752401408
1336761526594772992
1336761365437030400
1336761208762998784
1336761139443724288
1336761056853716992
1336760904172638208
1336753795942985728
1336753765647593472
1336752393615269888
1336741002455998464
1336740904560975872
1336740855693119488
1336740766526418944
1336740634011570176
1336725963502129152
1336725917129978112
1336721525207130112
1336721481494093824
1336721237427544064
1336721168208965632
1336719994495840512
1336719886098309120
1336719841626120192
1336715090456961024
1336714930653966336
1336714862651707392
1336714255240925184
1336714216024248320
1336714104141197312
1336701380896174080
1336613687956795392
1336613382062043136
1336613319709429760
1336613226860130304
1336613179355500288
1336603715302813696
1336603659027832832
1336603463086698496
1336603424490746112
1336603359244070912
1336603274665930752
1336603015462211584
1336602940585484288
1336602903730065408
1336602764391092224
1336602692051988480
1336385530494394368
1336385482947694592
1336385448818651136
1336385410721853440
1336385148716191488
1336385026989154304
1336384988313493504
1336384724189777920
1336384690471792640
1336384270005391360
1336384157275054080
1336362067989827584
1336361698387746816
1336361296154005504
1336360758708408320
1336350307081736192
1336350073962245888
1336350028777058304
1336349604087029760
1336349264474202112
1336348776848613376
1336348735723483136
1336347992408944640
1336347945046831104
1336347619124273152
1336347570738765824
1336347465709195264
1336347430279852032
1336336781948506112
1336336727380611072
1336306495693201408
1336303020641029888
1336302986839154688
1336302926344712192
1336302865502138368
1336302825094213632
1336302270653345792
1336301583521488896
1336301316038144000
1336301215408418816
1336294951991316480
1336294323772677888
1336294141697855488
1336294069992087552
1336294009212448768
1336262471343026176
1336262344901599232
1336243515530088448
1336243214899154944
1336243093746688000
1336241788768710912
1336234963356831488
1336234795785973760
1336234764253208576
1336234714085150720
1336234673396178944
1336210314640175104
1336210243018174464
1336209946095050752
1336209903162159104
1336209670403481600
1336209579705839616
1336182733836521472
1336181138411450368
1336180939853066240
1336180905753407488
1336180353212542976
1336180269519413248
1336180206667784192
1336179266703200512
1336179097685385216
1336053273518891008
1336053132531470336
1336020158779957248
1336019819473367040
1336019738372280320
1336019351078653952
1336019168408301568
1336018964376395776
1336018838333386752
1336018759744712704
1336005674870984704
1335995228520591360
1335994900018569216
1335994740588892160
1335994696976445440
1335994418143367168
1335994356558426112
1335993750431158272
1335993583040671488
1335993495362920448
1335993453172445184
1335993393084837888
1335959826158006272
1335948667677761536
1335948423304982528
1335947773875789824
1335938976587374592
1335938593504849920
1335903467781677056
1335902918634049536
1335902847532195840
1335902816410476288
1335902781950078976
1335902704707772416
1335902315996475392
1335902223331635200
1335902138376007680
1335902071288180736
1335901899929825280
1335901760737644288
1335901735106309888
1335901604059471872
1335901535696531712
1335901477949280512
1335901433871425536
1335901312412741632
1335901280166883328
1335901253113700352
1335901208545005568
1335901064307093504
1335901025417519104
1335900992697667584
1335868707680219136
1335867630482305024
1335867475087532032
1335867403578826752
1335865351381413888
1335864600227688448
1335705854813802496
1335704877872389888
1335702491925765888
1335702098684633088
1335701997052424192
1335700499560091648
1335699475021635584
1335668905961005056
1335668856921223168
1335668553752727552
1335668388241268736
1335668353713762304
1335665721062383616
1335665671531864064
1335651497808441088
1335651464312745984
1335650520166506496
1335621371586621440
1335621301508190208
1335621183753117696
1335621013246271488
1335592156220821504
1335592097504702464
1335592060070531072
1335591983499399168
1335591428676858112
1335591344639774720
1335590696284270592
1335590652839685888
1335589835277562112
1335589670994980864
1335589572768567296
1335589237853392896
1335589163047989248
1335588551132647424
1335588428700913664
1335588383993819136
1335555056293339136
1335554920259399680
1335554887367716864
1335554746606702592
1335554695994224640
1335549670253350912
1335549599235395584
1335518019662049280
1335517584163213312
1335517514042896384
1335515707736526848
1335515544347418624
1335513912247193600
1335513075680595968
1335512998769795072
1335512822294441984
1335512786101788672
1335512713783619584
1335512664064266240
1335512618161860608
1335322289576022016
1335301829098414080
1335276552855171072
1335270413534961664
1335270284342013952
1335270088006643712
1335253120331485184
1335253090124124160
1335253054787031040
1335252954585116672
1335252746631516160
1335252694227881984
1335252065862475776
1335248517137305600
1335248470295404288
1335248413126955008
1335248365412552704
1335247794815299584
1335247752545120512
1335246941668732928
1335246901676040192
1335185186254974976
1335185149043085312
1335184530630643712
1335184339005546496
1335153625065254912
1335153257325453312
1335153161863122944
1335152941599252480
1335152882174267392
1335152830232088576
1335092523392446464
1335092235852001280
1335092069501690112
1334943075899207680
1334939614415519488
1334939580865392640
1334939510174527488
1334921417821990912
1334921080818032640
1334920998706155520
1334920543750000640
1334920486652874752
1334920274869964800
1334918810797809664
1334918340649733888
1334918289651273728
1334918259464814592
1334918223607836672
1334890155640037376
1334890119736782848
1334889985108037632
1334889893663748096
1334889816652124160
1334889763963363328
1334889719772176384
1334888240722087936
1334888065286942720
1334887923091706112
1334887884411834368
1334887694749593600
1334887669978066944
1334887621781282816
1334884161627316224
1334878481050693632
1334878358514135040
1334876777643175936
1334876761637724160
1334876063751659520
1334876022227996672
1334874419219587072
1334874311530835968
1334874239770521600
1334873629771886592
1334873422837522432
1334872387591008512
1334856050391052288
1334855880664363008
1334852605747613696
1334852433827205120
1334852301996044288
1334852256706023424
1334846493711339520
1334846470592360448
1334846442570182912
1334846397653331968
1334845691567484928
1334845637251248128
1334845367511290112
1334845241510203392
1334845099998670848
1334843775542321152
1334843649612541952
1334843569044148224
1334840289845010432
1334839960101380096
1334839795147808768
1334839759051628288
1334839690126643200
1334837757219364864
1334837659143909376
1334837091730067712
1334836671372808192
1334829969005027328
1334829798498177024
1334829284788154368
1334829216785969152
1334828887864438784
1334828885490405376
1334827738830614528
1334827250181693440
1334772876336123904
1334772618306740224
1334772574446907392
1334772533409755136
1334771924593995776
1334771008197292032
1334761683030601728
1334761496388177920
1334761447981801472
1334751177494454272
1334751129289297920
1334568813430444032
1334509365236215808
1334508844995768320
1334453008894226432
1334431393397542912
1334431304864198912
1334408373769560064
1334408207922585600
1334408025344532480
1334407913306267648
1334407822080159488
1334407691356278784
1334407551098777600
1334407489245376512
1334405359516192768
1334405324548284416
1334405281221120000
1334405224220553216
1334242602061852672
1334193907924656128
1334180168458530816
1334167042207965184
1334166943625064448
1334166898980876288
1334166786946846720
1334162306884898816
1334161973823541248
1334161819351576576
1334161642104516608
1334161523384659968
1334161466396717056
1334161392417517568
1334161141346525184
1334161106730962944
1334160766379888640
1334160386183016448
1334132796802142208
1334128039635132416
1334105029989572608
1334085235462561792
1334067067155312640
1334066748316933888
1334066368665317376
1334046947766902784
1334044876170735616
1334043650750373888
1334043307723329536
1334043220825796608
1334043186591838208
1334043143860346880
1334043099660750848
1334043070057340928
1334042989530910720
1334042956773330944
1334042865446608896
1334011660277870592
1334011511585566720
1334011485627052032
1334011244957798400
1334011210212241408
1334011122555424768
1334010448358813696
1334008475215667200
1333799086344978432
1333798981080551424
1333798799181979648
1333798485502484480
1333798065631752192
1333797998522892288
1333797960656642048
1333797777076232192
1333797722676072448
1333797417431441408
1333797360736956416
1333796951448449024
1333746997229199360
1333746893407588352
1333746867918823424
1333746816282734592
1333649985133535232
1333649665842147328
1333649537202876416
1333649405686198272
1333649356864499712
1333519252876365824
1333519088090484736
1333519034835406848
1333518953856049152
1333518878861832192
1333517306031460352
1333517215048536064
1333516813171306496
1333516686469820416
1333516549009838080
1333516315802423296
1333516239126351872
1333515305558175488
1333514325370281984
1333514043097837568
1333513995584729088
1333513924889763840
1333513875036233728
1333513837912461312
1333513775815794688
1333412878456647680
1333412846881869824
1333376969753452288
1333376847208439808
1333376612994326528
1333376498032668672
1333352497608601600
1333351886846627840
1333351819779727360
1333351023176511488
1333341445235871488
1333341412453134336
1333341327690518528
1333325179825565696
1333320684630663168
1333320551293722624
1333320507563909120
1333150779088248832
1333150716148518912
1333149938532937728
1333149325376020480
1333148988741214208
1333148636495163392
1333148584737464320
1333148530823880704
1333148490818523136
1333143684595019776
1333143645369851904
1333143349751115776
1333142758635212800
1333142702750392320
1333142335509716992
1333141770318831616
1333141709878915072
1333125936464748288
1333107111996379136
1333107070908960768
1333092925782302720
1333092825320333312
1333088248130899968
1333088221404811264
1333088030891110400
1333087997999378432
1333087965220921088
1333087927103082496
1333087796450512896
1333087761012826112
1333087660349550592
1333087616867110912
1333084971653853184
1333083638544666624
1333083602393985024
1333083313007890432
1333083249229357056
1333083215192612864
1333083161648050176
1333083142396239872
1333083029066092288
1333082999026556928
1333082834181951488
1333082690162216960
1333082098215874560
1333082041445920768
1333081898558566400
1333081866879045632
1333081823119892480
1333081790215573504
1333081650218065920
1333077654484946944
1332738442220941312
1332731367889788928
1332731135449845760
1332714328693288960
1332714295566753792
1332713933946425088
1332698626959831040
1332698569464221696
1332698418246987776
1332689751862816768
1332689701275373568
1332689651681857536
1332689480189415424
1332641647981719552
1332641613378695168
1332640695031640064
1332640651956121600
1332625374883311616
1332624857041952768
1332624725726654464
1332624057930539008
1332624017350660096
1332623576319586304
1332623539963355136
1332584020102811648
1332581246514437888
1332581200293224448
1332416715330887680
1332416660909793280
1332416605687586816
1332416564386213888
1332416483578753024
1332416359813292032
1332374788455739392
1332370059503742976
1332360678775123968
1332360527134199808
1332348972350976000
1332348056432422912
1332347598628380672
1332347535147610112
1332347231765221376
1332347182339547136
1332347084276723712
1332346329566220288
1332346125458747392
1332345958227697664
1332345271360086016
1332344956124532736
1332294914995081216
1332292931982602240
1332283369737084928
1332282924255895552
1332282884493893632
1332282779543986176
1332282389410816000
1332282303737892864
1332282264764485632
1332281956004999168
1332280951888637952
1332280822116864000
1332233525454573568
1332233113909530624
1332233068262940672
1332224914552725504
1332214069869293568
1332214031831195648
1332213844534566912
1332213740528431104
1332213170769960960
1332212966473822208
1332212896785440768
1332210758780903424
1332210624894529536
1332210593122619392
1332210464089108480
1332210274686935040
1332209747962032128
1332209689564766208
1332209486933733376
1332208822274945024
1332208760400572416
1332010843488342016
1332010780833816576
1332010624235302912
1332010565200474112
1332010473601044480
1332007108053700608
1331991733035556864
1331991534313623552
1331983234205425664
1331982927857676288
1331982531613384704
1331982501154353152
1331982396602855424
1331982328424488960
1331982202788253696
1331982011095986176
1331981897967263488
1331981793650733056
1331981748238954496
1331981687128018944
1331973233768345600
1331973181356335104
1331973144542851072
1331972953970503680
1331972675896537088
1331972467221467136
1331931604592291840
1331931549953126400
1331931477706219520
1331931253239652352
1331930952646467584
1331930878193381376
1331930825143840768
1331930575364616192
1331930518917615616
1331912077229875200
1331911883864076288
1331911838448160768
1331910867986886912
1331910670347067392
1331910627493867520
1331910480668086272
1331910107677020160
1331909298822242304
1331909254840770560
1331909191779446784
1331870420002287616
1331866422012768512
1331866216261160960
1331865759467892736
1331865293115756288
1331864712045326336
1331864668252614912
1331864521682653184
1331864460517122048
1331864381399965696
1331864301926309888
1331864260729851904
1331834840505847808
1331834758813380608
1331834648679346176
1331834227881545728
1331833873009954816
1331832839764123648
1331832651137814528
1331832304768004096
1331832054623981568
1331829943597223936
1331661593831215104
1331656104066109440
1331656067336581120
1331655281529532416
1331655175753392128
1331655118647865088
1331654848090173440
1331654757858029568
1331643809919340288
1331643753329725440
1331643624849813504
1331642343846506496
1331642173310251008
1331625784633651200
1331625358748225536
1331625300669685760
1331624797151879168
1331624383010443264
1331623997369421824
1331623851869024512
1331623755110559488
1331601280347811840
1331600662526914560
1331600580414935040
1331600406296801280
1331570549802360832
1331570378242748416
1331570153860030464
1331570099799601152
1331570010561650688
1331569948653727488
1331569839035592704
1331569756567183360
1331560671163518976
1331560251171229696
1331559951953747968
1331559912573464576
1331559759431000064
1331559722307215360
1331559686194274304
1331509508296892416
1331493613205921792
1331493296355598336
1331493234644750336
1331492988317470720
1331492680690503680
1331492654509645824
1331492333704122368
1331492231933464576
1331492131475689472
1331492023224979712
1331491988869423104
1331491718861090816
1331491665706692608
1331491521078714368
1331491459976093696
1331333289685225472
1331333064643981312
1331269876149784576
1331269525992562688
1331260929191911424
1331259901625200640
1331259833840963584
1331259608393003008
1331259447226884096
1331259082678951936
1331258965481623552
1331258543924797440
1331258231205859328
1331258094282825728
1331257973180690432
1331257855211671552
1331257500511969280
1331257275688873984
1331256600242360320
1331237624460288000
1331237577064583168
1331236615323267072
1331200292310970368
1331200230688247808
1331200182281789440
1331197563777769472
1331197495003713536
1331197428842831872
1331197351982223360
1331197240577306624
1331197185942302720
1331171063896616960
1331156599742803968
1331156044500897792
1331151223605645312
1331151170329604096
1331151117053464576
1331150764937519104
1331150623975288832
1331150554077270016
1330961067481165824
1330944342052253696
1330934493214089216
1330934399605612288
1330934343427043328
1330926023031083008
1330925967938887680
1330925934195695616
1330915430882562048
1330909652968742912
1330909385221140480
1330909345761124352
1330908945976791040
1330908192239464448
1330908106843426816
1330907864869822464
1330907689581424640
1330907630827692032
1330907533289156608
1330907496488300288
1330854816617263104
1330854781137678336
1330853961520324608
1330853904502972416
1330853865189675008
1330853825410985984
1330853630564560896
1330834567230607360
1330833673831243776
1330833627043729408
1330833351230545920
1330833232150073088
1330833085659754496
1330832974913425408
1330832669157040128
1330832425891532800
1330832242202079232
1330832205048934400
1330831859622744064
1330831787627573248
1330831511797583872
1330831405195071488
1330831316431101952
1330830748002226176
1330794178318577664
1330794139454202112
1330793914157195264
1330793803507175424
1330793769684373504
1330793711148683264
1330793630957768704
1330745329961066496
1330745203465052160
1330745117909585920
1330613403229048832
1330593523037581312
1330593478687027200
1330593376765415424
1330593355806478336
1330546431925628928
1330546383846301696
1330546294662815488
1330546254099656704
1330529598862479360
1330529438770008064
1330529364824518912
1330529217633775616
1330519466829099008
1330519382221611008
1330519353020850176
1330519260070875136
1330519170094608384
1330519042931765248
1330518920701337600
1330518594304806912
1330518494279069696
1330518386250575872
1330518337143640064
1330518271985119232
1330518202460344320
1330518048688705536
1330516074438291712
1330516043471724288
1330516003298664448
1330515648833875968
1330515353009610752
1330515245966766080
1330514732097413120
1330514617328685056
1330514547183063040
1330514171809722368
1330514107221598208
1330487706015698944
1330487662826893312
1330487096755302400
1330486973031739392
1330486933060018176
1330486860964106240
1330486598241296384
1330486519694561280
1330486457698545664
1330486338349621248
1330486291692216320
1330486040054915072
1330486003283406848
1330484161371574272
1330484019503435776
1330483973982654464
1330483872031789056
1330483786098896896
1330483732864773888
1330483697502605312
1330483361530437632
1330483237500706816
1330482526822010880
1330481918048079872
1330481711256317952
1330481684802842624
1330481649537134592
1330481434017091584
1330481387351240704
1330481328370880512
1330481220376031232
1330430096981827584
1330241329926971392
1330241287115730944
1330241255473897472
1330241132110999552
1330240487752683520
1330240378914689024
1330240062030811136
1330234510957555712
1330234380862840832
1330233580350476288
1330233328457363712
1330232987494068224
1330232943772626944
1330232756325015552
1330232731855450112
1330232699303456768
1330232673277784064
1330183259301556224
1330183178271813632
1330183070721380352
1330183012802244608
1330182867704483840
1330182699504570368
1330176282693349376
1330176019781873664
1330168399817797632
1330167621455667200
1330167318488502272
1330167045342846976
1330167004133814272
1330166692241141760
1330157638328389632
1330157535672881152
1330157428487413760
1330157346245517312
1330157301550952448
1330157222710681600
1330157191337283584
1330157117454561280
1330089678360424448
1330089616771256320
1330089277921894400
1330089118173421568
1330089077660585984
1330083065230659584
1330081963332538368
1330081057408999424
1330080927490437120
1330080869122535424
1330054036775645184
1329888120179929088
1329875300881231872
1329828853670408192
1329828373028368384
1329823297329098752
1329817839453270016
1329794367721263104
1329793951142981632
1329788612821520384
1329788388942209024
1329787959231606784
1329787802758897664
1329778186431983616
1329777536457461760
1329714283026976768
1329709553290776576
1329701308664848384
1329700345577091072
1329699696240168960
1329699547656974336
1329697866030456832
1329697623129911296
1329697467424776192
1329696485181632512
1329696441720299520
1329696362116620288
1329695910595538944
1329695625047396352
1329695003388620800
1329694039038373888
1329693926228373504
1329693724209713152
1329693662540943360
1329693436824465408
1329693400283701248
1329693313088315392
1329693287440130048
1329684512666693632
1329684339634938112
1329683854936788992
1329445515075981312
1329445483589361664
1329445332107874304
1329445299912400896
1329445135973748736
1329445106252967936
1329445033054003200
1329444852061384704
1329444642497159168
1329431362944823296
1329431296553127936
1329431142659928064
1329431082400436224
1329431001504882688
1329430965001793536
1329430855375331328
1329430774433652736
1329430740640133120
1329407707376459776
1329389300224585728
1329389084494663680
1329388847189401600
1329388360478167040
1329388207662882816
1329387967878737920
1329387909506605056
1329387835724533760
1329387787498512384
1329387537018859520
1329387442403766272
1329387319921684480
1329386556088528896
1329386470948413440
1329386370633261056
1329386142492479488
1329325370047336448
1329325055755612160
1329324638250426368
1329324176247828480
1329324139971289088
1329322943541895168
1329322793574555648
1329291480956084224
1329291417114603520
1329138539955691520
1329138500097204224
1329096445983674368
1329096397593989120
1329096048795656192
1329094314471944192
1329094216400601088
1329088053248290816
1329088004514693120
1329087842895548416
1329087005758611712
1329086718402723840
1329063575839776768
1329063364216107008
1329063272465756160
1329062913685000192
1329062597300252672
1329062455474073600
1329062392840548352
1329062298137276416
1329062105069317888
1329061576255676416
1329060858174066688
1329060667509403648
1329060582637645824
1329052034692231168
1329051856761446400
1329051799379194112
1329051694437715968
1329051523624603648
1329049631356018688
1329049197010710528
1328982568423878912
1328982497045123072
1328966805021483008
1328966564100657152
1328966453048058112
1328966207811227648
1328966003221475328
1328960750124228608
1328960596465889280
1328960525494083584
1328950085028360192
1328950050458885888
1328946131901014016
1328946057733140480
1328946013093195776
1328945842506653696
1328945565649006592
1328907569033842688
1328795486690701312
1328795261397831680
1328795154644414464
1328790812197531648
1328790767008178176
1328790677547864064
1328756853438877696
1328756672970579968
1328756259382849536
1328752847756947712
1328751373190619136
1328751045451935488
1328750304595226624
1328750251948314624
1328750191235768320
1328750129369796608
1328749937132249088
1328726124319428608
1328725498852216832
1328725359471325184
1328725285030801408
1328724375357566976
1328724219887312896
1328723925287710720
1328723600287920128
1328723055561109504
1328702833273810944
1328655612939472896
1328655547009208320
1328655386673614848
1328655304272322560
1328655236165144576
1328655186798268416
1328627792179847168
1328627608830013440
1328627559198842880
1328626935593885696
1328626671273054208
1328626632739971072
1328587150661660672
1328587109746270208
1328586721466986496
1328586595998572288
1328586496828444672
1328586457645281280
1328584450859470848
1328584349541937152
1328584269824929792
1328582649636675584
1328582411282682112
1328582027289964288
1328581753599045632
1328581707247849472
1328581680781783040
1328581413143261184
1328581256796319488
1328581061006286848
1328581010368450560
1328580363925528576
1328580274045718528
1328579928149942272
1328579744795909888
1328579562767265792
1328579342545416192
1328579070154694912
1328578823282155520
1328578754709434368
1328577725825740800
1328577651729182720
1328577599589806080
1328576739317002240
1328576699722764288
1328576665128202240
1328576628927164416
1328401075536277504
1328400772183306240
1328362255558340608
1328362051618697216
1328251141088534528
1328251022372974592
1328250973324779520
1328250718898302976
1328059862895489024
1328059806507282432
1328009275969564672
1328009164375928832
1327993985600729088
1327993929371951104
1327990370307895296
1327990329467932672
1327915763974467584
1327915550270484480
1327915465889492992
1327915238302375936
1327911858473480192
1327911817398640640
1327640231714152448
1327632822996234240
1327632729056440320
1327632496394199040
1327632378437754880
1327631776882233088
1327620506972008448
1327620363958804480
1327337360615469056
1327337194466455552
1327252649394249728
1327252509543501824
1327252412902612992
1327251519889092608
1327251464046174208
1327249930818359296
1327249712081227776
1327249339912163328
1327248806434512896
1327248687634984960
1327248621662842880
1327248396852359168
1327247900699750400
1327231203888553984
1327231166269763584
1327215619968733184
1327214941380767488
1327214882165501952
1327214852851556352
1327214772530647040
1327214699847569408
1327214064901218304
1327214001433030912
1327213845945982976
1327201510812475392
1327200979092201472
1327200889405313024
1327200496319389696
1327200163039830016
1327196885002694912
1327181568373383168
1327181441705385984
1327181342782722048
1327181310893363200
1327181211324833792
1327181104172904448
1327181037290590208
1327180882365591552
1327180755596939264
1327180669185888512
1326953694223605760
1326953149551271936
1326944786348191488
1326944735194468352
1326944581095739392
1326943853174206464
1326942818019971072
1326942597596786688
1326942403190788096
1326911066606080000
1326910859818520576
1326878997033136128
1326878957183098880
1326878406294822912
1326878142917734400
1326878091571032064
1326877922666426368
1326877854634795008
1326877049986949120
1326876984811659264
1326876902808817664
1326876837906157568
1326876621383606272
1326876179350089728
1326876039381999616
1326871033308209152
1326870942514110464
1326870864768491520
1326870707389820928
1326870655032324096
1326870460613734400
1326870328749006848
1326870251791937536
1326870060636495872
1326869957649575936
1326869888816869376
1326869748219580416
1326869709057384448
1326869633341644800
1326777265045327872
1326777152302428160
1326777113903570944
1326776994470752512
1326776887587328000
1326616257571983360
1326605935964512512
1326605524029280512
1326605067814887424
1326579829085515776
1326576344843554816
1326559015531388928
1326558920018518016
1326558757959163904
1326554226978250752
1326554096699015168
1326553819270897664
1326553664832458752
1326553636055363584
1326553533387141120
1326548995880095488
1326548781010087936
1326548302930747392
1326516294003404800
1326516197576335360
1326516161253609472
1326516084791517184
1326515929233100800
1326514837128613888
1326514527857483776
1326514472178036736
1326514384299036672
1326514339466137600
1326464397036949504
1326427297616891904
1326425448184754176
1326425412050804736
1326416844618608640
1326416672622850048
1326415791047258112
1326406236091375616
1326238607150092288
1326238298331877376
1326238190194352128
1326238052113637376
1326233212788633600
1326233162154979328
1326233100901343232
1326232674315481088
1326231439202004992
1326231069436358912
1326230765181472768
1326230707023335424
1326230007199444992
1326229289021419520
1326219066827296768
1326218928440406016
1326218595932704768
1326218515972558848
1326218439074189312
1326218384913129472
1326218337802723328
1326218010651205632
1326216570453061632
1326216392568418304
1326216303183613952
1326215695236026368
1326213916180049920
1326213749217374208
1326213521080799232
1326164057750114304
1326153702001041408
1326153617137668096
1326140440719011840
1326115789481664512
1326115743956656128
1326115671151964160
1326045565654867968
1326045494976655360
1326020149183393792
1325878942423802112
1325878916125499392
1325876482330202112
1325844735815200768
1325842647500681216
1325842551165825024
1325842197330096128
1325835894285328384
1325834986654732288
1325834641908125696
1325834602766864384
1325830965999132672
1325830471155118080
1325830042493063168
1325829943117426688
1325829600283422720
1325829367839268864
1325828670989209600
1325791893171695616
1325791655669211136
1325791165988429824
1325791038364069888
1325790883237797888
1325790426217984000
1325790352792576000
1325790277429288960
1325790129546530816
1325790036852420608
1325789996578697216
1325789875505860608
1325789694752337920
1325789549470035968
1325789443752669184
1325789181281492992
1325534876402130944
1325533765158973440
1325531076358533120
1325530770115596288
1325520015160971264
1325519687711682560
1325509839326490624
1325507676395155712
1325507511546388480
1325506717636063232
1325506523909517312
1325506264751861760
1325505472825274368
1325505287504191488
1325478785475547136
1325478620169711616
1325478583905771520
1325478464355495936
1325478416884363264
1325478343920246784
1325478260990488576
1325477960057561088
1325477807720370176
1325477413573304320
1325477347437514752
1325476925041745920
1325476803788599296
1325462242985390080
1325461981852274688
1325461540972204032
1325460660700983296
1325460199763742720
1325460025926705152
1325459509779771392
1325459284306636800
1325459142757249024
1325458758517010432
1325458660458422272
1325458508033220608
1325458433877880832
1325458395965632512
1325458315992772608
1325458225383297024
1325454068945473536
1325386582048837632
1325383962852782080
1325383642005331968
1325381549861302272
1325381275885203712
1325381180120850432
1325380982770426112
1325380854114349056
1325380787554938880
1325380651332276224
1325357048356368384
1325357015787515904
1325356967657938944
1325356870874390528
1325356784480096512
1325356628271636480
1325356394430799872
1325356288604303360
1325356248452263936
1325356203053096960
1325182183712186368
1325180929778839552
1325180883750408192
1325180634231304192
1325180592367890432
1325179139725389824
1325137020604338176
1325129387935748096
1325129250324811776
1325129206263541760
1325122578051194880
1325122480202162176
1325121418263138304
1325121397266526208
1325120989043302400
1325120296307712000
1325117590222594048
1325116479956770816
1325106053588144128
1325106023510789888
1325105582580375552
1325105156262866944
1325104942957342720
1325102754986078208
1325080529394426112
1325080390445445120
1325080369926959104
1325080236975906816
1325080131891826688
1325073940637773824
1325073839634739200
1325073692364304384
1325073282710851584
1325064033519722496
1325031200315101184
1325030303438696448
1325030227379097600
1325030138287972352
1325029050579038208
1325029018358394880
1325028942672224512
1325028212406185984
1325028149864902912
1325028136489259008
1324993623654604800
1324993557430722560
1324993470625435648
1324993421858234368
1324767145117581312
1324767032223686912
1324736034903592960
1324735306910834688
1324734942648164352
1324734849102586112
1324734620471091200
1324734545413967872
1324734441596604416
1324734124716920832
1324734079359721472
1324733775411060736
1324733034151772160
1324710327343263488
1324710025131106304
1324709945762340864
1324709302083461120
1324709100891103232
1324708917662916608
1324708889401696512
1324708809516949504
1324708727887400960
1324708552741687296
1324708016428666880
1324707962661838848
1324707935583424512
1324691148330381312
1324680917273763840
1324680767155412992
1324680697752264704
1324680597684604928
1324680325679718400
1324679532314562560
1324679506397929472
1324679420976730112
1324679272259342336
1324679243046014976
1324679110434660352
1324679058656005888
1324679021901324288
1324678990712442880
1324678936471703552
1324678881769639936
1324678824710316032
1324678602181455872
1324647033081372672
1324646937539260416
1324641441877008384
1324619672470388736
1324619396468428800
1324619295293427712
1324613660673789952
1324613428942700288
1324613285325524992
1324612951102398464
1324612885855805440
1324612713385988096
1324612407688396800
1324612297558532096
1324612219540307968
1324612135327027200
1324611809593200640
1324606753707872512
1324606343521730560
1324605970128011264
1324605634017480704
1324605233956294912
1324605058777010176
1324605001214382080
1324604865784545280
1324604717914333184
1324566371112542208
1324566322181754880
1324451809675649024
1324451153250263040
1324451035616813056
1324450140250320896
1324449802428522496
1324448411366674432
1324448233993785088
1324393459701190912
1324392455660293888
1324392079896858624
1324341409906917376
1324234799746342912
1324230279515557888
1324229922634764288
1324229835758178304
1324077390390300672
1324077091466452992
1324077045953998848
1324076995387531264
1324047895860072448
1324047488924483584
1324042047117053952
1324041440578707712
1324041151368880128
1324040030470447104
1324039497961689088
1324039278385659904
1324038667049046016
1324038149987803136
1324036589744463872
1324018186015092736
1324011504862187520
1324010869680951296
1324010624343527424
1324010382881628160
1324010157718839296
1324009583497650176
1324008851390320640
1324008595432890368
1323995243570728960
1323995192052121600
1323995116298752000
1323995050251063296
1323994839810220032
1323994727289626624
1323994651574099968
1323994302503133184
1323994277190533120
1323994136761016320
1323978930873864192
1323978643723440128
1323978602304675840
1323955908091826176
1323921834673426432
1323921694839447552
1323889193467158528
1323856056628424704
1323855997308411904
1323855945424916480
1323855855473860608
1323855685470343168
1323722499415252992
1323700093283950592
1323699672360325120
1323699509940150272
1323699346550988800
1323698973828390912
1323698599398723584
1323666299445256192
1323664929988222976
1323664906584031232
1323655570235269120
1323655347542908928
1323655251606544384
1323650373542912000
1323648998146756608
1323648664653410304
1323648591555137536
1323648466162196480
1323647971192381440
1323647565317943296
1323646862755287040
1323646768177963008
1323634209097998336
1323633001813737472
1323618147304353792
1323617890097074176
1323617760300191488
1323617559820836864
1323617251929526272
1323616980864278528
1323616853340626944
1323616494945767424
1323615351037480960
1323615119507677184
1323614308731887616
1323603915397615616
1323584031204745216
1323583968218927104
1323583903601434624
1323583855664812032
1323534246250774528
1323534125064749056
1323533841630461952
1323533629004390400
1323361008019296512
1323360934140805120
1323352912643448832
1323346176343744512
1323346111902396416
1323346015693537280
1323345757466959872
1323336586138963968
1323336317145677824
1323336245431488512
1323334761331461888
1323334050505961472
1323333318897709056
1323286724169129984
1323286681441751040
1323284701969289216
1323284471366516736
1323284387794952192
1323284282559893504
1323284250557358080
1323271781143236608
1323271418302341120
1323271224349306880
1323268335958695936
1323268296528023552
1323268124335104000
1323267619437322240
1323267452243988480
1323267356471316480
1323266911250063360
1323266476355235840
1323265873096921088
1323256194224574464
1323255562260389888
1323255461412483072
1323255342554373888
1323255307347394560
1323255148781686784
1323255067986767872
1323254897207365632
1323254628516024320
1323254520391098368
1323254419643879424
1323254360424534016
1323254310591934464
1323254201921818624
1323253990063247360
1323253878666788864
1323253807900315648
1323253777667862528
1323253672340500480
1323252867889827840
1323252608048484352
1323251769267441664
1323251600450818048
1323251175433580288
1323251033573855232
1323250861628416000
1323250443544387584
1323250406835761152
1323129128388829184
1323129075054055424
1323007889439686912
1323007831772155904
1323006680767094784
1323006612932612096
1323006362352259072
1323006232865755136
1323006167224909824
1323006095896563712
1323005858519896064
1323005593364430848
1323005189729751040
1323005047442210816
1323004183847591936
1323003782393942016
1323003051309936640
1323002994900848640
1323002629555953664
1323002531031764992
1323002498131595264
1323002317877248000
1323002220821028864
1322993947929677824
1322993610556612608
1322982523081773056
1322982381763088384
1322982267422150912
1322981630223568896
1322981568936349696
1322980733321961472
1322978974117601280
1322933490875277312
1322932230382067712
1322931348680642560
1322931059403751424
1322931014331748352
1322930876800524288
1322928548370391040
1322923233016975360
1322922981069377536
1322922629708292096
1322922522820644864
1322922421939326976
1322922169865822208
1322922134541389824
1322882142112808960
1322880402047049728
1322880113437003776
1322880029945114624
1322879923300741120
1322879563844767488
1322879210713714688
1322821513687539712
1322631256966914048
1322564764816625664
1322564559220183040
1322556533566328832
1322556307195465728
1322556191508226048
1322555533350588416
1322555454682206208
1322555365616242688
1322555313044803584
1322555244019093504
1322543542988951552
1322542291274375168
1322542213717438464
1322541823450112000
1322541406653698048
1322541212038008832
1322535456593137664
1322535159145615360
1322534916731621376
1322534866404167680
1322534597310238720
1322534432012685312
1322524494980882432
1322524450286407680
1322524366723231488
1322523431141822464
1322523302674485248
1322523037674184704
1322523012176990208
1322522927951187968
1322522877992853504
1322478626147835904
1322464772655354112
1322464599711637504
1322259538377121792
1322259197074046976
1322257985012465664
1322257595386781696
1322256574245687296
1322255782327496704
1322251668961009664
1322251479642738688
1322251400844333056
1322251239753687040
1322246103602024448
1322238159393071104
1322238116938321920
1322238084226973696
1322237760363761664
1322237564833669120
1322237519434522624
1322237472508645376
1322231376683421696
1322231313538207488
1322229582444060672
1322229458665934848
1322183039988961280
1322182972120928512
1322182874041376768
1322182848569368576
1322177215744888832
1322176641590841088
1322165914155028480
1322165694381936640
1322165224171016192
1322164998030925824
1322141084366024704
1322141032704806912
1322140831973855232
1322140752793784320
1322139443550167040
1322139080432504832
1322138841092886528
1322138696037093376
1322138247242358784
1322137951506255872
1322137908237737984
1322125882752929792
1321909289976516608
1321903536670724096
1321891610737737728
1321888765976207360
1321888647579340800
1321888592248082432
1321888413998583808
1321888128077123584
1321887869003354112
1321886946566807552
1321886911871504384
1321852439486701568
1321852319504519168
1321852172007591936
1321851474473791488
1321851403590111232
1321838302253731840
1321836809236762624
1321836739493855232
1321832823712612352
1321832392231952384
1321817299498708992
1321816944786448384
1321816778952105984
1321787997617008640
1321777676273831936
1321776301838082048
1321776266710835200
1321760300786483200
1321541268506333184
1321541074171629568
1321474864830652416
1321460450157121536
1321460149643628288
1321459577372790784
1321458474543435776
1321458112558190592
1321457675092299776
1321457420133146624
1321457332711284736
1321456817214509056
1321456773107228672
1321456610380840960
1321456519175643136
1321319622558306304
1321319230143401984
1321319013700558848
1321318926136069888
1321317698777829376
1321317526979158016
1321189637042376704
1321189582818496512
1321183694963593216
1321183642417352704
1321183548716568576
1321183533197631488
1321177518674771968
1321177476849164288
1321092540267929600
1321092132766175232
1321091695409270784
1321091652988055552
1321082092864811008
1321081132608327680
1321080892530544640
1321080600267313152
1321080347493343232
1321079901991088128
1321067164439400448
1321067117106634752
1321067076652552192
1321066914978869248
1320822123116613632
1320822026228113408
1320821703547719680
1320821643099471872
1320761812321734912
1320759530372898816
1320759105846476800
1320758849243107328
1320758705659518976
1320731013295886336
1320730777286529024
1320730523304628224
1320718567827001088
1320718153949843712
1320718104683515904
1320717209270964224
1320716298024816640
1320716249714823168
1320716113391616000
1320715411009245184
1320715361814282240
1320715186148433920
1320702990165151488
1320702269927674112
1320702036044861440
1320700759474900992
1320700372499996672
1320699027013468160
1320699000069214208
1320628437871153152
1320628406485209088
1320628202415509504
1320628171620945920
1320627934865084416
1320627901025452032
1320627723673489408
1320627680988008448
1320627641062490112
1320627609529704448
1320442634243104768
1320442519407251712
1320442415157837824
1320442348153851904
1320442295683031040
1320442171246268416
1320442065499705088
1320441899145154560
1320407229745475584
1320406914686160896
1320406823669796864
1320406638952615936
1320406557788676096
1320406216921784320
1320307663952105472
1320280552432422912
1320280445603512320
1320279925417455616
1320279832882794496
1320111541107281920
1320073229642313728
1320071722901667840
1320071679197040640
1319719866719502336
1319719826248663040
1319710297138077696
1319709368259125248
1319709103418081280
1319709038670696448
1319708976464973824
1319700669864050688
1319700472333295616
1319700082342625280
1319698617322582016
1319698350288097280
1319698291190304768
1319697934859075584
1319697171030200320
1319697053770043392
1319629304565825536
1319626392699588608
1319626218023636992
1319626166626619392
1319625715600527360
1319624945471635712
1319622853508124672
1319622766895730688
1319606940507557888
1319606299521437696
1319606195913633792
1319605342620340224
1319352750115868672
1319351702844264448
1319351662448906240
1319351253877522432
1319350674115731712
1319350578082873088
1319298838004453376
1319298267675381760
1319297652152885248
1319297540320227328
1319297424028909568
1319268986500964352
1319268904477184000
1319268387378311168
1319263898063802368
1319263549752025088
1319263515069304832
1319263487210774528
1319263407812579328
1319262215074140160
1319261484480892928
1319246599818797056
1319246490284494848
1319246288387526912
1319246145965654016
1319246064617213952
1319245675805265920
1319245650710679552
1319245569668354048
1319002741260406784
1319002661505695488
1319002616152686592
1319002361424236288
1319002243325173760
1319002060814229504
1319002012848193536
1318969087184097280
1318967150078529536
1318966887393431552
1318924381616209920
1318919297155072000
1318919080200556288
1318918832602435584
1318907736139157504
1318906927141801984
1318905102112010240
1318904980796047360
1318904751648624640
1318894889996853248
1318888339475398912
1318873170376597504
1318872449619054592
1318872384733143040
1318870376399646720
1318869953873928192
1318869715775836160
1318868972037701632
1318868822896660480
1318868467806765056
1318868370515742720
1318868250118262784
1318846226020925440
1318796803240792064
1318796638933127168
1318780991708794880
1318780925740802048
1318644986305413120
1318644697783586816
1318644535380107264
1318644014871154688
1318643939411361792
1318621329646637056
1318620073599377408
1318485228139269888
1318279292724383488
1318279188546309888
1318272462451245056
1318272351998513152
1318268991413080064
1318264899601157888
1318264864188616704
1318264107980697600
1318263822101118976
1318181886229909504
1318181509191376896
1318181279817498624
1318181144425385984
1318181112385064960
1318180991106748416
1318180912299991040
1318180875348180992
1318091020291198976
1318090923226615808
1317881575447683072
1317881326918356992
1317881303656783872
1317881103596781568
1317881047477092352
1317880854522351616
1317841351245955072
1317841287131824128
1317781168562049024
1317781039041871872
1317780861312487424
1317780611122286592
1317780270897074176
1345466078504374272
1345410685661048832
1345410105030946816
1345408330664177664
1345376477701926912
1345376419170447360
1345375451993305088
1345375326671613952
1345372220688904192
1345371879314485248
1345359401788571648
1345359272750817280
1345357790823542784
1345356911114387712
1345356277266984960
1345355805147734016
1345355592723009536
1345346097624064000
1345345431992205312
1345344936812695552
1345344524424519680
1345344438202200064
1345305838563581952
1345303759241543680
1345303542958059520
1345303113306152960
1345302978115366912
1345302589085257728
1345301869351067648
1345301531835441152
1345301253526597632
1345300581431316480
1345298786730594304
1345295157378347008
1345292985408352512
1345292402194571264
1345291973461237760
1345290487759069184
1345288557146107904
1345287731686084608
1345285388282302464
1345285097860296704
1345284723128602624
1345283210247335936
1345281909933416448
1345281758292545536
1345280532146434048
1345279988833153024
1345269002201935872
1345268849738969088
1345268222619242496
1345252636287758336
1345252471023742976
1345252391197806592
1345251888682455040
1345250292309364736
1345250160301887488
1345250089736916992
1345249583786565632
1345247673297858560
1345096266271891712
1345096020984815616
1345095633087168512
1345094707379101696
1345094340935344128
1345093902915624960
1345093736104128512
1345092123994025984
1345092015218949888
1345091810541129728
1345089894432055296
1345088849983254528
1345088744911736832
1345085229678153728
1345083478195527680
1345083405571158016
1345079930804174848
1345078893573795840
1345074948835074048
1345074711663960064
1345069242119561216
1345068828204609536
1345068568086458368
1345068257087262720
1345067829104672768
1345067796481396736
1345067661491916800
1345067505056935936
1345066619891048448
1345062466821173248
1345062135655784448
1345059518292570112
1345058373797076992
1345058073954627584
1345057894971174912
1345056490260934912
1345056254620790784
1345055304736759808
1345051099703730176
1345050962629693440
1345047802842402816
1345017079188094976
1345017015522758912
1345016883658027008
1345002298376908800
1345002194391748608
1345002105048866816
1345001258223099904
1345000328190701568
1345000161118990336
1345000085038522368
1344999902166867968
1344990690737090560
1344979362479796224
1344979343093723136
1344979179473932288
1344979096707751936
1344979035407978496
1344978948392943616
1344978795271434240
1344978734487629824
1344978425434533888
1344978363748909056
1344978282589073408
1344977948567330816
1344977807114440704
1344977138747924480
1344977102970478592
1344977088080703488
1344977047467208704
1344976151039660032
1344975653343547392
1344974529790177280
1344973646360702976
1344970998320422912
1344970985334841088
1344970888446410752
1344970718933561088
1344970484446879488
1344917510907420672
1344917424743833600
1344917307651457024
1344917254597705728
1344916765361524736
1344746307471208448
1344744025186832384
1344736881511116800
1344733641616797696
1344733588009398272
1344733121875472384
1344724787592122368
1344718852702302208
1344716850807140352
1344715014238822400
1344714806612393984
1344663353428504576
1344659036004872192
1344626932420370432
1344626655407566848
1344626527934291968
1344625986604855296
1344625935832780800
1344625828496367616
1344625407547633664
1344625353973772288
1344625149933400064
1344625073676816384
1344618214093950976
1344618138130919424
1344618093507735552
1344618071613431808
1344618001396621312
1344617980718624768
1344617964486750208
1344617933457281024
1344617858127572992
1344617791622672384
1344617699272486912
1344617504925167616
1344617471186239488
1344617444741173248
1344617350864265216
1344617094483226624
1344617048626835712
1344617009456291840
1344616980851134464
1344616952715735040
1344616903004872704
1344616796339499008
1344616762361442304
1344616718572912640
1344616693369339904
1344616582962679808
1344616500934668288
1344616452691816448
1344569045362814976
1344568014524571648
1344562075444588288
1344561914391769088
1344397887002836992
1344389288306368512
1344377538206981888
1344377298460540928
1344376992276361216
1344376685941108736
1344376538884673536
1344368811026345984
1344349894413320192
1344349857880932352
1344349053891575808
1344348207581683712
1344341671958470912
1344340395229122560
1344338971975933952
1344338353014112512
1344337310964474112
1344336904947445760
1344336439736225792
1344335905415438336
1344335809848205312
1344335551634276352
1344254395593224192
1344253373890105088
1344250542755897088
1344250422379356160
1344249738389032960
1344243481162739712
1344243308768473088
1344240424521760768
1344237093166477312
1344237034127454208
1344235682659770368
1344235268946227200
1344235158086549504
1344235091648782336
1344234800778006528
1344234612613128192
1344233693670477824
1344233339964837888
1344232518812381184
1344232367725146112
1344232085045829632
1344231108754485248
1344230841724055552
1344230015911784448
1344229104648908800
1344228993986396160
1344228449179856896
1344221309367152640
1344220022399512576
1344217466969464832
1344217023941906432
1344216550312718336
1344216157046321152
1344215787926654976
1344213895473459200
1344213768973279232
1344213466656239616
1344213360754229248
1344212986379042816
1344209730458296320
1344186844762812416
1344137969448460288
1344135742205911040
1344019246536396800
1343970183245869056
1343947823134494720
1343904282232426496
1343892285830922240
1343870303022288896
1343869237841059840
1343869023059120128
1343868403904348160
1343864463091445760
1343841192237281280
1343838737927720960
1343836361003044864
1343836190517174272
1343835992294305792
1343835213177225216
1343812004558102528
1343811405808627712
1343809526596853760
1343809413518405632
1343807773952397312
1343806192360034304
1343805665094082560
1343803081327259648
1343654411248291840
1343647385227046912
1343643412705259520
1343643239077838848
1343640801713270784
1343638282400374784
1343637812214706176
1343637753146302464
1343637687526420480
1343634619867029504
1343629974629187584
1343627106404741120
1343626819786989568
1343623162014085120
1343623005428207616
1343608379567198208
1343607391401766912
1343605478065123328
1343605070559117312
1343604950224564224
1343603753451188224
1343602556447186944
1343601498278793216
1343601337993466112
1343600800245940224
1343600235294109696
1343599918372548608
1343599870452649984
1343599685014085632
1343599497012764672
1343599239994204160
1343597747274993664
1343597478847807488
1343596689542815488
1343594692999581696
1343593518770618368
1343593126309605376
1343591013965824000
1343590322526367488
1343577469543194624
1343577242450993152
1343575620048056320
1343575590629240832
1343575537848094720
1343575474778353664
1343575353147748352
1343575300085600512
1343575264303992832
1343575216115621888
1343575091918106624
1343575069243695104
1343575041833897984
1343575013765615616
1343574943926202368
1343574903870672896
1343574742503190528
1343574634596339712
1343574469907013632
1343574417419493376
1343574250955956224
1343574194055950336
1343574078997880832
1343574020982251520
1343573820825861888
1343573274299670528
1343572799017938944
1343571740555882496
1343571432312348672
1343571213407428608
1343533975692865536
1343533044976775168
1343525136339709952
1343524287240687616
1343524044969279488
1343286448880054272
1343283765968330752
1343282519383408640
1343281871300546560
1343281821304442880
1343240913074716672
1343240698108252160
1343238223703760896
1343237616234344448
1343237497896247296
1343237110464184320
1343204817649467392
1343174469158920192
1343142955029311488
1343142724682317824
1343142444473397248
1343142045079236608
1343141602693406720
1343141094167613440
1343140972679622912
1343140792794304512
1343140751492972288
1343138062604390400
1343137260720500736
1343131237121224704
1343130353477758976
1343130134346412032
1343129653360386048
1343128104768860160
1343125725814124288
1343123352551096320
1343123152977669888
1343122833963155712
1343095663605788672
1343095223304531968
1343092827144777728
1343090986327666688
1343088091549085696
1343087475980435712
1343087018801303552
1343086210705711104
1343082622377975808
1343074949511180288
1343074434593251328
1343074194523877376
1343073287241428992
1343072960131817472
1343069757780721664
1343068190172209152
1343066082207264768
1343063396032372736
1343061960229859328
1343061429449084928
1343059125471748096
1343059041166241792
1343057814697160704
1343057526762467328
1343057494843793408
1343057474040045568
1343055854694785024
1343055850726961152
1343053777415385088
1342931486333411328
1342931134934622208
1342928399883530240
1342928311098486784
1342928245872799488
1342917987217666048
1342914451109007360
1342914088381403136
1342910873023746048
1342869994250661888
1342868369217900288
1342866638555779072
1342866469730873088
1342859579181260800
1342827159442878464
1342815678387130368
1342812413662535680
1342796621378158592
1342795731539787776
1342795692797014016
1342793429252792320
1342792660101324800
1342792588894597120
1342792151533498368
1342791653149564928
1342791541019045888
1342791432172687360
1342791358432628736
1342791154354548736
1342789017931284480
1342788745112788992
1342788675000799232
1342788638728445952
1342787458782658560
1342786699756244992
1342785679433019392
1342785128276381696
1342784096456552448
1342780625653288960
1342778397014024192
1342773151223132160
1342759378819153920
1342757098707365888
1342755496953049088
1342753738298167296
1342745887748063232
1342745322930507776
1342743602850619392
1342743538547777536
1342742378763976704
1342741303495450624
1342572035889889280
1342571931120378112
1342571853181759488
1342568125049561088
1342567717686095872
1342565384680050688
1342565121466507264
1342562596436791296
1342562268320559104
1342561822805733376
1342561204531834880
1342558000247152640
1342557264016715776
1342557068843249664
1342556815821824000
1342556689086754816
1342556373163388928
1342541856928899072
1342541637612920832
1342541424315797504
1342538922002407424
1342537938081640448
1342537867562774528
1342537665053421568
1342536484503564288
1342536301980086272
1342536032990932992
1342535697815773184
1342535504743555072
1342535312678019072
1342535164413534208
1342531145444032512
1342530888253534208
1342530287692111872
1342529528883781632
1342528434526953472
1342528356819075072
1342527491462860800
1342514617994633216
1342513157571543040
1342512823516209152
1342512691408236288
1342512481487507712
1342512266026098688
1342512216071876608
1342510011730321408
1342509306785263616
1342509193866203136
1342508620970397696
1342508448324448512
1342507664589402112
1342507623506128896
1342507574613192704
1342499517204229888
1342499111048765440
1342499084796616704
1342498841225031680
1342498771331112960
1342498627122565120
1342498608084635648
1342498576467976192
1342498446079651840
1342498333621936128
1342497944071712768
1342497367531134976
1342497282181246976
1342497208021741568
1342497161313968128
1342496684480360448
1342496657989136384
1342496467324432384
1342467792839323648
1342463721164206080
1342463544978243584
1342463229172318208
1342436077475344384
1342433389593419776
1342433180499005440
1342432319190269952
1342432026906009600
1342431680083222528
1342425237992960000
1342420864843866112
1342419692716257280
1342419034579623936
1342418297686515712
1342418256158720000
1342417110782369792
1342384892265570304
1342377395844755712
1342377168668663808
1342376970693312512
1342376880402522112
1342364375475171328
1342363361674145792
1342363091552657408
1342362428412190720
1342362256533819392
1342361818216484864
1342361780530589696
1342360957494972416
1342360503335735296
1342360394472574976
1342360209545691136
1342359791394557952
1342359728974942208
1342359064056111104
1342350997432262912
1342350072353353728
1342349803515162624
1342349064223023104
1342347901675122688
1342347412212477952
1342346510139322368
1342346367352581888
1342346202734616576
1342346074925780992
1342345493565894912
1342344870460071936
1342344639966228480
1342344549537083392
1342343986640519168
1342343549250056192
1342343504966594560
1342342808544432128
1342342758233763840
1342338221355761664
1342338177525297152
1342338075242991616
1342337117083607040
1342336911596257280
1342336200481402880
1342335961703849984
1342335680475750400
1342335316930211840
1342335115096190976
1342334776007655424
1342334262465470464
1342334075059785728
1342333302649344000
1342332478682497024
1342182994661019648
1342180606671790080
1342178416930545664
1342177896291569664
1342177602874834944
1342177307973316608
1342176289378152448
1342175676326158336
1342175363082944512
1342175321609670912
1342175277863096320
1342175115811971072
1342174951974064128
1342174897183858688
1342174813583007488
1342174751800877056
1342174685560266752
1342174646528040960
1342174587895881728
1342174568807624704
1342174538310807552
1342174508539670528
1342174439396487168
1342174412636827648
1342174364360445952
1342172822660112384
1342169155139563520
1342167455188332288
1342159164794142720
1342159010116595712
1342156241104232448
1342156149114560512
1342155949373579264
1342155327802920960
1342155182164111360
1342153753584087040
1342153081266597888
1342141997579120640
1342141181896089600
1342140923292114944
1342140579883446272
1342140386370846720
1342138768430653440
1342138174357839872
1342137511515140096
1342137412231819264
1342135065120301056
1342134635791331328
1342134521920151552
1342134167736352768
1342133254384734208
1342132805162192896
1342132554363756288
1342132490597752832
1342132062812299264
1342083080195026944
1342082766456967168
1342080629165469696
1342080193016586240
1342079676106366976
1342079502495735808
1342078097882017792
1342077924934090752
1342077861520355328
1342077241442889728
1342075888683397120
1342075054696357888
1342073757670776832
1342073520642256896
1342072085858934784
1342072001268084736
1342071107923406848
1342070879874904064
1342070747217469440
1342070143896215552
1342070127098032128
1342069750113964032
1342069668404748288
1342069634544107520
1342069415609856000
1342069107773071360
1342068990877851648
1342068877593817088
1342068855418609664
1342068802394202112
1342068525339389952
1342068499628380160
1341833910582448128
1341833841967828992
1341832695203180288
1341832591687774208
1341832541838426112
1341832180448833536
1341831573063290880
1341831508525461504
1341831328950566912
1341831286839762944
1341830698840314112
1341830343154917376
1341830273261051904
1341830009674207232
1341829835858034688
1341829491119845376
1341810015376687104
1341809984372391936
1341808692958773248
1341808660960428032
1341761085800669184
1341760569565732864
1341760137611137024
1341660350203215872
1341660316585832448
1341660161367261184
1341659371151998976
1341658572648800512
1341658399092695040
1341621715793752064
1341621671573242112
1341621583933222912
1341619012376080384
1341618762190118912
1341618601011392512
1341617799286976512
1341617412114886912
1341617284159328512
1341616991023603712
1341616970198900736
1341615909421629440
1341615649999745024
1341615594890735616
1341615566520512512
1341615349821784064
1341615275360333824
1341615026248028160
1341421354306985984
1341421005546381312
1341420785748107264
1341420702608592896
1341419715370102784
1341418860419932160
1341418602075983872
1341382870301065216
1341380280918155264
1341380133752606720
1341379985886629888
1341345742380802048
1341344584262139904
1341339955419865088
1341339565265711104
1341314011628007424
1341285789511143424
1341106254702403584
1341105454907334912
1341105141236314112
1341104142236995584
1341103876175503360
1341101704486526976
1341101525872087040
1341101209470590976
1341097764399280128
1341097039455789056
1341096020327972864
1341095813511057408
1341095603045068800
1341092271706562560
1341092018865496064
1341091646184812288
1341091433177100288
1341091292634259712
1341090094120374272
1341089963824320512
1341087352115113984
1341084815806910464
1341084641432891392
1341084108114542592
1341080537415479296
1341079821221294080
1341078915847208960
1341077347471122432
1341049643900297216
1341049500224393216
1341048645106413568
1341048384514367488
1341048320010141696
1341048274879438848
1341048208454258688
1341048166418886912
1341048103512760320
1341048013943427072
1341047723890520064
1341047606374510592
1341047365009104896
1341047339415429120
1341047202911842304
1341047169927835648
1341047133848231936
1341047061408587776
1341046975555391488
1341046954781003776
1341046936510541824
1341046788632043520
1341046733388836864
1341046680129572864
1341046584713375488
1341046565268500480
1341046388650590208
1341046307042042112
1341046209268621312
1341046077131280384
1341045664151691264
1341045609009188864
1341045359125164032
1341045326308913152
1341045289818480640
1341045258025635840
1341045200932769792
1341045114412646400
1341045088223375360
1341045060054507520
1341044961626779648
1341044646261174272
1341044617823838208
1341044360805269504
1341044333508759552
1341044163920470016
1341043593532895232
1341036334383837184
1340947331349434368
1340947011617644288
1340946962091274240
1340891400188154112
1340890996792586240
1340889148559945728
1340888950563598336
1340885588455657472
1340885168144433152
1340880342098599936
1340879983837929472
1340730173067554816
1340729721735286784
1340727828699111424
1340727749506461696
1340727667356786688
1340727053881122816
1340726481752739840
1340714649508036608
1340713859582218240
1340711689076023296
1340710705587236864
1340663026626736128
1340661625003663360
1340657273073446912
1340656849654263808
1340655702449205248
1340645446335782912
1340634417094602752
1340629612368457728
1340629325566124032
1340629299779538944
1340625448884195328
1340624351922708480
1340623921549336576
1340623744159666176
1340623498960580608
1340623003839832064
1340622912869576704
1340622625568137216
1340622550263603200
1340622509553700864
1340622291621863424
1340616772446253056
1340610502972628992
1340605589781671936
1340605413469937664
1340604995385913088
1340604836287557632
1340604548218535936
1340604234404950016
1340604058047016960
1340603231832072192
1340600520382308352
1340599614790053888
1340594943019118592
1340594157040115712
1340593623751122944
1340593408226811904
1340589902946312192
1340589563660611584
1340588652372615168
1340580015927377920
1340577657696731136
1340369598114357248
1340369477477785600
1340369359508811776
1340369268362371072
1340369203258413056
1340366837293445120
1340362765706424320
1340361197179334912
1340359579494957056
1340359125604167680
1340359075457019904
1340348499381137408
1340345475875135488
1340345333965053952
1340325099312992512
1340324885286039552
1340324707262984192
1340323690890846208
1340322329008754688
1340319598617513984
1340318480663523328
1340318246663282688
1340316962170220288
1340316403832905728
1340316253987205120
1340310419030814720
1340308763010580480
1340308336210812928
1340308171659853824
1340307879161675776
1340294900928147712
1340294804534677504
1340294780933328896
1340291844257800192
1340291118504833024
1340272222720679936
1340248460503691264
1340248301854142464
1340248138725134336
1340247971502407680
1340247099867344896
1340247065625038848
1340245617851961088
1340245413564207104
1340245130205409280
1340244156745183232
1340243434330857472
1340243074786750464
1340242677233795072
1340242348886945792
1340242126752403712
1340242000646459392
1340205732613017600
1340204854095081472
1340204762604711936
1340204445389484032
1340203500568010752
1340203305235079168
1340203255402541056
1340202570686619648
1340201819486769152
1340201331584339968
1340201294670290944
1340201130127740928
1340201085110267904
1340201010787135488
1340200012521857024
1340199854438555648
1340199807672041472
1340199723857305600
1340199620518031360
1340199558199054336
1340199483477471232
1340199451592372224
1340199415936655360
1340199381216190464
1340199351134642176
1340199323125116928
1340199300924649472
1340199275763011584
1340199236797906944
1340199211997011968
1340199179826696192
1340199112763973632
1340199084796350464
1340199057734643712
1340199030362697728
1340198990256680960
1340198849915351040
1340198821998030848
1340198788636561408
1340198753819635712
1340198655404494848
1340198526756802560
1340198479260475392
1340198182010183680
1340198094567333888
1340198060446674944
1340197936806944768
1340196669116313600
1340196573289037824
1340196520897994752
1340195833996865536
1340170301154467840
1340169978805424128
1340169492337455104
1340169439673798912
1340169066355585024
1340168894372306944
1339996559744839680
1339995848667770880
1339995618882760704
1339995484514082816
1339995079226904576
1339987046249738240
1339982997806850048
1339982855506702336
1339966939469365248
1339966865926320128
1339965789718388736
1339965252071469056
1339964766731833088
1339964684024356864
1339964482022457088
1339963333487833088
1339962881417293824
1339962795870347264
1339962378016972800
1339962242578706432
1339959179969236992
1339958773310472192
1339957753360605184
1339956844027064320
1339956554435584000
1339956471149301760
1339955789759430912
1339954278140694528
1339954092945321984
1339953964952018944
1339953930399264768
1339953719660703488
1339953644523941888
1339953576106455040
1339953414005026816
1339953346489315328
1339953243443650560
1339953026463899648
1339952975285022720
1339952873334071296
1339945398488719360
1339944632336211968
1339944358443966464
1339943910295089152
1339909099178373120
1339908678963621888
1339878606164660224
1339877708323536896
1339877373098004480
1339837603214991360
1339836467410051072
1339835962013208576
1339826986361958400
1339825679664369664
1339668470498287616
1339668087336005632
1339667797350166528
1339663287286444032
1339663245431455488
1339662746737119232
1339653658787627008
1339653495868305408
1339651623593910272
1339651539867213824
1339651496766402560
1339651432941797376
1339651342646829056
1339651313630666752
1339650967864827904
1339650899925458944
1339650775925067776
1339650722992943104
1339649997504188416
1339649855279558912
1339649728473157632
1339633725722791936
1339633390178332672
1339590250792771584
1339589754149457920
1339587206097211392
1339587094700720128
1339586091637067776
1339585352885960704
1339585219649622016
1339584549953490944
1339584350635970560
1339584007730655232
1339583382309593088
1339583296645124096
1339583004037943296
1339582751557578752
1339571720177463296
1339571637197352960
1339570812840534016
1339570454630199296
1339559041048166400
1339514660769443840
1339514355948371968
1339513592257929216
1339513089264332800
1339512823492296704
1339511899357114368
1339510001497464832
1339507065828613888
1339504768453107712
1339504555193741312
1339504537233739776
1339503866447098112
1339503384571891712
1339503132456480768
1339495190239834112
1339494517783859200
1339494384027484160
1339494323075878912
1339494214200135680
1339494159200206848
1339494045740134400
1339493996389933056
1339493915771199488
1339493368305512448
1339493345773690880
1339493263057805312
1339493112197083136
1339493049358032896
1339492998300758016
1339492947302203392
1339492918839656448
1339492767358193664
1339492488936091648
1339492407663075328
1339492312007766016
1339492198916759552
1339492033581494272
1339492007895449600
1339491927511752704
1339491799740592128
1339491233006297088
1339489375751696384
1339487798395621376
1339487440663437312
1339486655846227968
1339485854746763264
1339484705998168064
1339484217198202880
1339483776553013248
1339483684362203136
1339482181849264128
1339481594487304192
1339481125870309376
1339470496090435584
1339470172822843392
1339470106703884288
1339285790954807296
1339285423550586880
1339285280562573312
1339284734543794176
1339284032761327616
1339283071389081600
1339282899271606272
1339282834478002176
1339282689753550848
1339282614000218112
1339280262551703552
1339260565785554944
1339257878469898240
1339254936673144832
1339227271132049408
1339227147743977472
1339226855103197184
1339223029000318976
1339222997794770944
1339221975655456768
1339220290639962112
1339219712522260480
1339219584633753600
1339202883900862464
1339202433755570176
1339202344450482176
1339201368423329792
1339201074729787392
1339200945603944448
1339196164386779136
1339134999598129152
1339134106517516288
1339133579197034496
1339133110273925120
1339132487398809600
1339129250050412288
1339065948221952000
1339065082274312192
1339065023600209920
1339064988833624064
1339064927483551488
1339064823141834752
1339062563242471424
1339062485551354112
1338937893579091968
1338937674334425088
1338936028955078912
1338935683797446912
1338935303545958400
1338935109332897792
1338930428435173376
1338930023336652800
1338928801137496064
1338928770196140032
1338928626625089536
1338928551597367296
1338928447721267200
1338928332390412288
1338928198197923840
1338928038436872192
1338927955846770688
1338927860812312576
1338927792210276352
1338927721506889728
1338927662136500224
1338927611955666944
1338927562727305216
1338927479994654720
1338927442686304512
1338927383768948736
1338927321194110976
1338927277460103168
1338927034790256640
1338926987805683712
1338926887872196608
1338926843194470400
1338926800337035264
1338926726861254912
1338926674466000896
1338926480907231232
1338926410719760384
1338926261608083712
1338926168150601728
1338926100274143232
1338925992266567680
1338910338847281152
1338910055656271872
1338908603261087488
1338907039137984512
1338906659574468608
1338905218994610176
1338904593707786240
1338904355626487808
1338904300492349440
1338904253180600320
1338904128874045440
1338903928071712768
1338903862892236800
1338903802116759552
1338903394224926720
1338903228520542208
1338903086316871680
1338903041362292736
1338902970252079104
1338902900781834240
1338902805772455936
1338902609453854720
1338902416972984320
1338902310055972864
1338902253999108096
1338902019587845888
1338901756521160704
1338901549498691584
1338901346733469696
1338901276168491008
1338901083276644352
1338901038020108288
1338900891559211008
1338900722377691136
1338587442971029504
1338587107711987712
1338579577396997888
1338576234813534208
1338566057485799424
1338562707428175872
1338562418885144576
1338562226169524224
1338562135878737920
1338561961248829440
1338561608721829888
1338561263476092928
1338560806309523712
1338559513037844480
1338559267436191488
1338559131037396992
1338559104684580864
1338558828900732928
1338558512180436992
1338558383855710208
1338557903423352832
1338557862797332480
1338557742936707072
1338557605778776064
1338557114969698304
1338557077145391104
1338556795481186304
1338556370237480960
1338556230688706560
1338556117677445120
1338556081237356288
1338556012685615104
1338555963016622080
1338555921476280320
1338555729486229504
1338555680379314176
1338555489160982528
1338555410668810240
1338555335695610112
1338555255919943680
1338555148361207808
1338555010842583040
1338554967473393664
1338554930261536768
1338554853933670400
1338528003807121408
1338527444807131136
1338519640717332480
1338514419748376576
1338513740262748160
1338508429590212608
1338508365572562944
1338506672608784384
1338506263181799424
1338506115450023936
1338496377010212864
1338494862371528704
1338490854642741248
1338490236930821888
1338487683748745216
1338487009296388096
1338486619096174592
1338479104383983616
1338478661134131200
1338471384410976512
1338468463979995136
1338445271689293824
1338444360057229312
1338422131730894848
1338420304712962048
1338419924528717824
1338419644626067712
1338415693029629952
1338414515923390464
1338413907652858112
1338412145923551232
1338410643838414848
1338409597913206784
1338409358158401536
1338409165061058560
1338408662394675200
1338405633469636608
1338400222305787904
1338400180304044032
1338340244995891200
1338339647647322112
1338337374384910336
1338336792899166208
1338201730614431488
1338200941305147392
1338199732502540288
1338199524553191424
1338167435829129216
1338167197865275392
1338166871087001600
1338166440722116608
1338166154775437312
1338166031215448064
1338165958184197888
1338165802458091520
1338165699643105280
1338165595930554368
1338165288311906304
1338165182305067008
1338164959453343488
1338162283172794368
1338141772439048192
1338129922439704576
1338127803238264832
1338127674900963328
1338126036471574528
1338125320197693440
1338124326629994496
1338122796145238016
1338122345697976320
1338087848067670016
1338083039889530880
1338081944295378944
1338081775956987904
1338081654817124352
1338081521597440000
1338080816438652928
1338080480537808896
1338080370458316800
1338080272940736512
1338080150764867584
1338080010838618112
1338079743804116992
1338077892509626368
1338033840800075776
1338024535409487872
1338022388064194560
1338020500166103040
1338019930244059136
1338014820197658624
1338012653206298624
1338012560830959616
1338012295687974912
1338011696309415936
1337991007472906240
1337990799687110912
1337989770752962560
1337989705577738240
1337989530335457280
1337989499125723136
1337989376572272640
1337989283630690304
1337989183500070912
1337989034812076032
1337988956802134016
1337988891861786624
1337987794707374080
1337987732321284096
1337987556009537536
1337987415038971904
1337987301461417984
1337987261187694592
1337987200462544896
1337987031855673088
1337986829186969600
1337986744105504768
1337986707229175808
1337986653386924032
1337986506640777216
1337986376030183424
1337986260942659584
1337986136581529600
1337986066054336512
1337986014246293504
1337858964151803904
1337856849245319168
1337856320133853184
1337842480851668992
1337839912847089664
1337839759406882816
1337838637547917312
1337838466734960640
1337838436590489600
1337837973140860928
1337830169592139776
1337829663025008640
1337826790434344960
1337824239035015168
1337822782353256448
1337821886688923648
1337821765444259840
1337813819473719296
1337813688615641088
1337813136859127808
1337801288885678080
1337799231164329984
1337797827536310272
1337794614275813376
1337792263460704512
1337787227024347136
1337786924237467648
1337784584507961088
1337783112210767872
1337781208336445440
1337780806622830592
1337780030890536960
1337777666817220608
1337777231817477888
1337777157121126400
1337776983992905728
1337776928745529088
1337776861779292160
1337776817139298304
1337776698553675776
1337776593578700800
1337776462846418944
1337776369225363712
1337776291307810816
1337776212081512448
1337776113783877632
1337775968514138112
1337775903649239040
1337775867712446464
1337775612216434688
1337775565881937920
1337775340815610112
1337774828342939648
1337774787809177600
1337774482199605248
1337774367514759168
1337774301194448896
1337774211612471296
1337773495141462016
1337773151019823104
1337773085731266560
1337772993318149888
1337772933935198208
1337772862669791232
1337772526764761088
1337772491700400128
1337772046860873728
1337771920230658048
1337771882133729280
1337771564604010496
1337771532832149504
1337771134478069760
1337771070208831488
1337758169637007360
1337757294310928384
1337723050431799296
1337722966671503360
1337722928323059712
1337722814086963200
1337722765231726592
1337722631932534784
1337722547136303104
1337722435265761280
1337722287496323072
1337722237818966016
1337722169808261120
1337722106860154880
1337722035712241664
1337721996298358784
1337718292765691904
1337718088565985280
1337717555461558272
1337717509659783168
1337717407222292480
1337717215672537088
1337717150266642432
1337717094226522112
1337715632482246912
1337714356520431616
1337712636834832384
1337694888574529536
1337690026264711168
1337688419611381760
1337688194398216192
1337687090985918464
1337683641120550912
1337674158164090880
1337673466456240128
1337673173857349632
1337673051908022272
1337672867765477376
1337671548916936704
1337660189143691264
1337658832563134464
1337483123693596672
1337476917805670400
1337476849614675968
1337474113150062592
1337472120708853760
1337471256468348928
1337470287227531264
1337466128197705728
1337466030105485312
1337465604417130496
1337460354729861120
1337460210391261184
1337458301173436416
1337457625227780096
1337456405104746496
1337456216977649664
1337455034649485312
1337454651348836352
1337454385979400192
1337453488134115328
1337453231765659648
1337449595878711296
1337449420485513216
1337449254722428928
1337449176561569792
1337449103547130112
1337448897392893952
1337448169446252288
1337448102438035712
1337447925614579712
1337447855586414592
1337447768860844032
1337447710392246272
1337447455319859200
1337447190713798912
1337446975168503808
1337446858243907584
1337446766879322112
1337446467599032320
1337446373311057920
1337446214573416448
1337445976211156992
1337445947387899904
1337445776071528448
1337445736133373952
1337445585264275712
1337445434982359040
1337445286751428608
1337445144446947328
1337444780222111488
1337444658847375360
1337444576047616000
1337444536587595776
1337444432464015360
1337444177907421184
1337443908306018304
1337443834159099904
1337443635843969024
1337443454851428352
1337443276857683968
1337443156019847168
1337442266135359488
1337442130437038080
1337290808337248512
1337273984635826176
1337138062128779264
1337132812508475392
1337126110358867968
1337108310609305600
1337105506494771200
1337101108947410944
1337100483832537088
1337096036020580352
1337079007439937536
1337073288632262912
1337071539414577152
1337071464827252736
1337070570404532224
1337070131256700928
1337069683292377088
1337069375355031552
1337068352527863808
1337064225148178432
1337062799835602944
1337062454505902080
1337061100899196928
1337061055902724096
1337060968099090432
1337060675416449024
1337060399145947136
1337060300152058112
1337060155146575872
1337060113316765696
1337059931434967040
1337059719916163072
1337059484762583040
1337059249625690112
1337058810926682112
1337058681536606208
1337058628965109760
1337058030337347584
1337057864419045376
1337057487208517632
1337057008231600128
1337056864077492224
1337056489731731712
1337055042554257408
1337055001005481984
1337054803827023872
1337054721958432768
1337052776313085952
1337052297487114240
1337051857655648512
1337051781096943616
1337051663740362752
1337051525919764480
1337051311120986112
1337051225951514624
1337050880357621760
1337050829279334400
1337050769535668224
1337049623077261312
1337049362715828224
1336972479781285888
1336972171609059328
1336971861868113920
1336971749762740224
1336971158827233280
1336971047007039488
1336970446886072320
1336969793287708672
1336968548527255552
1336968281035575296
1336968143739248640
1336967771490562048
1336967637797117952
1336896318472642560
1336894589345607680
1336893997726527488
1336893811302264832
1336893733896392704
1336893585371918336
1336893117602127872
1336892834469777408
1336892437835489280
1336892407892369408
1336892278774902784
1336892187683016704
1336891171629621248
1336890963084644352
1336890882419814400
1336890823900848128
1336890659467386880
1336890452163878912
1336890374363766784
1336890297989681152
1336890203714301952
1336890124433551360
1336889833441161216
1336889735776772096
1336888989131927552
1336888914456489984
1336888747145781248
1336888419046318080
1336888192134418432
1336756335501848576
1336748510788657152
1336746570985902080
1336739906077532160
1336736458011533312
1336736053336666112
1336732833365299200
1336698645308203008
1336677606016634880
1336671717947822080
1336634260858548224
1336623172876201984
1336608465805045760
1336607555318124288
1336607171115692032
1336606953406140416
1336606144081457152
1336605162702594048
1336603607853113088
1336596123381850112
1336595771244810240
1336594682214756352
1336593678203318272
1336588943681318912
1336588167407866112
1336587091904520192
1336587021779918848
1336586758276980736
1336585571297341440
1336582689923723264
1336582281654378496
1336582128788758528
1336581915818733568
1336581765729832960
1336581697882697728
1336581447759621888
1336580729413787648
1336580662648840192
1336580611574804480
1336580503999229952
1336577827030921216
1336577766360276992
1336577706834718720
1336577658847686912
1336577594481840128
1336577366705967104
1336577296363360512
1336577226599501824
1336577121536405504
1336577044705124352
1336576750357188608
1336576571147251712
1336576488028696576
1336570587511197696
1336570493135179776
1336570334271725568
1336569969946005504
1336569804283637760
1336569676822941696
1336569422434197504
1336569356524941312
1336569255643451392
1336568846208151552
1336568605840969728
1336399977719934976
1336385647398039552
1336384280122028032
1336383019679145984
1336380303338835968
1336376915930836992
1336372633299013632
1336361861881745408
1336351413346185216
1336349828784263168
1336349561892327424
1336349308384407552
1336301965446438912
1336296137855275008
1336292596474388480
1336287316055298048
1336283165271486464
1336280927941627904
1336276500383985664
1336275057363070976
1336274136889516032
1336273723876384768
1336257865254887424
1336253409154961408
1336252962893606912
1336252424777060352
1336251777117790208
1336251634884743168
1336251584720801792
1336245966140305408
1336063153013202944
1335996412417413120
1335991011118604288
1335990771963531264
1335987846088372224
1335982643830255616
1335982234499751936
1335973449819443200
1335972003522764800
1335971923193450496
1335968400435240960
1335967688171155712
1335966639943192576
1335965989909958912
1335965563584196608
1335963072582856704
1335962595984105472
1335944098696540160
1335943028754747392
1335917831175753728
1335917568901713920
1335917377834393600
1335917163710963712
1335913065108398080
1335911798999048192
1335911028685737984
1335905882455109632
1335905708789915648
1335872412269818112
1335871190179713024
1335848565957070848
1335845817941364736
1335843890201497600
1335841676263370752
1335815412689285120
1335814618556604416
1335808362651537408
1335807941430157312
1335807608825974784
1335800263890886912
1335798900326871040
1335798399485042688
1335668206581768192
1335662032633344000
1335661147375038464
1335660093032067072
1335621474879738112
1335616477513265152
1335611392334901248
1335611050188746752
1335603130483011584
1335546555797999616
1335546094571450368
1335545113766981632
1335511886612271104
1335511515756171264
1335506479676329984
1335504829653905408
1335501043887710208
1335500347855564800
1335499842303516672
1335499399498240000
1335491597073571840
1335487882602172416
1335487569182781440
1335487373015199488
1335487176306462720
1335486987172802560
1335486049473191936
1335485962219106304
1335485893960929280
1335485585784414208
1335485475365265408
1335485366455988224
1335485309144993792
1335485028260786176
1335484651922739200
1335328407433973760
1335328235391954944
1335328070513909760
1335325979145891840
1335324600746565632
1335321935425757184
1335321820426350592
1335321698535694336
1335321211044245504
1335320564320378880
1335319848621117440
1335319619691819008
1335319443967237888
1335319046322069504
1335318863752388608
1335318168915611648
1335317995783155712
1335291399651155968
1335289316789145600
1335288972860420096
1335288456554156032
1335287210107613184
1335286951906320384
1335286507842785280
1335283421954838528
1335283380712304640
1335283082086199296
1335282502567604224
1335282005626548224
1335281424870625280
1335278553005481984
1335278076767449088
1335277037964189696
1335273200297631488
1335273027794243584
1335272177478864896
1335271087295377408
1335270217866481664
1335269156401405952
1335267749283684352
1335267291957694464
1335266397245542400
1335265742703513600
1335264828043083776
1335264359375900672
1335263772068487168
1335263585736519680
1335263179694366720
1335262379018432512
1335262198655021056
1335261763126910976
1335261319369527296
1335261270744965120
1335261085205729280
1335260952460201984
1335260525865865216
1335260391144890368
1335258209930670080
1335258174052556800
1335258129249005568
1335258084307046400
1335257927981133824
1335257927901450240
1335257541908045824
1335257492352356352
1335257442578558976
1335257338240962560
1335257304581754880
1335257255902588928
1335257228056682496
1335257191650091008
1335257153821691904
1335257127649243136
1335257082422063104
1335256833527869440
1335256808030658560
1335256703428927488
1335256658734436352
1335256619903545088
1335256529692463104
1335256466261856512
1335256417272532992
1335256340005085184
1335255940950601728
1335255759131652096
1335255710486159360
1335255654454468608
1335255569469480960
1335255491799359488
1335255385683456000
1335255305178017792
1335254986901639168
1335254253825363968
1335254123030188032
1335254037445406720
1335253941907562496
1335253916875968512
1335253847623786496
1335253816443367424
1335253796868534272
1335253765910310912
1335253687342665728
1335253648226529280
1335253613506154496
1335253584317919232
1335253560599130112
1335253497353281536
1335253471235366912
1335253444354068480
1335253383066816512
1335253287029911552
1335253210513157888
1335253177843724288
1335253106821623808
1335253082784096512
1335253050219433984
1335252994225532928
1335252962197852160
1335252919424344064
1335252877862965248
1335252832979726336
1335252752126144512
1335252642105266176
1335252607774970112
1335252569493557248
1335252496349007872
1335252450215915520
1335252362328465408
1335250266111749888
1335249363942187008
1335248028610027520
1335246380227506176
1335246039922700288
1335245150172426240
1335245026457231360
1335244358824709888
1335243892204179712
1335226956686766080
1335226564976537600
1335225480434376704
1335225385349492736
1335224803830140928
1335212203855777792
1335211883012493312
1335211337698463488
1335210655373201408
1335210513773555712
1335210141428412416
1335209645741400064
1335209433383776512
1335209260234498048
1335209148590514176
1335208947427500032
1335208866708148224
1335208805714497536
1335204006545788928
1335203844817620992
1335201456023097088
1335198026122620928
1335197440471916288
1335196551896064000
1335195445891624960
1335195388152778752
1335195106803130368
1335193610480922624
1335193341298925568
1335192237630746624
1335190588753317888
1335190213778415616
1335162762457190400
1335162186449219584
1335161543433080832
1335161011582750720
1335159291674849280
1335151974476549888
1335151301097873408
1335150773202792448
1335149992525393920
1335149648793759488
1335149127827591168
1335149015458045952
1335147936125227008
1335144089386438912
1335122581423329280
1335122506110398464
1335122387558412288
1335122323339415552
1335122232151052288
1335122044237852672
1335121971076608000
1335121895688196096
1335121842621861888
1335121700384616448
1335121664405803008
1335121594209988608
1335121505039036416
1335121466585706496
1335121112099926016
1335120686495518720
1335120585093951488
1335120421621018624
1335119186000044032
1335118876691099648
1335118723376689152
1335118593030299648
1335118450612703232
1335117499571048448
1335116003655757824
1334960098335203328
1334958823476518912
1334958088261132288
1334952467218505728
1334949312875425792
1334948623742889984
1334948576871534592
1334948518604234752
1334948447288500224
1334948068706357248
1334948004667809792
1334947946106859520
1334947887978082304
1334947270022860800
1334947020092608512
1334946883631001600
1334946399025324032
1334946360148242432
1334946090148368384
1334946057382469632
1334946011400318976
1334945830386675712
1334945689017733120
1334945639587786752
1334941037253570560
1334940730456936448
1334940522058813440
1334940375878873088
1334939740412534784
1334934836537077760
1334934425935732736
1334933477565804288
1334933415611813888
1334930154909540352
1334929977020735488
1334929179134091264
1334928807422291968
1334928402990698496
1334927849439059968
1334926041316544512
1334922955378319360
1334922644605562880
1334922128232214528
1334921994756894720
1334921600693571584
1334921307616636928
1334919403612286976
1334917736074501888
1334917327318609920
1334914408385044480
1334913627887951872
1334910693636714496
1334892541213372416
1334891632601206784
1334883205929967616
1334883043539099648
1334882891428458496
1334882681822253056
1334882483582722048
1334882293559779328
1334882231303757824
1334881483845230592
1334881359718985728
1334881217792122880
1334881068579688448
1334880964821082112
1334880828388761600
1334880661933596672
1334736844697853952
1334736361153318912
1334736318463664128
1334736183591645184
1334736150360170496
1334735962224603136
1334735939709628416
1334735333083258880
1334735168020619264
1334734954262097920
1334734892979138560
1334734292036050944
1334734207353020416
1334733723951050752
1334597545193066496
1334592394411585536
1334590870989967360
1334589507090395136
1334588104599015424
1334585494617853952
1334585082145804288
1334585018346303488
1334576896592539648
1334575822246715392
1334575385783234560
1334571780963508224
1334571643100860416
1334571599249477632
1334571100475432960
1334571030984134912
1334570975749431296
1334570942249504768
1334570804214894592
1334570683259637760
1334570644491603968
1334551997551423488
1334550351261929472
1334549546534383616
1334549246763216896
1334549151988772864
1334547659407888384
1334544964617986048
1334544841183727616
1334544677257826304
1334544374680707072
1334536395692576768
1334536318035107840
1334536063633793024
1334536034852466688
1334535923577614336
1334535783735324672
1334535454251749376
1334535394482941952
1334535011035455488
1334533946542002176
1334533885363970048
1334533785711423488
1334533454785114112
1334533022159433728
1334532777472106496
1334532429021929472
1334531605101240320
1334529808341082112
1334529701101121536
1334529240855961600
1334527880668336128
1334521314330218496
1334518014126026752
1334517900632322048
1334517789210644480
1334485758078562304
1334485684900532224
1334484022064533504
1334481928754442240
1334481614609526784
1334481502986522624
1334481225629757440
1334480962604949504
1334480399830052864
1334479616933842944
1334479378328203264
1334479066364317696
1334478408512888832
1334478260302966784
1334478174802075648
1334477984686804992
1334477792172519424
1334477744470700032
1334477590828961792
1334477295503945728
1334477177958625280
1334476709060616192
1334476346144206848
1334476209821016064
1334475230572670976
1334474401127993088
1334474229857783808
1334474180423782400
1334414815100538880
1334414777754525696
1334414698503081984
1334414662767685632
1334414614843551488
1334414506940919808
1334414415559614464
1334414366842757120
1334414176895242240
1334414059660320768
1334413877786931200
1334413777102626816
1334413636895444992
1334413600111390720
1334413566653378560
1334413512098058240
1334413054554025984
1334412967857754112
1334412804208664576
1334412669420507136
1334412598612283392
1334412464218402816
1334412320844488704
1334412262845669376
1334412190334521088
1334412044586655488
1334411814122245888
1334407562704392192
1334407502461612032
1334407179898675200
1334407135061561088
1334407086856433664
1334407025753812992
1334406911677128704
1334406370750320640
1334406067535671296
1334227749398073088
1334227595647447040
1334223003626975232
1334221530327355392
1334220999559098368
1334218529877463040
1334218438911414272
1334211767250145280
1334211688762126336
1334211604775391232
1334209986537385984
1334209490502160384
1334206876586823680
1334205524284411904
1334204778197491712
1334204226197663488
1334203948522237952
1334202363238903808
1334193312690020352
1334191971875909632
1334191397096796160
1334190944439201792
1334190566981185536
1334190459997007872
1334189865978777600
1334189723569549312
1334189560427896832
1334189324888387584
1334189291409469440
1334188721311264768
1334188657159364608
1334188593062031360
1334188505073848320
1334188480218468352
1334188446190080000
1334188396009369600
1334188349804908288
1334188163221377024
1334188027451731968
1334187801097740288
1334187660248817664
1334187534843260928
1334186889243480064
1334138521624473600
1334138255630085888
1334137553373564928
1334137322674286592
1334125272250068992
1334125225852723200
1334122995049254912
1334122901218471936
1334122854988832768
1334122587593564160
1334122379069566976
1334122285574262784
1334122173569576960
1334122109900124160
1334122042434654208
1334080103593152512
1334079627971727360
1334079516260638720
1334079415819644928
1334079306272813056
1334079153751138304
1334079100009459712
1334078820610138112
1334078692155383808
1334078092374126592
1334078039488147712
1334077296379047936
1334077185938874368
1334077033433980928
1334048136973660160
1334036051925544960
1334035846673076224
1334034287272800512
1333886657649586176
1333874208171057152
1333869360377638912
1333868258194296832
1333861665830473728
1333861530480357376
1333861436460818432
1333861322723893248
1333861174966935552
1333860206388924416
1333860029515108352
1333859177400311808
1333858765054074880
1333858266602999808
1333857291255287808
1333857173949059072
1333854233985159168
1333853714466164736
1333852045162524672
1333850699176828928
1333850593174097920
1333850404342419712
1333850277057851392
1333850101480116224
1333849992411439104
1333849862157307904
1333849816468758528
1333849724894531584
1333849563506073600
1333849272891150336
1333847756595720192
1333847536931573760
1333832413575864320
1333832313340383232
1333832268444557312
1333832219849330688
1333832116560334848
1333826399501754368
1333825041717469184
1333823687146037248
1333822389243817984
1333821724656332800
1333821238767218688
1333821157330591488
1333820977285893888
1333819936154808320
1333819626371903488
1333819564271001600
1333819347882700800
1333819030940028928
1333818971288645632
1333818925658894336
1333818822155972608
1333818766225002496
1333818645051531264
1333818594325573632
1333818364494536704
1333818327727288320
1333818261830512640
1333818152640188416
1333818118007877632
1333818045849067520
1333817991402844160
1333817895680348160
1333817716487098368
1333797803735191552
1333795644998225920
1333789242099519488
1333788636496547840
1333788426160594944
1333787955735920640
1333787393342668800
1333786489004584960
1333785487631212288
1333785100052434944
1333784552574132224
1333771555160125440
1333764640837423104
1333764498822467584
1333764149701185536
1333763582794805248
1333761319623856128
1333760829188173824
1333760650925977600
1333760504276324352
1333759302469869568
1333744824206450688
1333744291433373696
1333743082781741056
1333742428306673664
1333741222666657792
1333740926360047616
1333739366573858816
1333739045940244480
1333738686987595776
1333738451284398080
1333735381070712832
1333724868504936448
1333724155313876992
1333723021832572928
1333722183454126080
1333717931704918016
1333710816391147520
1333710601286283264
1333709862073667584
1333709572452851712
1333709523887005696
1333709415216713728
1333708964941410304
1333708582043455488
1333700076733075712
1333696246670880768
1333695508670533632
1333694617661927424
1333692394945073152
1333691589722566912
1333690361521246208
1333685576407650304
1333683779848859648
1333681866562555904
1333668074344624128
1333667989342838784
1333667386621353984
1333666230352424960
1333665900675919872
1333665386986942464
1333664896517599232
1333664632616197888
1333664479679229952
1333664418211770368
1333664354386972672
1333664303946362880
1333663846544904192
1333663676151238912
1333663619578474496
1333663412937699328
1333662992878235648
1333662670277517312
1333662283625619712
1333662045317836800
1333661690425126912
1333661476045815808
1333661407540293632
1333661362489339904
1333500164896673792
1333499674741907712
1333498397366628352
1333495306361729024
1333494212340420608
1333492840186437632
1333492803926708224
1333492704588783616
1333492657751007232
1333492550389411840
1333491747926781952
1333491608537468928
1333490288107675648
1333490238501564416
1333490198546706432
1333490030510288896
1333489967235035136
1333489914189582336
1333489877690757120
1333489744890662912
1333489577814847488
1333489370062524416
1333489248134172672
1333489131016564736
1333489055116496896
1333488657613926400
1333478760407031808
1333478608845885440
1333477396767498240
1333477318422110208
1333477247714463488
1333476903399927808
1333476601451999232
1333438837687783424
1333437888193843200
1333401829045112832
1333397204862693376
1333396762317434880
1333396373627133952
1333395616962138112
1333393071178919936
1333390807223644160
1333365562613837824
1333363458889424896
1333362504769167360
1333361627756965888
1333361190240727040
1333360881615376384
1333359842833157888
1333359245576769536
1333359085698298112
1333358838637015040
1333358526023016448
1333356704092872704
1333356674300645376
1333356644466614272
1333356553269862400
1333356422059487232
1333356361648901888
1333356222372859904
1333356167427395584
1333355894407565312
1333354741582229504
1333354382763708416
1333354118308630528
1333353983981858816
1333353932081537024
1333353900452229120
1333353864343539712
1333353680817500160
1333353497346052096
1333353283432423424
1333353163848634368
1333163836069863424
1333163028213342208
1333162881244831488
1333162702550740992
1333161033305907200
1333160884781330432
1333141168285249536
1333140701727633408
1333139913441677312
1333139660214775808
1333139592195825664
1333138978967609088
1333137520209629184
1333137407735107584
1333137355109175296
1333137248552947712
1333136934416343040
1333136880666349568
1333136825767129088
1333136699271024640
1333136597001310208
1333136136772968448
1333136079512285184
1333136041029537792
1333136001213083648
1333135966131859712
1333135805989130240
1333134929673252864
1333134785523363840
1333134738467549184
1333134680435142912
1333134488164065280
1333110097942368512
1333066719657684992
1333061433362419712
1333061373010579712
1333056363279364096
1333054455739244288
1333054191162560512
1333053819199119360
1333053097053184000
1333052238101684224
1333051805668929536
1333051579797295104
1333040086032781312
1333037064825147392
1333034448019972096
1333031662809133056
1333031432596434944
1333031261032632320
1333030918232084480
1333030550756613888
1333030102410682368
1333029985645420288
1333029860336410624
1333028430066159616
1333027314855239680
1333005774122082304
1333004264747245568
1333004193393750016
1333003516395331584
1333003440612646912
1333003309150515200
1333003174957953024
1333003071962685440
1333002852269174784
1333002252739616768
1333002153334611968
1333001956026150912
1333001856625373184
1333001085796147200
1332999261693358080
1332998725166358528
1332997269646417920
1332987997567016960
1332987735976632320
1332986409783865088
1332980144487731200
1332979534635937792
1332979352515043328
1332978959101923328
1332972785719775232
1332971288743317504
1332971086171025408
1332970956931870720
1332970680720252928
1332970034738638848
1332969678847815680
1332967850076745728
1332967697332776960
1332967081449562112
1332966991125225472
1332966129409593088
1332966074028003328
1332965033924567040
1332964889921466368
1332964846443388928
1332964083524636672
1332964054919507968
1332961363321352192
1332960388758040576
1332960230959943680
1332960116820340736
1332959999623094272
1332959107138138112
1332958870109638912
1332958713011986432
1332958452470190080
1332957521255002112
1332957343068413952
1332957254870560768
1332957210897477632
1332956661447790592
1332956599892185088
1332955677065613312
1332936155193597952
1332935141992304640
1332740384896790528
1332740157951406080
1332740008780980224
1332738556306067712
1332737668388704512
1332735215622623232
1332734566063354112
1332733743610662912
1332716015508205568
1332715477731336192
1332715236420448512
1332713781764501504
1332712917691666432
1332712715048120320
1332711408765710336
1332710668760477696
1332710439445286912
1332710408407437312
1332710304870961152
1332710191595479040
1332710144036237312
1332709918596587520
1332709752531537920
1332709170227851264
1332709125415899136
1332709088787124224
1332709058055458816
1332708879550066688
1332708705725452288
1332708588280815616
1332708556265689088
1332708483100254208
1332708253604655104
1332708202765541376
1332707779379945472
1332707509346447360
1332686048611201024
1332685789025677312
1332685650387234816
1332683692473536512
1332683510029709312
1332682355513946112
1332681708848680960
1332681563109273600
1332636249916628992
1332626463057719296
1332626335240491008
1332626020718043136
1332625165658824704
1332623659954016512
1332620536459964416
1332611327324467200
1332611255287296000
1332611096335835136
1332610987464273920
1332610863832977408
1332610775010127872
1332610035797659648
1332609934370934784
1332609355720650752
1332608506256625664
1332608194586304512
1332608018052239360
1332606131970170880
1332605992429907968
1332605472294248448
1332605095167586304
1332604300095328512
1332603958624399360
1332593315624197888
1332592125582700288
1332590186300116992
1332590113700843520
1332590045866438912
1332589738235138048
1332589669746348032
1332589602096492288
1332589342829785088
1332588795502456832
1332587671861022720
1332584567111372800
1332445654099124224
1332444155218436096
1332440862366855168
1332437550254972928
1332437318867759104
1332436693656481792
1332435946646761472
1332435769735122944
1332435738504404992
1332435685655990272
1332435220281372672
1332435152484642816
1332435070297235712
1332434965418618880
1332434876419756032
1332434829955264512
1332434793821331712
1332434761286111232
1332434732097957888
1332434538908291072
1332434453789102080
1332434391973437440
1332434287346544640
1332434188629381120
1332434121067520000
1332434009440329728
1332433574654599168
1332433497605206016
1332433308907671552
1332432872012181504
1332432377675714560
1332432267684290560
1332430663182643200
1332430349138341888
1332430295115702272
1332430147723669504
1332430000440700928
1332429890210074624
1332429756621524992
1332429716419174400
1332429595774251008
1332427869021233152
1332348036438167552
1332346525981282304
1332330979336327168
1332330109873872896
1332329309994962944
1332329232974876672
1332328946034233088
1332327740608016384
1332327117162475520
1332326931191144448
1332326411613445888
1332316533113171968
1332315728893136896
1332315536517189632
1332315071960244224
1332314746670997504
1332314718883745792
1332314541917679616
1332314404730380288
1332314344365977600
1332314287625428992
1332314226757611520
1332313616910069760
1332313451641925632
1332313312168734720
1332313216643379200
1332313162767589376
1332313106920452096
1332312831295971328
1332312750245244928
1332311349515460608
1332311057969402112
1332310942705709056
1332293723015827712
1332292646912618496
1332292085035233280
1332291628355162112
1332291440966332416
1332291110929133568
1332290967328722944
1332274301416902912
1332270409186742272
1332242539592765440
1332241818055008512
1332241740871372800
1332241041324445696
1332232010803400704
1332231953576304640
1332231790635966464
1332231751012376576
1332225290089746432
1332225083134382080
1332225008014389248
1332224485135683584
1332224270362140672
1332224208148033536
1332224074760785920
1332224031144161280
1332223732056731648
1332222183255511040
1332221920989896704
1332221848168390912
1332221253151645696
1332221127473704960
1332218224860143616
1332067693076361216
1332067234383081472
1332053701180215296
1332053001905823488
1332052595016396800
1332051628766224384
1332050018551934976
1332049865342390272
1332044859113414912
1332044278881726464
1332043234483331072
1332043089523990528
1332031618089967616
1332029809728385024
1332025525511008512
1332025449199902720
1332023918480207872
1332023757624528896
1332023635423453184
1332022720331206912
1332021403437191168
1332021155868389376
1332020757287874560
1332020633442660352
1332020368840777728
1332020026916933632
1332019596157722624
1332019102798536704
1332019040357855232
1332019001606742016
1332017781353668608
1332017639330377728
1332004440858124288
1332004319684648960
1332004268736442368
1332003678908272640
1331996842893172736
1331996489573392384
1331995890261876736
1331995690143244288
1331995551584358400
1331965405481619712
1331964743179964416
1331964620920283136
1331964095298408448
1331963472482021376
1331961647678820352
1331961359148441600
1331960962547671040
1331960915026173952
1331960874144325632
1331960787745845248
1331960697312382976
1331960477056966912
1331959942115434496
1331959507841413120
1331959135215214592
1331958905556045824
1331958713972895488
1331957868728348672
1331957698473185280
1331922621886328832
1331922079961280512
1331921319936581632
1331920247201419264
1331920181854162944
1331919922423881728
1331919828983144448
1331919757289852928
1331919611604971520
1331919268947120128
1331875038467928064
1331874199682609152
1331866598769090560
1331864031959846912
1331863756461191168
1331863412503162880
1331863327618772992
1331863120621555712
1331862974592655360
1331848409452601088
1331693099479949312
1331693013119213568
1331692741554790400
1331692643223474176
1331692609732022272
1331692516383412224
1331692476105625600
1331692336586354688
1331692240675147776
1331691824549924864
1331691309753638912
1331691222491144192
1331691124302475264
1331691036167593984
1331691004232134912
1331690959051124736
1331690825311531008
1331690720231612416
1331690664854249472
1331690064179580928
1331689872948596736
1331686593208475648
1331685594615980032
1331685457747472384
1331589792245706752
1331589632073592832
1331589543653466112
1331577097794543616
1331575939034132480
1331575623769333760
1331575429392687104
1331575378176040960
1331574422759674112
1331573797871374336
1331573744347860992
1331573550113808384
1331573011460337664
1331572894313410560
1331572831151398912
1331570390620057600
1331569647704043520
1331569056961458176
1331568733790363648
1345624683249598464
1345523867587141632
1345523667552374784
1345267333716176896
1345265492928430080
1345105331727306752
1345080940545118208
1345009765190148096
1344983984388845568
1344755111353061376
1344750122777899008
1344697260035215360
1344687123060961280
1344687010724904960
1344686487900721152
1344685508287483904
1344685170671165440
1344640939453775872
1344640569646194688
1344640368915177472
1344541705287163904
1344269947166486528
1344175109439950848
1343939287105101824
1343936670941523968
1343682191763648512
1343681919997906944
1343674157121339392
1343309664600158208
1342922255270076416
1342915331900239872
1342892617625972736
1342858821325234176
1342837611946274816
1342837488684060672
1342835816494718976
1342767933148246016
1342765360538378240
1342623017445306368
1342622608299323392
1342426048152088576
1342109284671352832
1342096665273106432
1342002681779343360
1341770727851212800
1341686267579404288
1341681125626929152
1341474583338205184
1341455616494231552
1341455362201952512
1341319148824047616
1341275652327129088
1341273596937814016
1340976708510490624
1340971107663405056
1340909718659842048
1340780755962703872
1340779480000950272
1340696018720067584
1340647025986170880
1340646194394087424
1340301794203881472
1340283864409894912
1340280657029853184
1340196191032754176
1340050731873808384
1340049082543464448
1340037791217045504
1340034377615589376
1340013871222956032
1339994906442559488
1339988211620327424
1339688762188705792
1339620697191173888
1339568329347002368
1339547885189410816
1339544875734327296
1339529034187890688
1339463826857746432
1339216114161770496
1339212530997190912
1339196678298071040
1339162992261419008
1339151834297082112
1339100115227832320
1338882666976997376
1338870614770249728
1338738207404531712
1338735204828131328
1338559521564848128
1338521364144283648
1338243634861383680
1338240700652072960
1338138205351194624
1338137503522500608
1338135899557814272
1338012189739921408
1338011751548407808
1337795630056550400
1337751787806355712
1337481018522161152
1337467638851784704
1337408937776308224
1337403894272585728
1337355390837796864
1337347729031303168
1337290792906481664
1337287286661242880
1337132042929262592
1337017772027613184
1336982076088840192
1336979548148297728
1336979356078444288
1336978116233801728
1336970949816684288
1336924789211017216
1336692723022172160
1336682775211085824
1336681989878013952
1336667956298838016
1336568661822345216
1336568060078125056
1336562696796377088
1336420789244076032
1336420489682702336
1336398827063009280
1336385044508717056
1336247661897322496
1336244948388229120
1335927505937698816
1335839365671641088
1335649618147721216
1335549884519378944
1335474697526411264
1335315122185711616
1335290413670920192
1335267006812184576
1335263449895624704
1335259259324551168
1334880847175049216
1334857397102391296
1334804286719594496
1334804120402882560
1334803855566049280
1334803470025678848
1334748627152105472
1334497613614341888
1334443626114539520
1334443274883518464
1334261694030368768
1334261509313204224
1334130795418689536
1334030551313903616
1334030104926752768
1334029149934129152
1334027897842110464
1334027459826765824
1333857578242215936
1333856925994405888
1333718609999368192
1333717013768921088
1333716337038938112
1333663120125009920
1333498610084945920
1333490105223405568
1333487580252397568
1333486614887231488
1333428492961247232
1333427605702369280
1333364749971693568
1333355505755021312
1333306054243979264
1333123947206995968
1333123756659789824
1333041198123147264
1333018219423133696
1332814337178734592
1332730451686019072
1332726796660379648
1332726330748755968
1332716618091269888
1332707612748558336
1332665866102714368
1332406102416379904
1332344976521506816
1332331498654093312
1332267848526401536
1332267124803428352
1332263711000715264
1332220698811637760
1332067564063756288
1331846475593248768
1331619066042343424
1331574384029540352
1331554233557147648
1331550083389812736
1331549866133221376
1331549443590680576
1331547416953294848
1331356925422931968
1331321376175763712
1331313224080371712
1331244075455025152
1331232841036935168
1331186308744613888
1331183243694137088
1331182780793884672
1331181285541339136
1330836622745739264
1330835840692588288
1330619921210945536
1330597400755441664
1330593952886644736
1330573597870608384
1330237097769308160
1330181215182270464
1330097148986322944
1330094892199112704
1330045112869642240
1329883784439881728
1329877466165498112
1329187028903321600
1329158698070106112
1329157900267360512
1329078044154232832
1329061966653104128
1329061635055562752
1329061340854554624
1329022504346791936
1328734657475727360
1328701963735797760
1328683443337703424
1328679987050901504
1328590145122168832
1328429608883073024
1328360118480728064
1328356741277511680
1328354970190696448
1328354619412668416
1328100667077038080
1328100043308589056
1328099234533560320
1328054265399697408
1328050864481857536
1328006450304704512
1328001597209763840
1327957543977627648
1327955713424023552
1327949729888690176
1327641607609475072
1327590567212167168
1327354706977406976
1327318622981812224
1327287845950722048
1327196266703548416
1327145703605498112
1327143102751125504
1326951792765235200
1326944994779951104
1326864530765451264
1326859212476059648
1326629991543676928
1326511910683021312
1326488466151116800
1326467888379785216
1326465199268827136
1326464665879269376
1326464224709799936
1326459162121875712
1326161151437266944
1326062677010116608
1325920824881254400
1325919809113108480
1325907461543522304
1325896279076069376
1325809511949611008
1325805494846578688
1325776796403568640
1325766193077215232
1325765340660445184
1325696991570112512
1325658145922887680
1325570152835010560
1325563971466883072
1325546596822622208
1325533630307954688
1325525886876135424
1325523886449037312
1325505278515810304
1325502069491593216
1325162043004030976
1325161644729622528
1325114407043686400
1325100169663221760
1325061896425385984
1324835338712473600
1324835252263653376
1323880523849236480
1323880256676265984
1323625186369937408
1323622735214481408
1323575693691756288
1323568437256425472
1323565613978128384
1323563894464487424
1323563390875406336
1323557485706444800
1323340395644899328
1323339378253533184
1323271590419832832
1323160232055418880
1323159968091090944
1323026177469128704
1323025832126939136
1323025712119427072
1323025439191957504
1323006924422582272
1323004882517921792
1323000978715611136
1322961514647740416
1322895558982455296
1322894256814567424
1322889003033600000
1322888331911405568
1322886342066450432
1322659241908490240
1322652885079990272
1322652350998302720
1322649415467892736
1322647725058498560
1322635324607090688
1322618079340351488
1322617295798181888
1322539098809212928
1322538995402854400
1322268549688287232
1322266169391403008
1322250909271937024
1322203147406843904
1322202877583118336
1322193783367311360
1322193351773401088
1322179368693760000
1322175693799755776
1322158156835946496
1322069507595247616
1321903855844675584
1321902830375022592
1321900303915065088
1321899952675631104
1321758056586379264
1321580159829450752
1321574583665938432
1321514056075923712
1321504787062575104
1321476304059990016
1321459275001188352
1321418380734287872
1321191589746802688
1321190192406028288
1321172600782004224
1321150167169536000
1321136696348626944
1321136229279150080
1321033895408771072
1321033297829502976
1321033157513224192
1320846302566096896
1320838751497707520
1320837606385590272
1320837590363373568
1320836509348613888
1320818513725038592
1320813578799243264
1320811638346436608
1320810781462700032
1320810419729113088
1320741645751619584
1320740607485202432
1320739914187743232
1320739601980526592
1320738861404823552
1320738248751271936
1320707448219619328
1320685092361175040
1320684371767103488
1320683592947818496
1320479275066208512
1320401510581391360
1320363159727804416
1320362092319416320
1320358274575880192
1320355789664550912
1320121524330913792
1320102509801840640
1319969259854925824
1319754848498307072
1319753240024580096
1319751414881673216
1319747658077134848
1319706708109918208
1319697023587786752
1319543426753454080
1319330351605555200
1319256722721165312
1319161238841077760
1319038996979306496
1318903924259258368
1318901987497431040
1318634422711783424
1318622965374791680
1318426784430542848
1318298524279242752
1318298244246626304
1318275421767651328
1318264290181324800
1318159081392099328
1318142412947152896
1318140426046550016
1317928851406802944
1317928819710435328
1317903439280721920
1317901734635819008
1317898081153830912
1317843024723005440
1317821176945803264
1317500489957822464
1317500205097431040
1317498667499225088
1317496793907814400
1317493504852054016
1317486961981034496
1317474950710788096
1317444717920092160
1317430259311136768
1317425622965194752
1317425464990961664
1317407972004450304
1317407306934530048
1317184412086341632
1317182706405572608
1317182489924960512
1317176505479331840
1317172771240239104
1317165023643504640
1317041921609617408
1317041605950476288
1317036762867339264
1316985485554814976
1316672150414282752
1316669931329671168
1316627970702934016
1316305504487051264
1316259021029027840
1316257269894479872
1316253545595768832
1316246638139183104
1316246550075580416
1316097246006575104
1316096104811945984
1316095626342473728
1316095236419051520
1315998171076734976
1315984742475608064
1315954843832528896
1315951576390012928
1315764796982165504
1315756676138573824
1315714509969948672
1315708735730450432
1315705697338880000
1315704680752783360
1315701934410600448
1315648828792614912
1315631529943597056
1315618159001563136
1315607067340800000
1315600707551211520
1315597518768664576
1315579763348701184
1315495492307111936
1315403517474021376
1315364563156709376
1315364264526438400
1315354911262093312
1315354898926534912
1315354526749257728
1315354158099300352
1315352101153910784
1315306797238976512
1315301159872212992
1315297035524943872
1315257902333075712
1315012210675142912
1315003636704047104
1314994317161828352
1314994152447320064
1314951272768974848
1314938189593935872
1314936074943242240
1314898959991701504
1314898629426114560
1314817165686603776
1314683734399029248
1314646993051029504
1314646421317079040
1314645903119187968
1314645464474624000
1314644303013183488
1314612600127328512
1314503048501358592
1314298629948047360
1314294555768958976
1314292101572591616
1314291870764273664
1314280735893843968
1314271995224354816
1314201502240526336
1314171244267417600
1313968965039935488
1313915405409357824
1313912820040376320
1313795958577262592
1313602907917496320
1313572266404446208
1313571325387079680
1313532101761871872
1313531690841710592
1313229369188507648
1313191292084662272
1313189883759001600
1312847527520149504
1312811630670090240
1312810247275401216
1312762208644935680
1312752224439857152
1312752196094697472
1312735913252880384
1312733707829235712
1312733551222284288
1312716655626260480
1312712573230501888
1312500608243441664
1312484081246990336
1312482830874628096
1312415609708257280
1312415180047998976
1312414749272027136
1312344358239301632
1312344313188188160
1312128752730558464
1312126974018478080
1312085033650466816
1312054999304810496
1311960307275829248
1311959331802411008
1311959113237225472
1311926113300557824
1311922389396213760
1311786813162430464
1311786744363266048
1311764893062881280
1311742678657306624
1311740639994957824
1311639319334006784
1311638976403513088
1311546932410683392
1311546780060971008
1311400381684084736
1311399318658703360
1311383412876472320
1311188032024981504
1311013561074941952
1311013259974148096
1311012892486103040
1310956192500514816
1310955809220759552
1310941125696421888
1310940492536909824
1310939439221346304
1310928126260772864
1310928013471735808
1310927288238735360
1310575486741995520
1310521748522176512
1310516562345025536
1310514340953546752
1310480384052940800
1310479810481790976
1310236370351292416
1310236199827759104
1310225471179837440
1310221941178068992
1310219286900867072
1310213490389516288
1310203656936062976
1310202753503895552
1309816989364506624
1309528175395901440
1309527577191763968
1309414148325998592
1309378265858166784
1309375302326522112
1309254111372730368
1308838435264880640
1308838279018614784
1308809110058602496
1308750350686527488
1308702040500076288
1308653297889349632
1308427918054481920
1308409223131397888
1308406816049631232
1308405744996319232
1308403302363783168
1308398745055358976
1308345990055899136
1308154045882863616
1308153718773346304
1308066951466561536
1308050325706878976
1307917362465775616
1307788523299274752
1307650736088547328
1307644541252534272
1307361879791210496
1307278387698970624
1307021650496499712
1307021101701255168
1307020158305808384
1306998791665483776
1306889783369756672
1306838428265447424
1306672727630151680
1306664963851849728
1306662536209739776
1306662089029832704
1306587137115004928
1306556433471877120
1306540092488667136
1306342874850693120
1306303225906290688
1306301614765101056
1306230467490910208
1306191251268685824
1306112961463885824
1305960607498338304
1305952480656863232
1305801637370507264
1305621515841531904
1305600749032878080
1305429089159909376
1305207597583208448
1304880197406199808
1304867230421864448
1304793974826299392
1304793896363470848
1304516721412370432
1304504303927914496
1304503537133649920
